# agn/seyfert1  |  Francis et al. 1991, ApJ 373, 465 (qso composite) + spextra AGN set
# columns: wavelength_Angstrom  flam_erg_s_cm2_A (absolute scale arbitrary - ETC renormalizes)
  1132.000  4.99191e-13
  1134.000  3.77515e-13
  1136.000  3.06533e-13
  1138.000  2.76691e-13
  1140.000  2.38575e-13
  1142.000  1.32998e-13
  1144.000  3.23993e-14
  1146.000  1.05444e-13
  1148.000  1.94993e-13
  1150.000  1.72954e-13
  1152.000  1.38292e-13
  1154.000  1.49604e-13
  1156.000  1.16567e-13
  1158.000  1.34642e-13
  1160.000  1.63452e-13
  1162.000  2.39678e-13
  1164.000  2.29402e-13
  1166.000  2.26011e-13
  1168.000  2.37520e-13
  1170.000  2.49008e-13
  1172.000  2.69346e-13
  1174.000  3.24039e-13
  1176.000  3.74428e-13
  1178.000  3.92118e-13
  1180.000  4.52832e-13
  1182.000  6.80436e-13
  1184.000  1.16796e-12
  1186.000  1.91108e-12
  1188.000  2.45620e-12
  1190.000  2.47208e-12
  1192.000  2.28817e-12
  1194.000  1.88936e-12
  1196.000  1.28509e-12
  1198.000  8.40884e-13
  1200.000  6.92798e-13
  1202.000  7.11148e-13
  1204.000  8.23915e-13
  1206.000  8.87776e-13
  1208.000  1.08673e-12
  1210.000  1.59257e-12
  1212.000  1.78674e-12
  1214.000  1.51833e-12
  1216.000  1.09977e-12
  1218.000  8.09197e-13
  1220.000  6.86914e-13
  1222.000  5.86230e-13
  1224.000  4.84953e-13
  1226.000  3.94886e-13
  1228.000  3.52222e-13
  1230.000  3.12447e-13
  1232.000  2.64230e-13
  1234.000  3.03550e-13
  1236.000  3.34614e-13
  1238.000  3.19173e-13
  1240.000  3.28750e-13
  1242.000  3.10353e-13
  1244.000  2.58264e-13
  1246.000  2.34192e-13
  1248.000  2.28191e-13
  1250.000  2.26658e-13
  1252.000  2.27000e-13
  1254.000  2.44340e-13
  1256.000  2.29924e-13
  1258.000  1.88917e-13
  1260.000  1.81520e-13
  1262.000  2.00028e-13
  1264.000  1.81664e-13
  1266.000  1.78680e-13
  1268.000  1.73897e-13
  1270.000  2.17235e-13
  1272.000  1.70753e-13
  1274.000  1.41187e-13
  1276.000  1.33189e-13
  1278.000  1.19608e-13
  1280.000  1.21555e-13
  1282.000  1.49364e-13
  1284.000  1.45973e-13
  1286.000  1.50673e-13
  1288.000  1.62772e-13
  1290.000  1.65130e-13
  1292.000  1.62490e-13
  1294.000  1.46620e-13
  1296.000  1.67601e-13
  1298.000  1.74643e-13
  1300.000  1.68412e-13
  1302.000  1.46824e-13
  1304.000  1.49660e-13
  1306.000  1.58347e-13
  1308.000  1.48548e-13
  1310.000  1.44952e-13
  1312.000  1.32051e-13
  1314.000  1.32725e-13
  1316.000  1.35801e-13
  1318.000  1.34260e-13
  1320.000  1.29322e-13
  1322.000  1.31256e-13
  1324.000  1.44820e-13
  1326.000  1.64686e-13
  1328.000  1.41183e-13
  1330.000  1.21254e-13
  1332.000  1.31265e-13
  1334.000  1.52180e-13
  1336.000  1.50130e-13
  1338.000  1.41266e-13
  1340.000  1.39394e-13
  1342.000  1.23401e-13
  1344.000  1.28743e-13
  1346.000  1.07173e-13
  1348.000  1.11490e-13
  1350.000  1.25503e-13
  1352.000  1.10028e-13
  1354.000  1.02532e-13
  1356.000  1.14473e-13
  1358.000  1.04333e-13
  1360.000  1.42990e-13
  1362.000  1.25708e-13
  1364.000  1.24061e-13
  1366.000  1.38639e-13
  1368.000  1.34477e-13
  1370.000  1.49984e-13
  1372.000  1.40988e-13
  1374.000  1.10191e-13
  1376.000  1.51912e-13
  1378.000  1.45572e-13
  1380.000  1.29258e-13
  1382.000  1.44607e-13
  1384.000  1.59321e-13
  1386.000  1.49726e-13
  1388.000  1.65122e-13
  1390.000  1.42242e-13
  1392.000  1.66200e-13
  1394.000  1.82230e-13
  1396.000  1.77191e-13
  1398.000  1.53528e-13
  1400.000  1.72635e-13
  1402.000  1.83932e-13
  1404.000  1.61597e-13
  1406.000  1.42985e-13
  1408.000  1.75329e-13
  1410.000  2.07156e-13
  1412.000  1.59634e-13
  1414.000  1.24995e-13
  1416.000  1.40870e-13
  1418.000  1.26631e-13
  1420.000  1.27448e-13
  1422.000  1.02108e-13
  1424.000  8.64972e-14
  1426.000  9.69753e-14
  1428.000  9.10484e-14
  1430.000  1.14550e-13
  1432.000  9.99719e-14
  1434.000  1.20372e-13
  1436.000  1.33248e-13
  1438.000  1.16952e-13
  1440.000  1.36057e-13
  1442.000  1.43902e-13
  1444.000  1.29363e-13
  1446.000  1.14987e-13
  1448.000  1.03505e-13
  1450.000  1.00230e-13
  1452.000  1.23755e-13
  1454.000  1.25813e-13
  1456.000  1.31092e-13
  1458.000  1.05128e-13
  1460.000  1.35117e-13
  1462.000  1.37126e-13
  1464.000  1.30927e-13
  1466.000  1.14468e-13
  1468.000  9.58687e-14
  1470.000  9.10840e-14
  1472.000  8.99192e-14
  1474.000  1.19543e-13
  1476.000  1.21543e-13
  1478.000  1.22605e-13
  1480.000  1.34091e-13
  1482.000  1.37936e-13
  1484.000  1.26284e-13
  1486.000  1.14236e-13
  1488.000  1.27544e-13
  1490.000  1.12194e-13
  1492.000  1.28240e-13
  1494.000  1.44291e-13
  1496.000  1.48933e-13
  1498.000  1.82729e-13
  1500.000  1.96321e-13
  1502.000  2.04629e-13
  1504.000  2.60502e-13
  1506.000  2.66140e-13
  1508.000  2.44824e-13
  1510.000  2.69865e-13
  1512.000  2.87619e-13
  1514.000  3.26677e-13
  1516.000  3.52567e-13
  1518.000  3.79179e-13
  1520.000  3.94132e-13
  1522.000  3.95446e-13
  1524.000  4.17435e-13
  1526.000  4.62110e-13
  1528.000  4.89147e-13
  1530.000  4.96052e-13
  1532.000  5.37050e-13
  1534.000  5.56124e-13
  1536.000  5.44035e-13
  1538.000  6.00522e-13
  1540.000  6.54081e-13
  1542.000  7.87414e-13
  1544.000  9.38751e-13
  1546.000  1.01932e-12
  1548.000  9.08317e-13
  1550.000  7.15245e-13
  1552.000  6.17541e-13
  1554.000  5.42321e-13
  1556.000  4.77017e-13
  1558.000  4.45543e-13
  1560.000  4.20326e-13
  1562.000  3.75588e-13
  1564.000  3.14843e-13
  1566.000  3.01370e-13
  1568.000  2.79999e-13
  1570.000  2.70864e-13
  1572.000  2.81013e-13
  1574.000  2.84917e-13
  1576.000  2.57571e-13
  1578.000  2.28806e-13
  1580.000  2.52572e-13
  1582.000  2.43710e-13
  1584.000  2.10929e-13
  1586.000  1.96472e-13
  1588.000  1.80420e-13
  1590.000  1.62445e-13
  1592.000  1.86765e-13
  1594.000  2.15833e-13
  1596.000  1.88062e-13
  1598.000  1.66460e-13
  1600.000  1.62709e-13
  1602.000  1.57247e-13
  1604.000  1.56724e-13
  1606.000  1.48277e-13
  1608.000  1.40761e-13
  1610.000  1.32600e-13
  1612.000  1.34500e-13
  1614.000  1.37548e-13
  1616.000  1.40100e-13
  1618.000  1.40097e-13
  1620.000  1.33176e-13
  1622.000  1.40680e-13
  1624.000  1.70711e-13
  1626.000  1.68953e-13
  1628.000  1.76354e-13
  1630.000  1.90354e-13
  1632.000  1.95809e-13
  1634.000  1.92380e-13
  1636.000  2.02523e-13
  1638.000  1.87414e-13
  1640.000  1.48786e-13
  1642.000  1.46218e-13
  1644.000  1.74410e-13
  1646.000  1.67849e-13
  1648.000  1.75649e-13
  1650.000  1.68076e-13
  1652.000  1.33842e-13
  1654.000  1.39438e-13
  1656.000  1.45709e-13
  1658.000  1.59753e-13
  1660.000  1.74654e-13
  1662.000  1.70350e-13
  1664.000  1.53129e-13
  1666.000  1.36444e-13
  1668.000  1.19274e-13
  1670.000  1.02898e-13
  1672.000  1.19489e-13
  1674.000  1.16188e-13
  1676.000  1.02996e-13
  1678.000  8.71269e-14
  1680.000  8.85342e-14
  1682.000  9.42605e-14
  1684.000  1.14399e-13
  1686.000  1.03522e-13
  1688.000  9.14168e-14
  1690.000  1.10621e-13
  1692.000  1.25563e-13
  1694.000  1.18922e-13
  1696.000  1.20605e-13
  1698.000  1.20017e-13
  1700.000  1.21731e-13
  1702.000  1.17043e-13
  1704.000  1.18874e-13
  1706.000  1.27483e-13
  1708.000  1.21412e-13
  1710.000  1.36034e-13
  1712.000  1.50872e-13
  1714.000  1.32697e-13
  1716.000  1.21555e-13
  1718.000  1.18555e-13
  1720.000  1.17170e-13
  1722.000  1.10056e-13
  1724.000  1.04372e-13
  1726.000  1.02885e-13
  1728.000  1.09218e-13
  1730.000  1.07385e-13
  1732.000  1.00006e-13
  1734.000  1.02041e-13
  1736.000  1.04647e-13
  1738.000  1.03999e-13
  1740.000  1.00538e-13
  1742.000  1.05251e-13
  1744.000  1.02232e-13
  1746.000  1.05164e-13
  1748.000  1.11027e-13
  1750.000  1.16550e-13
  1752.000  1.11508e-13
  1754.000  1.03372e-13
  1756.000  9.90537e-14
  1758.000  9.47441e-14
  1760.000  9.26142e-14
  1762.000  9.62505e-14
  1764.000  9.25349e-14
  1766.000  9.25870e-14
  1768.000  9.83411e-14
  1770.000  9.66014e-14
  1772.000  1.02781e-13
  1774.000  1.09171e-13
  1776.000  1.01385e-13
  1778.000  1.06030e-13
  1780.000  1.01284e-13
  1782.000  1.01875e-13
  1784.000  1.02165e-13
  1786.000  1.00521e-13
  1788.000  1.03997e-13
  1790.000  1.07081e-13
  1792.000  1.13557e-13
  1794.000  1.09924e-13
  1796.000  1.08976e-13
  1798.000  1.08714e-13
  1800.000  1.07126e-13
  1802.000  1.09768e-13
  1804.000  1.12375e-13
  1806.000  1.22898e-13
  1808.000  1.16296e-13
  1810.000  1.15870e-13
  1812.000  1.18427e-13
  1814.000  1.11738e-13
  1816.000  9.83111e-14
  1818.000  9.82200e-14
  1820.000  9.51941e-14
  1822.000  9.74376e-14
  1824.000  1.03289e-13
  1826.000  1.08481e-13
  1828.000  1.19092e-13
  1830.000  1.18212e-13
  1832.000  1.15603e-13
  1834.000  1.17226e-13
  1836.000  1.11407e-13
  1838.000  1.09219e-13
  1840.000  1.09567e-13
  1842.000  1.13718e-13
  1844.000  1.24017e-13
  1846.000  1.34713e-13
  1848.000  1.38008e-13
  1850.000  1.28900e-13
  1852.000  1.12486e-13
  1854.000  1.06027e-13
  1856.000  1.13285e-13
  1858.000  1.17341e-13
  1860.000  1.17124e-13
  1862.000  1.14517e-13
  1864.000  1.14600e-13
  1866.000  1.15418e-13
  1868.000  1.09805e-13
  1870.000  1.11744e-13
  1872.000  1.20512e-13
  1874.000  1.26032e-13
  1876.000  1.31627e-13
  1878.000  1.39553e-13
  1880.000  1.36171e-13
  1882.000  1.33856e-13
  1884.000  1.41152e-13
  1886.000  1.47440e-13
  1888.000  1.58819e-13
  1890.000  1.74919e-13
  1892.000  1.87084e-13
  1894.000  1.89284e-13
  1896.000  2.00725e-13
  1898.000  2.12926e-13
  1900.000  2.31195e-13
  1902.000  2.53473e-13
  1904.000  2.68394e-13
  1906.000  2.55863e-13
  1908.000  2.32255e-13
  1910.000  2.06560e-13
  1912.000  1.74426e-13
  1914.000  1.47099e-13
  1916.000  1.34649e-13
  1918.000  1.29699e-13
  1920.000  1.25459e-13
  1922.000  1.21210e-13
  1924.000  1.14428e-13
  1926.000  9.49069e-14
  1928.000  1.08011e-13
  1930.000  5.24524e-14
  1932.000  5.74104e-14
  1934.000  7.96184e-14
  1936.000  9.92858e-14
  1938.000  1.28250e-13
  1940.000  1.16098e-13
  1942.000  1.05948e-13
  1944.000  1.29407e-13
  1946.000  1.03750e-13
  1948.000  7.92710e-14
  1950.000  1.15877e-13
  1952.000  1.19509e-13
  1954.000  6.98998e-14
  1956.000  5.28205e-14
  1958.000  3.74870e-14
  1960.000  2.93535e-14
  1962.000  4.48973e-14
  1964.000  6.83538e-14
  1966.000  8.39815e-14
  1968.000  8.74912e-14
  1970.000  4.90474e-14
  1972.000  2.90741e-14
  1974.000  6.23327e-14
  1976.000  9.26689e-14
  1978.000  9.09451e-14
  1980.000  8.60199e-14
  1982.000  1.05370e-13
  1984.000  9.90524e-14
  1986.000  7.19197e-14
  1988.000  6.01145e-14
  1990.000  6.51088e-14
  1992.000  3.48766e-14
  1994.000  2.18263e-14
  1996.000  4.51542e-14
  1998.000  6.73132e-14
  2000.000  1.00447e-13
  2002.000  1.02070e-13
  2004.000  9.40214e-14
  2006.000  8.57508e-14
  2008.000  8.69915e-14
  2010.000  7.54599e-14
  2012.000  5.26181e-14
  2014.000  4.53402e-14
  2016.000  4.72371e-14
  2018.000  5.26394e-14
  2020.000  7.96016e-14
  2022.000  1.02240e-13
  2024.000  1.26975e-13
  2026.000  9.70317e-14
  2028.000  6.85402e-14
  2030.000  8.34679e-14
  2032.000  1.24467e-13
  2034.000  1.32500e-13
  2036.000  1.20502e-13
  2038.000  8.69369e-14
  2040.000  8.88449e-14
  2042.000  1.23555e-13
  2044.000  1.52900e-13
  2046.000  1.32237e-13
  2048.000  1.12841e-13
  2050.000  1.17440e-13
  2052.000  1.18480e-13
  2054.000  1.01780e-13
  2056.000  7.22967e-14
  2058.000  6.04181e-14
  2060.000  8.78031e-14
  2062.000  1.11151e-13
  2064.000  9.82565e-14
  2066.000  1.00598e-13
  2068.000  9.73303e-14
  2070.000  7.80096e-14
  2072.000  6.58223e-14
  2074.000  9.27901e-14
  2076.000  1.18064e-13
  2078.000  1.01082e-13
  2080.000  7.99183e-14
  2082.000  1.01823e-13
  2084.000  1.17371e-13
  2086.000  9.55023e-14
  2088.000  1.07526e-13
  2090.000  1.27490e-13
  2092.000  1.29417e-13
  2094.000  1.08264e-13
  2096.000  9.57432e-14
  2098.000  9.97633e-14
  2100.000  1.09413e-13
  2102.000  7.47286e-14
  2104.000  8.57864e-14
  2106.000  9.61352e-14
  2108.000  7.44143e-14
  2110.000  7.37061e-14
  2112.000  8.91589e-14
  2114.000  1.03318e-13
  2116.000  1.10527e-13
  2118.000  8.32414e-14
  2120.000  6.94550e-14
  2122.000  1.02390e-13
  2124.000  9.78602e-14
  2126.000  5.75602e-14
  2128.000  6.18199e-14
  2130.000  1.05190e-13
  2132.000  9.22894e-14
  2134.000  7.28700e-14
  2136.000  7.01486e-14
  2138.000  6.68974e-14
  2140.000  7.97633e-14
  2142.000  9.95723e-14
  2144.000  1.17280e-13
  2146.000  1.14593e-13
  2148.000  1.13912e-13
  2150.000  1.08642e-13
  2152.000  1.07096e-13
  2154.000  1.05544e-13
  2156.000  1.03989e-13
  2158.000  1.02433e-13
  2160.000  1.00831e-13
  2162.000  9.48536e-14
  2164.000  8.57372e-14
  2166.000  7.48131e-14
  2168.000  6.03714e-14
  2170.000  6.15586e-14
  2172.000  8.51393e-14
  2174.000  9.69738e-14
  2176.000  1.00979e-13
  2178.000  9.97767e-14
  2180.000  7.62872e-14
  2182.000  5.64535e-14
  2184.000  6.64905e-14
  2186.000  7.33616e-14
  2188.000  7.35098e-14
  2190.000  7.79142e-14
  2192.000  6.71215e-14
  2194.000  7.28056e-14
  2196.000  8.12140e-14
  2198.000  9.55191e-14
  2200.000  9.88292e-14
  2202.000  8.20234e-14
  2204.000  6.93684e-14
  2206.000  6.14543e-14
  2208.000  6.44672e-14
  2210.000  8.30516e-14
  2212.000  9.86155e-14
  2214.000  1.06190e-13
  2216.000  1.18632e-13
  2218.000  1.20407e-13
  2220.000  1.04379e-13
  2222.000  1.00659e-13
  2224.000  8.96080e-14
  2226.000  7.82720e-14
  2228.000  9.53521e-14
  2230.000  1.07955e-13
  2232.000  9.03495e-14
  2234.000  6.44205e-14
  2236.000  7.15014e-14
  2238.000  6.18742e-14
  2240.000  5.36672e-14
  2242.000  6.74382e-14
  2244.000  6.53001e-14
  2246.000  6.46895e-14
  2248.000  7.57185e-14
  2250.000  7.23605e-14
  2252.000  7.46067e-14
  2254.000  8.93377e-14
  2256.000  8.27463e-14
  2258.000  8.84580e-14
  2260.000  1.07436e-13
  2262.000  1.09982e-13
  2264.000  9.98094e-14
  2266.000  1.08056e-13
  2268.000  1.20029e-13
  2270.000  1.21256e-13
  2272.000  1.22343e-13
  2274.000  1.33410e-13
  2276.000  1.05710e-13
  2278.000  7.51662e-14
  2280.000  7.48320e-14
  2282.000  7.71606e-14
  2284.000  8.56706e-14
  2286.000  1.01367e-13
  2288.000  1.12662e-13
  2290.000  1.26133e-13
  2292.000  1.23524e-13
  2294.000  1.12484e-13
  2296.000  1.16012e-13
  2298.000  1.10661e-13
  2300.000  1.03006e-13
  2302.000  1.22609e-13
  2304.000  1.41403e-13
  2306.000  1.24659e-13
  2308.000  1.32280e-13
  2310.000  1.30872e-13
  2312.000  1.22559e-13
  2314.000  1.02563e-13
  2316.000  9.52280e-14
  2318.000  1.17905e-13
  2320.000  1.22828e-13
  2322.000  1.00077e-13
  2324.000  9.74903e-14
  2326.000  1.16834e-13
  2328.000  1.21189e-13
  2330.000  1.09339e-13
  2332.000  9.46788e-14
  2334.000  9.98848e-14
  2336.000  1.18572e-13
  2338.000  1.30408e-13
  2340.000  1.28110e-13
  2342.000  1.11032e-13
  2344.000  1.05715e-13
  2346.000  9.57564e-14
  2348.000  7.35169e-14
  2350.000  8.14626e-14
  2352.000  9.44130e-14
  2354.000  1.08767e-13
  2356.000  1.35920e-13
  2358.000  1.29416e-13
  2360.000  9.90013e-14
  2362.000  7.81231e-14
  2364.000  8.47096e-14
  2366.000  8.06963e-14
  2368.000  7.61903e-14
  2370.000  7.94867e-14
  2372.000  7.30965e-14
  2374.000  7.61351e-14
  2376.000  7.54329e-14
  2378.000  6.84908e-14
  2380.000  7.47500e-14
  2382.000  9.38083e-14
  2384.000  1.16746e-13
  2386.000  1.35360e-13
  2388.000  1.08682e-13
  2390.000  9.07472e-14
  2392.000  7.11626e-14
  2394.000  6.32338e-14
  2396.000  8.32857e-14
  2398.000  9.18553e-14
  2400.000  8.25158e-14
  2402.000  1.07052e-13
  2404.000  1.17073e-13
  2406.000  1.17818e-13
  2408.000  9.99947e-14
  2410.000  9.93541e-14
  2412.000  1.20165e-13
  2414.000  1.21218e-13
  2416.000  9.78757e-14
  2418.000  1.26258e-13
  2420.000  1.45219e-13
  2422.000  1.24488e-13
  2424.000  1.00138e-13
  2426.000  1.08878e-13
  2428.000  1.09436e-13
  2430.000  9.21869e-14
  2432.000  9.66591e-14
  2434.000  1.02157e-13
  2436.000  1.10479e-13
  2438.000  1.10436e-13
  2440.000  1.00913e-13
  2442.000  1.06064e-13
  2444.000  1.13702e-13
  2446.000  9.33552e-14
  2448.000  7.65996e-14
  2450.000  8.83425e-14
  2452.000  9.86138e-14
  2454.000  1.07979e-13
  2456.000  1.23847e-13
  2458.000  1.13455e-13
  2460.000  1.14680e-13
  2462.000  1.18909e-13
  2464.000  1.12714e-13
  2466.000  1.11349e-13
  2468.000  1.21544e-13
  2470.000  1.22930e-13
  2472.000  1.14072e-13
  2474.000  1.10459e-13
  2476.000  1.07695e-13
  2478.000  9.98966e-14
  2480.000  1.02534e-13
  2482.000  1.18267e-13
  2484.000  1.29991e-13
  2486.000  1.30065e-13
  2488.000  1.20999e-13
  2490.000  1.00949e-13
  2492.000  1.05895e-13
  2494.000  1.27092e-13
  2496.000  1.34733e-13
  2498.000  1.23283e-13
  2500.000  1.10162e-13
  2502.000  1.17551e-13
  2504.000  1.10014e-13
  2506.000  1.14910e-13
  2508.000  1.13972e-13
  2510.000  9.72444e-14
  2512.000  1.12804e-13
  2514.000  1.27714e-13
  2516.000  1.11055e-13
  2518.000  1.01825e-13
  2520.000  1.08960e-13
  2522.000  1.15432e-13
  2524.000  1.10027e-13
  2526.000  1.03875e-13
  2528.000  1.01697e-13
  2530.000  1.07217e-13
  2532.000  9.87334e-14
  2534.000  7.39151e-14
  2536.000  5.05445e-14
  2538.000  4.36723e-14
  2540.000  4.78583e-14
  2542.000  5.98750e-14
  2544.000  7.87594e-14
  2546.000  9.02114e-14
  2548.000  9.73952e-14
  2550.000  9.26976e-14
  2552.000  8.71611e-14
  2554.000  8.35715e-14
  2556.000  7.80518e-14
  2558.000  8.64486e-14
  2560.000  1.01569e-13
  2562.000  1.03306e-13
  2564.000  9.84783e-14
  2566.000  8.91276e-14
  2568.000  8.74372e-14
  2570.000  9.44923e-14
  2572.000  1.02463e-13
  2574.000  1.12248e-13
  2576.000  1.14838e-13
  2578.000  9.20235e-14
  2580.000  8.17804e-14
  2582.000  9.64918e-14
  2584.000  1.10196e-13
  2586.000  1.04038e-13
  2588.000  1.07038e-13
  2590.000  1.01990e-13
  2592.000  8.17430e-14
  2594.000  7.44470e-14
  2596.000  8.27550e-14
  2598.000  8.99451e-14
  2600.000  8.86866e-14
  2602.000  9.30983e-14
  2604.000  9.16484e-14
  2606.000  8.74869e-14
  2608.000  8.24284e-14
  2610.000  7.61218e-14
  2612.000  7.21112e-14
  2614.000  8.97965e-14
  2616.000  9.31619e-14
  2618.000  8.36199e-14
  2620.000  8.09594e-14
  2622.000  8.81621e-14
  2624.000  9.91063e-14
  2626.000  9.67513e-14
  2628.000  8.85492e-14
  2630.000  8.59619e-14
  2632.000  9.38986e-14
  2634.000  9.64715e-14
  2636.000  9.55722e-14
  2638.000  9.53320e-14
  2640.000  8.66674e-14
  2642.000  8.03801e-14
  2644.000  8.71347e-14
  2646.000  9.37713e-14
  2648.000  9.02044e-14
  2650.000  7.95621e-14
  2652.000  7.60202e-14
  2654.000  7.59178e-14
  2656.000  7.98160e-14
  2658.000  8.08054e-14
  2660.000  8.12404e-14
  2662.000  7.76551e-14
  2664.000  8.07568e-14
  2666.000  8.76696e-14
  2668.000  8.96637e-14
  2670.000  8.27330e-14
  2672.000  8.13495e-14
  2674.000  8.04924e-14
  2676.000  6.99824e-14
  2678.000  7.46110e-14
  2680.000  8.65031e-14
  2682.000  8.60112e-14
  2684.000  7.93142e-14
  2686.000  7.27022e-14
  2688.000  7.73484e-14
  2690.000  7.61667e-14
  2692.000  7.40178e-14
  2694.000  8.10282e-14
  2696.000  9.33899e-14
  2698.000  8.68404e-14
  2700.000  8.19121e-14
  2702.000  8.81788e-14
  2704.000  9.07333e-14
  2706.000  9.05364e-14
  2708.000  9.26858e-14
  2710.000  9.35820e-14
  2712.000  9.67424e-14
  2714.000  9.78149e-14
  2716.000  9.33718e-14
  2718.000  9.01126e-14
  2720.000  8.98123e-14
  2722.000  8.47078e-14
  2724.000  8.75213e-14
  2726.000  8.44374e-14
  2728.000  8.58672e-14
  2730.000  1.00187e-13
  2732.000  1.08633e-13
  2734.000  1.08606e-13
  2736.000  1.04405e-13
  2738.000  1.01979e-13
  2740.000  1.04219e-13
  2742.000  1.00627e-13
  2744.000  1.01421e-13
  2746.000  9.44300e-14
  2748.000  9.47903e-14
  2750.000  1.04631e-13
  2752.000  1.08106e-13
  2754.000  1.04505e-13
  2756.000  9.90924e-14
  2758.000  1.06096e-13
  2760.000  1.17757e-13
  2762.000  1.23043e-13
  2764.000  1.31725e-13
  2766.000  1.32358e-13
  2768.000  1.40073e-13
  2770.000  1.49660e-13
  2772.000  1.48995e-13
  2774.000  1.60068e-13
  2776.000  1.67448e-13
  2778.000  1.65087e-13
  2780.000  1.63899e-13
  2782.000  1.62064e-13
  2784.000  1.58419e-13
  2786.000  1.64496e-13
  2788.000  1.79071e-13
  2790.000  1.97081e-13
  2792.000  2.23249e-13
  2794.000  2.18606e-13
  2796.000  2.00114e-13
  2798.000  1.94817e-13
  2800.000  1.93188e-13
  2802.000  1.80635e-13
  2804.000  1.66092e-13
  2806.000  1.61596e-13
  2808.000  1.66872e-13
  2810.000  1.74553e-13
  2812.000  1.67287e-13
  2814.000  1.46869e-13
  2816.000  1.42729e-13
  2818.000  1.41481e-13
  2820.000  1.33284e-13
  2822.000  1.32348e-13
  2824.000  1.36395e-13
  2826.000  1.24572e-13
  2828.000  1.21927e-13
  2830.000  1.22799e-13
  2832.000  1.13394e-13
  2834.000  1.06939e-13
  2836.000  1.07403e-13
  2838.000  1.06172e-13
  2840.000  1.12240e-13
  2842.000  1.15310e-13
  2844.000  1.15490e-13
  2846.000  1.07802e-13
  2848.000  9.27954e-14
  2850.000  9.33525e-14
  2852.000  1.09382e-13
  2854.000  9.41887e-14
  2856.000  8.82727e-14
  2858.000  9.91046e-14
  2860.000  1.10395e-13
  2862.000  9.88889e-14
  2864.000  9.23439e-14
  2866.000  9.33644e-14
  2868.000  9.86779e-14
  2870.000  9.83480e-14
  2872.000  9.19088e-14
  2874.000  8.62499e-14
  2876.000  8.91100e-14
  2878.000  8.72511e-14
  2880.000  8.86535e-14
  2882.000  9.65098e-14
  2884.000  8.74587e-14
  2886.000  7.13946e-14
  2888.000  8.18460e-14
  2890.000  8.96763e-14
  2892.000  8.22022e-14
  2894.000  7.22718e-14
  2896.000  7.12097e-14
  2898.000  7.34014e-14
  2900.000  8.40042e-14
  2902.000  9.34580e-14
  2904.000  9.33722e-14
  2906.000  8.59653e-14
  2908.000  8.81993e-14
  2910.000  8.35100e-14
  2912.000  7.28009e-14
  2914.000  8.45270e-14
  2916.000  9.28570e-14
  2918.000  8.29005e-14
  2920.000  7.53575e-14
  2922.000  7.98369e-14
  2924.000  8.68652e-14
  2926.000  8.96444e-14
  2928.000  8.27655e-14
  2930.000  7.52322e-14
  2932.000  8.29041e-14
  2934.000  9.32587e-14
  2936.000  8.91427e-14
  2938.000  9.76621e-14
  2940.000  8.80841e-14
  2942.000  7.22036e-14
  2944.000  8.43149e-14
  2946.000  9.70703e-14
  2948.000  9.77303e-14
  2950.000  8.57361e-14
  2952.000  8.21329e-14
  2954.000  9.11192e-14
  2956.000  9.57863e-14
  2958.000  8.78709e-14
  2960.000  7.52358e-14
  2962.000  7.44952e-14
  2964.000  7.29874e-14
  2966.000  7.62712e-14
  2968.000  6.65352e-14
  2970.000  6.94001e-14
  2972.000  7.27124e-14
  2974.000  7.30336e-14
  2976.000  7.76556e-14
  2978.000  7.04730e-14
  2980.000  6.44055e-14
  2982.000  7.13537e-14
  2984.000  7.65181e-14
  2986.000  6.49181e-14
  2988.000  6.86684e-14
  2990.000  8.03012e-14
  2992.000  8.26987e-14
  2994.000  8.07600e-14
  2996.000  6.96197e-14
  2998.000  6.79095e-14
  3000.000  7.27397e-14
  3002.000  6.68837e-14
  3004.000  6.61165e-14
  3006.000  7.19132e-14
  3008.000  7.52178e-14
  3010.000  7.17405e-14
  3012.000  7.05854e-14
  3014.000  6.91752e-14
  3016.000  6.22934e-14
  3018.000  5.38497e-14
  3020.000  4.61831e-14
  3022.000  5.09078e-14
  3024.000  5.38116e-14
  3026.000  5.70741e-14
  3028.000  6.65438e-14
  3030.000  7.50563e-14
  3032.000  7.28559e-14
  3034.000  6.93512e-14
  3036.000  7.65467e-14
  3038.000  8.59840e-14
  3040.000  8.84648e-14
  3042.000  6.88057e-14
  3044.000  7.58761e-14
  3046.000  8.26498e-14
  3048.000  5.77738e-14
  3050.000  6.14215e-14
  3052.000  6.63882e-14
  3054.000  6.47522e-14
  3056.000  6.64126e-14
  3058.000  8.53171e-14
  3060.000  8.16914e-14
  3062.000  4.68832e-14
  3064.000  5.36283e-14
  3066.000  6.20131e-14
  3068.000  5.40786e-14
  3070.000  6.16966e-14
  3072.000  7.51693e-14
  3074.000  6.50315e-14
  3076.000  6.26057e-14
  3078.000  7.67680e-14
  3080.000  8.65769e-14
  3082.000  6.99121e-14
  3084.000  9.18184e-14
  3086.000  8.90411e-14
  3088.000  7.59138e-14
  3090.000  4.76840e-14
  3092.000  4.95395e-14
  3094.000  6.98927e-14
  3096.000  5.93248e-14
  3098.000  5.12417e-14
  3100.000  5.24101e-14
  3102.000  7.56042e-14
  3104.000  6.49230e-14
  3106.000  4.78115e-14
  3108.000  9.88006e-14
  3110.000  1.01760e-13
  3112.000  5.71073e-14
  3114.000  8.22842e-14
  3116.000  8.51533e-14
  3118.000  4.05926e-14
  3120.000  5.84584e-14
  3122.000  7.31707e-14
  3124.000  6.58799e-14
  3126.000  7.92260e-14
  3128.000  5.41616e-14
  3130.000  6.42130e-14
  3132.000  7.36103e-14
  3134.000  6.01322e-14
  3136.000  4.33236e-14
  3138.000  4.40886e-14
  3140.000  4.69871e-14
  3142.000  5.42847e-14
  3144.000  6.08329e-14
  3146.000  7.36082e-14
  3148.000  8.18316e-14
  3150.000  7.44557e-14
  3152.000  6.38881e-14
  3154.000  5.42108e-14
  3156.000  5.64411e-14
  3158.000  6.59762e-14
  3160.000  7.37716e-14
  3162.000  7.66548e-14
  3164.000  7.42015e-14
  3166.000  7.22350e-14
  3168.000  6.89709e-14
  3170.000  7.11326e-14
  3172.000  7.84127e-14
  3174.000  7.45438e-14
  3176.000  6.12947e-14
  3178.000  5.81404e-14
  3180.000  6.50463e-14
  3182.000  6.70935e-14
  3184.000  6.74273e-14
  3186.000  6.43436e-14
  3188.000  6.05133e-14
  3190.000  6.77865e-14
  3192.000  7.18910e-14
  3194.000  7.19815e-14
  3196.000  7.66392e-14
  3198.000  8.12043e-14
  3200.000  7.01427e-14
  3202.000  6.90164e-14
  3204.000  7.11567e-14
  3206.000  7.13086e-14
  3208.000  6.60531e-14
  3210.000  5.76620e-14
  3212.000  5.56693e-14
  3214.000  5.79260e-14
  3216.000  6.39618e-14
  3218.000  6.91424e-14
  3220.000  6.57790e-14
  3222.000  5.86104e-14
  3224.000  5.15051e-14
  3226.000  4.47280e-14
  3228.000  4.27362e-14
  3230.000  4.82342e-14
  3232.000  5.20157e-14
  3234.000  5.85622e-14
  3236.000  6.07362e-14
  3238.000  6.12867e-14
  3240.000  6.90164e-14
  3242.000  7.32276e-14
  3244.000  6.91578e-14
  3246.000  6.42103e-14
  3248.000  6.31805e-14
  3250.000  6.21273e-14
  3252.000  5.93906e-14
  3254.000  6.01086e-14
  3256.000  6.49728e-14
  3258.000  6.28562e-14
  3260.000  5.17591e-14
  3262.000  4.89403e-14
  3264.000  5.40570e-14
  3266.000  5.91074e-14
  3268.000  6.02333e-14
  3270.000  6.08762e-14
  3272.000  6.08976e-14
  3274.000  6.31857e-14
  3276.000  6.47138e-14
  3278.000  6.58866e-14
  3280.000  6.85326e-14
  3282.000  6.80236e-14
  3284.000  6.44291e-14
  3286.000  6.25855e-14
  3288.000  6.01963e-14
  3290.000  5.69827e-14
  3292.000  5.53050e-14
  3294.000  5.58835e-14
  3296.000  5.90341e-14
  3298.000  6.03430e-14
  3300.000  5.77935e-14
  3302.000  5.73432e-14
  3304.000  5.78541e-14
  3306.000  5.80052e-14
  3308.000  5.82372e-14
  3310.000  5.98465e-14
  3312.000  6.17754e-14
  3314.000  5.99795e-14
  3316.000  5.79731e-14
  3318.000  6.30420e-14
  3320.000  6.69688e-14
  3322.000  6.82275e-14
  3324.000  6.63664e-14
  3326.000  7.18469e-14
  3328.000  7.45669e-14
  3330.000  7.13955e-14
  3332.000  6.48747e-14
  3334.000  6.37300e-14
  3336.000  5.80843e-14
  3338.000  5.15287e-14
  3340.000  5.19288e-14
  3342.000  5.56805e-14
  3344.000  6.25232e-14
  3346.000  6.80257e-14
  3348.000  6.85403e-14
  3350.000  7.45057e-14
  3352.000  7.54710e-14
  3354.000  6.77655e-14
  3356.000  5.84784e-14
  3358.000  5.63579e-14
  3360.000  5.85752e-14
  3362.000  6.03494e-14
  3364.000  5.93769e-14
  3366.000  5.93523e-14
  3368.000  6.17704e-14
  3370.000  6.37524e-14
  3372.000  6.06414e-14
  3374.000  5.79694e-14
  3376.000  6.29173e-14
  3378.000  6.95172e-14
  3380.000  6.82395e-14
  3382.000  6.52448e-14
  3384.000  6.25422e-14
  3386.000  5.82675e-14
  3388.000  5.33225e-14
  3390.000  5.20259e-14
  3392.000  5.52409e-14
  3394.000  5.89292e-14
  3396.000  6.03011e-14
  3398.000  6.13866e-14
  3400.000  6.05284e-14
  3402.000  5.77983e-14
  3404.000  5.65545e-14
  3406.000  5.87771e-14
  3408.000  5.96789e-14
  3410.000  5.62866e-14
  3412.000  5.05751e-14
  3414.000  4.97520e-14
  3416.000  5.34036e-14
  3418.000  5.95160e-14
  3420.000  6.75952e-14
  3422.000  7.60736e-14
  3424.000  8.19328e-14
  3426.000  8.56288e-14
  3428.000  8.60838e-14
  3430.000  8.02373e-14
  3432.000  7.36902e-14
  3434.000  7.09370e-14
  3436.000  6.35039e-14
  3438.000  5.96583e-14
  3440.000  5.69203e-14
  3442.000  5.77868e-14
  3444.000  5.97662e-14
  3446.000  6.39428e-14
  3448.000  6.66346e-14
  3450.000  6.52863e-14
  3452.000  6.30622e-14
  3454.000  6.17503e-14
  3456.000  5.76829e-14
  3458.000  5.37827e-14
  3460.000  5.18059e-14
  3462.000  5.18041e-14
  3464.000  5.26509e-14
  3466.000  5.77754e-14
  3468.000  6.25477e-14
  3470.000  6.31318e-14
  3472.000  6.03664e-14
  3474.000  5.46989e-14
  3476.000  5.22406e-14
  3478.000  5.31187e-14
  3480.000  5.48240e-14
  3482.000  5.43532e-14
  3484.000  5.21959e-14
  3486.000  5.03310e-14
  3488.000  4.99164e-14
  3490.000  4.96420e-14
  3492.000  4.88053e-14
  3494.000  4.83275e-14
  3496.000  4.94547e-14
  3498.000  5.08048e-14
  3500.000  5.17234e-14
  3502.000  5.02753e-14
  3504.000  4.69792e-14
  3506.000  4.80726e-14
  3508.000  5.16791e-14
  3510.000  5.38554e-14
  3512.000  5.38152e-14
  3514.000  5.33491e-14
  3516.000  5.43847e-14
  3518.000  5.66681e-14
  3520.000  5.59274e-14
  3522.000  5.46636e-14
  3524.000  5.52603e-14
  3526.000  5.48941e-14
  3528.000  5.30231e-14
  3530.000  5.00709e-14
  3532.000  4.77430e-14
  3534.000  4.79507e-14
  3536.000  5.08709e-14
  3538.000  5.25929e-14
  3540.000  5.25687e-14
  3542.000  5.24082e-14
  3544.000  5.22736e-14
  3546.000  5.26191e-14
  3548.000  5.32670e-14
  3550.000  5.26793e-14
  3552.000  5.15054e-14
  3554.000  5.25041e-14
  3556.000  5.24632e-14
  3558.000  5.28055e-14
  3560.000  5.36361e-14
  3562.000  5.17816e-14
  3564.000  5.13249e-14
  3566.000  5.02230e-14
  3568.000  4.79537e-14
  3570.000  4.60834e-14
  3572.000  4.60758e-14
  3574.000  4.77782e-14
  3576.000  4.97636e-14
  3578.000  4.99157e-14
  3580.000  5.24253e-14
  3582.000  5.49555e-14
  3584.000  5.52656e-14
  3586.000  5.40498e-14
  3588.000  5.18319e-14
  3590.000  5.09792e-14
  3592.000  4.99401e-14
  3594.000  4.86034e-14
  3596.000  4.82133e-14
  3598.000  4.95354e-14
  3600.000  5.05393e-14
  3602.000  4.92549e-14
  3604.000  4.81482e-14
  3606.000  4.86093e-14
  3608.000  4.81320e-14
  3610.000  4.69990e-14
  3612.000  4.60121e-14
  3614.000  4.39550e-14
  3616.000  4.28147e-14
  3618.000  4.38106e-14
  3620.000  4.64990e-14
  3622.000  4.94673e-14
  3624.000  5.06062e-14
  3626.000  5.02827e-14
  3628.000  4.99546e-14
  3630.000  4.97307e-14
  3632.000  4.85761e-14
  3634.000  4.89938e-14
  3636.000  4.94445e-14
  3638.000  4.97468e-14
  3640.000  4.92293e-14
  3642.000  4.98982e-14
  3644.000  5.06195e-14
  3646.000  5.11044e-14
  3648.000  5.15453e-14
  3650.000  5.11990e-14
  3652.000  5.08429e-14
  3654.000  5.12815e-14
  3656.000  5.12386e-14
  3658.000  5.03880e-14
  3660.000  5.01868e-14
  3662.000  4.91961e-14
  3664.000  4.79860e-14
  3666.000  4.73297e-14
  3668.000  4.69508e-14
  3670.000  4.80364e-14
  3672.000  4.81614e-14
  3674.000  4.83848e-14
  3676.000  4.87002e-14
  3678.000  4.76223e-14
  3680.000  4.64546e-14
  3682.000  4.60855e-14
  3684.000  4.54543e-14
  3686.000  4.48999e-14
  3688.000  4.44151e-14
  3690.000  4.47857e-14
  3692.000  4.61330e-14
  3694.000  4.73177e-14
  3696.000  4.89103e-14
  3698.000  4.88491e-14
  3700.000  4.92206e-14
  3702.000  5.04680e-14
  3704.000  4.95817e-14
  3706.000  4.66453e-14
  3708.000  4.35873e-14
  3710.000  4.33970e-14
  3712.000  4.45010e-14
  3714.000  4.54060e-14
  3716.000  4.51410e-14
  3718.000  4.43397e-14
  3720.000  4.47846e-14
  3722.000  4.72762e-14
  3724.000  5.13817e-14
  3726.000  5.65761e-14
  3728.000  6.14142e-14
  3730.000  6.43421e-14
  3732.000  6.30647e-14
  3734.000  5.69415e-14
  3736.000  5.02948e-14
  3738.000  4.64551e-14
  3740.000  4.48438e-14
  3742.000  4.42805e-14
  3744.000  4.47452e-14
  3746.000  4.53381e-14
  3748.000  4.61393e-14
  3750.000  4.64203e-14
  3752.000  4.71046e-14
  3754.000  4.78043e-14
  3756.000  4.87875e-14
  3758.000  4.99423e-14
  3760.000  5.17786e-14
  3762.000  5.20153e-14
  3764.000  5.02294e-14
  3766.000  4.77187e-14
  3768.000  4.56482e-14
  3770.000  4.55271e-14
  3772.000  4.55604e-14
  3774.000  4.50684e-14
  3776.000  4.36804e-14
  3778.000  4.32139e-14
  3780.000  4.41606e-14
  3782.000  4.49177e-14
  3784.000  4.47023e-14
  3786.000  4.45173e-14
  3788.000  4.41781e-14
  3790.000  4.42354e-14
  3792.000  4.34043e-14
  3794.000  4.23669e-14
  3796.000  4.23637e-14
  3798.000  4.24554e-14
  3800.000  4.24738e-14
  3802.000  4.21616e-14
  3804.000  4.08530e-14
  3806.000  4.01644e-14
  3808.000  4.09686e-14
  3810.000  4.15911e-14
  3812.000  4.22304e-14
  3814.000  4.15571e-14
  3816.000  4.12893e-14
  3818.000  4.14533e-14
  3820.000  4.11618e-14
  3822.000  4.06947e-14
  3824.000  4.05769e-14
  3826.000  4.07796e-14
  3828.000  4.07684e-14
  3830.000  4.09628e-14
  3832.000  4.12839e-14
  3834.000  4.15309e-14
  3836.000  4.22535e-14
  3838.000  4.24399e-14
  3840.000  4.19905e-14
  3842.000  4.21398e-14
  3844.000  4.26256e-14
  3846.000  4.30602e-14
  3848.000  4.38877e-14
  3850.000  4.44190e-14
  3852.000  4.42581e-14
  3854.000  4.41618e-14
  3856.000  4.39127e-14
  3858.000  4.34954e-14
  3860.000  4.40165e-14
  3862.000  4.66617e-14
  3864.000  5.24199e-14
  3866.000  5.87797e-14
  3868.000  6.46381e-14
  3870.000  6.77413e-14
  3872.000  6.78904e-14
  3874.000  6.28868e-14
  3876.000  5.64556e-14
  3878.000  4.96000e-14
  3880.000  4.45818e-14
  3882.000  4.23204e-14
  3884.000  4.26791e-14
  3886.000  4.24757e-14
  3888.000  4.20061e-14
  3890.000  4.23829e-14
  3892.000  4.33265e-14
  3894.000  4.32245e-14
  3896.000  4.20777e-14
  3898.000  4.07725e-14
  3900.000  4.07965e-14
  3902.000  4.09045e-14
  3904.000  4.07160e-14
  3906.000  3.99375e-14
  3908.000  3.88596e-14
  3910.000  3.79518e-14
  3912.000  3.77231e-14
  3914.000  3.81885e-14
  3916.000  3.81480e-14
  3918.000  3.76840e-14
  3920.000  3.64044e-14
  3922.000  3.48113e-14
  3924.000  3.41309e-14
  3926.000  3.42506e-14
  3928.000  3.50319e-14
  3930.000  3.55232e-14
  3932.000  3.63840e-14
  3934.000  3.60916e-14
  3936.000  3.52698e-14
  3938.000  3.41757e-14
  3940.000  3.41453e-14
  3942.000  3.53808e-14
  3944.000  3.67401e-14
  3946.000  3.73295e-14
  3948.000  3.75404e-14
  3950.000  3.79844e-14
  3952.000  3.78115e-14
  3954.000  3.70438e-14
  3956.000  3.66758e-14
  3958.000  3.70677e-14
  3960.000  3.77330e-14
  3962.000  3.91359e-14
  3964.000  4.10429e-14
  3966.000  4.25916e-14
  3968.000  4.32242e-14
  3970.000  4.34135e-14
  3972.000  4.27993e-14
  3974.000  4.13393e-14
  3976.000  3.95135e-14
  3978.000  3.72435e-14
  3980.000  3.54560e-14
  3982.000  3.46273e-14
  3984.000  3.47537e-14
  3986.000  3.52165e-14
  3988.000  3.58966e-14
  3990.000  3.61041e-14
  3992.000  3.58553e-14
  3994.000  3.54661e-14
  3996.000  3.52722e-14
  3998.000  3.51973e-14
  4000.000  3.53578e-14
  4002.000  3.53361e-14
  4004.000  3.51130e-14
  4006.000  3.43822e-14
  4008.000  3.28310e-14
  4010.000  3.24693e-14
  4012.000  3.25474e-14
  4014.000  3.31867e-14
  4016.000  3.35271e-14
  4018.000  3.45435e-14
  4020.000  3.47009e-14
  4022.000  3.45677e-14
  4024.000  3.45428e-14
  4026.000  3.47734e-14
  4028.000  3.45659e-14
  4030.000  3.36930e-14
  4032.000  3.35062e-14
  4034.000  3.27555e-14
  4036.000  3.18509e-14
  4038.000  3.15910e-14
  4040.000  3.26699e-14
  4042.000  3.38686e-14
  4044.000  3.45004e-14
  4046.000  3.47883e-14
  4048.000  3.50908e-14
  4050.000  3.48309e-14
  4052.000  3.48319e-14
  4054.000  3.46196e-14
  4056.000  3.40596e-14
  4058.000  3.43772e-14
  4060.000  3.56036e-14
  4062.000  3.64332e-14
  4064.000  3.65454e-14
  4066.000  3.65087e-14
  4068.000  3.73315e-14
  4070.000  3.82991e-14
  4072.000  3.85699e-14
  4074.000  3.76458e-14
  4076.000  3.60221e-14
  4078.000  3.51557e-14
  4080.000  3.54168e-14
  4082.000  3.59591e-14
  4084.000  3.56447e-14
  4086.000  3.54760e-14
  4088.000  3.63114e-14
  4090.000  3.65618e-14
  4092.000  3.57521e-14
  4094.000  3.53998e-14
  4096.000  3.58815e-14
  4098.000  3.74403e-14
  4100.000  3.86997e-14
  4102.000  3.97453e-14
  4104.000  3.95914e-14
  4106.000  3.91719e-14
  4108.000  3.83615e-14
  4110.000  3.70527e-14
  4112.000  3.59864e-14
  4114.000  3.55365e-14
  4116.000  3.48926e-14
  4118.000  3.43951e-14
  4120.000  3.46166e-14
  4122.000  3.49611e-14
  4124.000  3.48958e-14
  4126.000  3.42970e-14
  4128.000  3.28833e-14
  4130.000  3.19421e-14
  4132.000  3.13681e-14
  4134.000  3.13756e-14
  4136.000  3.10204e-14
  4138.000  3.13026e-14
  4140.000  3.16456e-14
  4142.000  3.19942e-14
  4144.000  3.23470e-14
  4146.000  3.27105e-14
  4148.000  3.31559e-14
  4150.000  3.28760e-14
  4152.000  3.25146e-14
  4154.000  3.22144e-14
  4156.000  3.15123e-14
  4158.000  3.08838e-14
  4160.000  3.08888e-14
  4162.000  3.07238e-14
  4164.000  3.05025e-14
  4166.000  3.05913e-14
  4168.000  3.10671e-14
  4170.000  3.14044e-14
  4172.000  3.11429e-14
  4174.000  3.06190e-14
  4176.000  3.04746e-14
  4178.000  3.03926e-14
  4180.000  3.02968e-14
  4182.000  3.00204e-14
  4184.000  3.00734e-14
  4186.000  3.07031e-14
  4188.000  3.09864e-14
  4190.000  3.06574e-14
  4192.000  3.03524e-14
  4194.000  3.02667e-14
  4196.000  3.03444e-14
  4198.000  3.06733e-14
  4200.000  3.09614e-14
  4202.000  3.06568e-14
  4204.000  3.00952e-14
  4206.000  2.95965e-14
  4208.000  2.97393e-14
  4210.000  3.01370e-14
  4212.000  3.02854e-14
  4214.000  3.02863e-14
  4216.000  3.01583e-14
  4218.000  3.02848e-14
  4220.000  3.03914e-14
  4222.000  3.00768e-14
  4224.000  3.02410e-14
  4226.000  3.00527e-14
  4228.000  2.96482e-14
  4230.000  2.92414e-14
  4232.000  2.90794e-14
  4234.000  2.92038e-14
  4236.000  2.94968e-14
  4238.000  2.94999e-14
  4240.000  2.94707e-14
  4242.000  2.99616e-14
  4244.000  3.02554e-14
  4246.000  3.07888e-14
  4248.000  3.10118e-14
  4250.000  3.11306e-14
  4252.000  3.09266e-14
  4254.000  3.05850e-14
  4256.000  3.05319e-14
  4258.000  3.04451e-14
  4260.000  3.04519e-14
  4262.000  3.07477e-14
  4264.000  3.14754e-14
  4266.000  3.21576e-14
  4268.000  3.21068e-14
  4270.000  3.18020e-14
  4272.000  3.24220e-14
  4274.000  3.30664e-14
  4276.000  3.34295e-14
  4278.000  3.35120e-14
  4280.000  3.33631e-14
  4282.000  3.37479e-14
  4284.000  3.41549e-14
  4286.000  3.43723e-14
  4288.000  3.43769e-14
  4290.000  3.39463e-14
  4292.000  3.30873e-14
  4294.000  3.25763e-14
  4296.000  3.21891e-14
  4298.000  3.19471e-14
  4300.000  3.21319e-14
  4302.000  3.25237e-14
  4304.000  3.25775e-14
  4306.000  3.26431e-14
  4308.000  3.29507e-14
  4310.000  3.32258e-14
  4312.000  3.34175e-14
  4314.000  3.39851e-14
  4316.000  3.52351e-14
  4318.000  3.67601e-14
  4320.000  3.78557e-14
  4322.000  3.83624e-14
  4324.000  3.84368e-14
  4326.000  3.87744e-14
  4328.000  3.89874e-14
  4330.000  3.90405e-14
  4332.000  3.97540e-14
  4334.000  4.13222e-14
  4336.000  4.28864e-14
  4338.000  4.43617e-14
  4340.000  4.62907e-14
  4342.000  4.73025e-14
  4344.000  4.67337e-14
  4346.000  4.56630e-14
  4348.000  4.41940e-14
  4350.000  4.33096e-14
  4352.000  4.30059e-14
  4354.000  4.33230e-14
  4356.000  4.47654e-14
  4358.000  4.64670e-14
  4360.000  4.94161e-14
  4362.000  5.15046e-14
  4364.000  5.29752e-14
  4366.000  5.16011e-14
  4368.000  4.89320e-14
  4370.000  4.64230e-14
  4372.000  4.37178e-14
  4374.000  4.10689e-14
  4376.000  3.91348e-14
  4378.000  3.77071e-14
  4380.000  3.73505e-14
  4382.000  3.64563e-14
  4384.000  3.54343e-14
  4386.000  3.48251e-14
  4388.000  3.45613e-14
  4390.000  3.47600e-14
  4392.000  3.41108e-14
  4394.000  3.32937e-14
  4396.000  3.29109e-14
  4398.000  3.24609e-14
  4400.000  3.28081e-14
  4402.000  3.31926e-14
  4404.000  3.34479e-14
  4406.000  3.35212e-14
  4408.000  3.33070e-14
  4410.000  3.30753e-14
  4412.000  3.29438e-14
  4414.000  3.29109e-14
  4416.000  3.31465e-14
  4418.000  3.32501e-14
  4420.000  3.29726e-14
  4422.000  3.29688e-14
  4424.000  3.28930e-14
  4426.000  3.23869e-14
  4428.000  3.19235e-14
  4430.000  3.14857e-14
  4432.000  3.11791e-14
  4434.000  3.12714e-14
  4436.000  3.11639e-14
  4438.000  3.11397e-14
  4440.000  3.16429e-14
  4442.000  3.16417e-14
  4444.000  3.14483e-14
  4446.000  3.14314e-14
  4448.000  3.17925e-14
  4450.000  3.19513e-14
  4452.000  3.16558e-14
  4454.000  3.17646e-14
  4456.000  3.16450e-14
  4458.000  3.14825e-14
  4460.000  3.14107e-14
  4462.000  3.14500e-14
  4464.000  3.13483e-14
  4466.000  3.13743e-14
  4468.000  3.18434e-14
  4470.000  3.24335e-14
  4472.000  3.29693e-14
  4474.000  3.31519e-14
  4476.000  3.29301e-14
  4478.000  3.30132e-14
  4480.000  3.33054e-14
  4482.000  3.34594e-14
  4484.000  3.30923e-14
  4486.000  3.22717e-14
  4488.000  3.20715e-14
  4490.000  3.18909e-14
  4492.000  3.20901e-14
  4494.000  3.20093e-14
  4496.000  3.22676e-14
  4498.000  3.27268e-14
  4500.000  3.31121e-14
  4502.000  3.28904e-14
  4504.000  3.28531e-14
  4506.000  3.29704e-14
  4508.000  3.31276e-14
  4510.000  3.33106e-14
  4512.000  3.34156e-14
  4514.000  3.35630e-14
  4516.000  3.37831e-14
  4518.000  3.35918e-14
  4520.000  3.33821e-14
  4522.000  3.34120e-14
  4524.000  3.31698e-14
  4526.000  3.27958e-14
  4528.000  3.27414e-14
  4530.000  3.24343e-14
  4532.000  3.23235e-14
  4534.000  3.27080e-14
  4536.000  3.30879e-14
  4538.000  3.30474e-14
  4540.000  3.28837e-14
  4542.000  3.28365e-14
  4544.000  3.29820e-14
  4546.000  3.30939e-14
  4548.000  3.32592e-14
  4550.000  3.34255e-14
  4552.000  3.36643e-14
  4554.000  3.38120e-14
  4556.000  3.38312e-14
  4558.000  3.37819e-14
  4560.000  3.37934e-14
  4562.000  3.37602e-14
  4564.000  3.33188e-14
  4566.000  3.32984e-14
  4568.000  3.35528e-14
  4570.000  3.41097e-14
  4572.000  3.46186e-14
  4574.000  3.44604e-14
  4576.000  3.46102e-14
  4578.000  3.48072e-14
  4580.000  3.43354e-14
  4582.000  3.39234e-14
  4584.000  3.34112e-14
  4586.000  3.31057e-14
  4588.000  3.29285e-14
  4590.000  3.29996e-14
  4592.000  3.30879e-14
  4594.000  3.35611e-14
  4596.000  3.37289e-14
  4598.000  3.38252e-14
  4600.000  3.30579e-14
  4602.000  3.28133e-14
  4604.000  3.27331e-14
  4606.000  3.28430e-14
  4608.000  3.29493e-14
  4610.000  3.31280e-14
  4612.000  3.29232e-14
  4614.000  3.28842e-14
  4616.000  3.33522e-14
  4618.000  3.37090e-14
  4620.000  3.35929e-14
  4622.000  3.37697e-14
  4624.000  3.40995e-14
  4626.000  3.43945e-14
  4628.000  3.46758e-14
  4630.000  3.45868e-14
  4632.000  3.40423e-14
  4634.000  3.34716e-14
  4636.000  3.32449e-14
  4638.000  3.28664e-14
  4640.000  3.24020e-14
  4642.000  3.22622e-14
  4644.000  3.24265e-14
  4646.000  3.28063e-14
  4648.000  3.29844e-14
  4650.000  3.28753e-14
  4652.000  3.21678e-14
  4654.000  3.17140e-14
  4656.000  3.22094e-14
  4658.000  3.27893e-14
  4660.000  3.32826e-14
  4662.000  3.35183e-14
  4664.000  3.34784e-14
  4666.000  3.32181e-14
  4668.000  3.25877e-14
  4670.000  3.16851e-14
  4672.000  3.17505e-14
  4674.000  3.22115e-14
  4676.000  3.29932e-14
  4678.000  3.37837e-14
  4680.000  3.43936e-14
  4682.000  3.50425e-14
  4684.000  3.56914e-14
  4686.000  3.60447e-14
  4688.000  3.62636e-14
  4690.000  3.56961e-14
  4692.000  3.48647e-14
  4694.000  3.40612e-14
  4696.000  3.30894e-14
  4698.000  3.26731e-14
  4700.000  3.23440e-14
  4702.000  3.17805e-14
  4704.000  3.20255e-14
  4706.000  3.21689e-14
  4708.000  3.15290e-14
  4710.000  3.11775e-14
  4712.000  3.13929e-14
  4714.000  3.18015e-14
  4716.000  3.19161e-14
  4718.000  3.16905e-14
  4720.000  3.18386e-14
  4722.000  3.20473e-14
  4724.000  3.23399e-14
  4726.000  3.25734e-14
  4728.000  3.25689e-14
  4730.000  3.22874e-14
  4732.000  3.20665e-14
  4734.000  3.20195e-14
  4736.000  3.21236e-14
  4738.000  3.24290e-14
  4740.000  3.27076e-14
  4742.000  3.29429e-14
  4744.000  3.30534e-14
  4746.000  3.26146e-14
  4748.000  3.21966e-14
  4750.000  3.25313e-14
  4752.000  3.30683e-14
  4754.000  3.33886e-14
  4756.000  3.31977e-14
  4758.000  3.26823e-14
  4760.000  3.21529e-14
  4762.000  3.16245e-14
  4764.000  3.13774e-14
  4766.000  3.15311e-14
  4768.000  3.19237e-14
  4770.000  3.23276e-14
  4772.000  3.28762e-14
  4774.000  3.35907e-14
  4776.000  3.42113e-14
  4778.000  3.44400e-14
  4780.000  3.44951e-14
  4782.000  3.45953e-14
  4784.000  3.44205e-14
  4786.000  3.40246e-14
  4788.000  3.43634e-14
  4790.000  3.50642e-14
  4792.000  3.57927e-14
  4794.000  3.60199e-14
  4796.000  3.60969e-14
  4798.000  3.65681e-14
  4800.000  3.72791e-14
  4802.000  3.76247e-14
  4804.000  3.77123e-14
  4806.000  3.80900e-14
  4808.000  3.86342e-14
  4810.000  3.87671e-14
  4812.000  3.92192e-14
  4814.000  3.97679e-14
  4816.000  4.03560e-14
  4818.000  4.05627e-14
  4820.000  4.11127e-14
  4822.000  4.18667e-14
  4824.000  4.26637e-14
  4826.000  4.34355e-14
  4828.000  4.40945e-14
  4830.000  4.44281e-14
  4832.000  4.48546e-14
  4834.000  4.57334e-14
  4836.000  4.62036e-14
  4838.000  4.68013e-14
  4840.000  4.82848e-14
  4842.000  4.95392e-14
  4844.000  5.02701e-14
  4846.000  5.13995e-14
  4848.000  5.30187e-14
  4850.000  5.43510e-14
  4852.000  5.56764e-14
  4854.000  5.72468e-14
  4856.000  5.92814e-14
  4858.000  6.22830e-14
  4860.000  6.54000e-14
  4862.000  6.73000e-14
  4864.000  6.68489e-14
  4866.000  6.45228e-14
  4868.000  6.08944e-14
  4870.000  5.75153e-14
  4872.000  5.49733e-14
  4874.000  5.36274e-14
  4876.000  5.32368e-14
  4878.000  5.21254e-14
  4880.000  5.08170e-14
  4882.000  5.01458e-14
  4884.000  5.01310e-14
  4886.000  5.01377e-14
  4888.000  4.93822e-14
  4890.000  4.83980e-14
  4892.000  4.77120e-14
  4894.000  4.71965e-14
  4896.000  4.67053e-14
  4898.000  4.63022e-14
  4900.000  4.52801e-14
  4902.000  4.47475e-14
  4904.000  4.44364e-14
  4906.000  4.38299e-14
  4908.000  4.36386e-14
  4910.000  4.26902e-14
  4912.000  4.15680e-14
  4914.000  4.13391e-14
  4916.000  4.03753e-14
  4918.000  3.90038e-14
  4920.000  3.80724e-14
  4922.000  3.72540e-14
  4924.000  3.63878e-14
  4926.000  3.62293e-14
  4928.000  3.67108e-14
  4930.000  3.70254e-14
  4932.000  3.69386e-14
  4934.000  3.69695e-14
  4936.000  3.75941e-14
  4938.000  3.76577e-14
  4940.000  3.72540e-14
  4942.000  3.77197e-14
  4944.000  3.77571e-14
  4946.000  3.84269e-14
  4948.000  4.06867e-14
  4950.000  4.44088e-14
  4952.000  4.88753e-14
  4954.000  5.61214e-14
  4956.000  6.70625e-14
  4958.000  7.60262e-14
  4960.000  8.16367e-14
  4962.000  7.97925e-14
  4964.000  7.16418e-14
  4966.000  6.03918e-14
  4968.000  5.10991e-14
  4970.000  4.49701e-14
  4972.000  4.04176e-14
  4974.000  3.83122e-14
  4976.000  3.67769e-14
  4978.000  3.56620e-14
  4980.000  3.48464e-14
  4982.000  3.43211e-14
  4984.000  3.43284e-14
  4986.000  3.50583e-14
  4988.000  3.65894e-14
  4990.000  3.88258e-14
  4992.000  4.17735e-14
  4994.000  4.57484e-14
  4996.000  5.13706e-14
  4998.000  6.21865e-14
  5000.000  7.93865e-14
  5002.000  1.05157e-13
  5004.000  1.37926e-13
  5006.000  1.64705e-13
  5008.000  1.79414e-13
  5010.000  1.71923e-13
  5012.000  1.47041e-13
  5014.000  1.07913e-13
  5016.000  7.82096e-14
  5018.000  5.77891e-14
  5020.000  4.54910e-14
  5022.000  3.96212e-14
  5024.000  3.64356e-14
  5026.000  3.51949e-14
  5028.000  3.42768e-14
  5030.000  3.34027e-14
  5032.000  3.27184e-14
  5034.000  3.21972e-14
  5036.000  3.21765e-14
  5038.000  3.16612e-14
  5040.000  3.14736e-14
  5042.000  3.19139e-14
  5044.000  3.17164e-14
  5046.000  3.09652e-14
  5048.000  3.04819e-14
  5050.000  3.00743e-14
  5052.000  2.98733e-14
  5054.000  2.97646e-14
  5056.000  3.02606e-14
  5058.000  3.12292e-14
  5060.000  3.14885e-14
  5062.000  3.07980e-14
  5064.000  3.01274e-14
  5066.000  2.95043e-14
  5068.000  2.94467e-14
  5070.000  2.90807e-14
  5072.000  2.83955e-14
  5074.000  2.76767e-14
  5076.000  2.79865e-14
  5078.000  2.82199e-14
  5080.000  2.82999e-14
  5082.000  2.84991e-14
  5084.000  2.79382e-14
  5086.000  2.74278e-14
  5088.000  2.73453e-14
  5090.000  2.76737e-14
  5092.000  2.79648e-14
  5094.000  2.79558e-14
  5096.000  2.78110e-14
  5098.000  2.78309e-14
  5100.000  2.78498e-14
  5102.000  2.75738e-14
  5104.000  2.75254e-14
  5106.000  2.75206e-14
  5108.000  2.74088e-14
  5110.000  2.74406e-14
  5112.000  2.76300e-14
  5114.000  2.75863e-14
  5116.000  2.75033e-14
  5118.000  2.78211e-14
  5120.000  2.84139e-14
  5122.000  2.89215e-14
  5124.000  2.88965e-14
  5126.000  2.87692e-14
  5128.000  2.87776e-14
  5130.000  2.86343e-14
  5132.000  2.86515e-14
  5134.000  2.87632e-14
  5136.000  2.87477e-14
  5138.000  2.91601e-14
  5140.000  3.00059e-14
  5142.000  3.03224e-14
  5144.000  2.95239e-14
  5146.000  2.94651e-14
  5148.000  3.05228e-14
  5150.000  3.06486e-14
  5152.000  3.09707e-14
  5154.000  3.09155e-14
  5156.000  3.10601e-14
  5158.000  3.10292e-14
  5160.000  3.06307e-14
  5162.000  2.98858e-14
  5164.000  2.91175e-14
  5166.000  2.82134e-14
  5168.000  2.81557e-14
  5170.000  2.79277e-14
  5172.000  2.77721e-14
  5174.000  2.74574e-14
  5176.000  2.74231e-14
  5178.000  2.76074e-14
  5180.000  2.81436e-14
  5182.000  2.81579e-14
  5184.000  2.81458e-14
  5186.000  2.81062e-14
  5188.000  2.82434e-14
  5190.000  2.80599e-14
  5192.000  2.75871e-14
  5194.000  2.75953e-14
  5196.000  2.80068e-14
  5198.000  2.91078e-14
  5200.000  2.97224e-14
  5202.000  2.94613e-14
  5204.000  2.93047e-14
  5206.000  2.91715e-14
  5208.000  2.85011e-14
  5210.000  2.79714e-14
  5212.000  2.81235e-14
  5214.000  2.88817e-14
  5216.000  2.97071e-14
  5218.000  3.05096e-14
  5220.000  3.10136e-14
  5222.000  3.08840e-14
  5224.000  3.02196e-14
  5226.000  2.94647e-14
  5228.000  2.88849e-14
  5230.000  2.90819e-14
  5232.000  2.94293e-14
  5234.000  2.94641e-14
  5236.000  2.98714e-14
  5238.000  3.05692e-14
  5240.000  3.06022e-14
  5242.000  3.00154e-14
  5244.000  2.94749e-14
  5246.000  2.94262e-14
  5248.000  2.95294e-14
  5250.000  2.96617e-14
  5252.000  2.94863e-14
  5254.000  2.90098e-14
  5256.000  2.84558e-14
  5258.000  2.79354e-14
  5260.000  2.79979e-14
  5262.000  2.87420e-14
  5264.000  2.91553e-14
  5266.000  2.81110e-14
  5268.000  2.80276e-14
  5270.000  2.83081e-14
  5272.000  2.83995e-14
  5274.000  2.84435e-14
  5276.000  2.90852e-14
  5278.000  3.00470e-14
  5280.000  3.03891e-14
  5282.000  2.99460e-14
  5284.000  2.97808e-14
  5286.000  3.04725e-14
  5288.000  3.06317e-14
  5290.000  3.09666e-14
  5292.000  3.10690e-14
  5294.000  3.08454e-14
  5296.000  3.03224e-14
  5298.000  2.95717e-14
  5300.000  2.93576e-14
  5302.000  2.91978e-14
  5304.000  2.97789e-14
  5306.000  3.07132e-14
  5308.000  3.09867e-14
  5310.000  3.11159e-14
  5312.000  3.15064e-14
  5314.000  3.13290e-14
  5316.000  3.05582e-14
  5318.000  2.99718e-14
  5320.000  2.93088e-14
  5322.000  2.88084e-14
  5324.000  2.86101e-14
  5326.000  2.84155e-14
  5328.000  2.79773e-14
  5330.000  2.75432e-14
  5332.000  2.78837e-14
  5334.000  2.87270e-14
  5336.000  2.91365e-14
  5338.000  2.86570e-14
  5340.000  2.80899e-14
  5342.000  2.76934e-14
  5344.000  2.73246e-14
  5346.000  2.71934e-14
  5348.000  2.73264e-14
  5350.000  2.76608e-14
  5352.000  2.79627e-14
  5354.000  2.84300e-14
  5356.000  2.88197e-14
  5358.000  2.87796e-14
  5360.000  2.87263e-14
  5362.000  2.85211e-14
  5364.000  2.83798e-14
  5366.000  2.87023e-14
  5368.000  2.83826e-14
  5370.000  2.76829e-14
  5372.000  2.76341e-14
  5374.000  2.74554e-14
  5376.000  2.69559e-14
  5378.000  2.66316e-14
  5380.000  2.68452e-14
  5382.000  2.66297e-14
  5384.000  2.61753e-14
  5386.000  2.63456e-14
  5388.000  2.69870e-14
  5390.000  2.74049e-14
  5392.000  2.73846e-14
  5394.000  2.81001e-14
  5396.000  2.87131e-14
  5398.000  2.91613e-14
  5400.000  2.84175e-14
  5402.000  2.76846e-14
  5404.000  2.69346e-14
  5406.000  2.62702e-14
  5408.000  2.61722e-14
  5410.000  2.62252e-14
  5412.000  2.58494e-14
  5414.000  2.56564e-14
  5416.000  2.61114e-14
  5418.000  2.67915e-14
  5420.000  2.74240e-14
  5422.000  2.74920e-14
  5424.000  2.72483e-14
  5426.000  2.69171e-14
  5428.000  2.63149e-14
  5430.000  2.57599e-14
  5432.000  2.56329e-14
  5434.000  2.60187e-14
  5436.000  2.64174e-14
  5438.000  2.69404e-14
  5440.000  2.74983e-14
  5442.000  2.79605e-14
  5444.000  2.77620e-14
  5446.000  2.76413e-14
  5448.000  2.79814e-14
  5450.000  2.81116e-14
  5452.000  2.74732e-14
  5454.000  2.63768e-14
  5456.000  2.58740e-14
  5458.000  2.59948e-14
  5460.000  2.63859e-14
  5462.000  2.71522e-14
  5464.000  2.78374e-14
  5466.000  2.80038e-14
  5468.000  2.78270e-14
  5470.000  2.76716e-14
  5472.000  2.79444e-14
  5474.000  2.83752e-14
  5476.000  2.83784e-14
  5478.000  2.84418e-14
  5480.000  2.85811e-14
  5482.000  2.85779e-14
  5484.000  2.77606e-14
  5486.000  2.65384e-14
  5488.000  2.55847e-14
  5490.000  2.54873e-14
  5492.000  2.53865e-14
  5494.000  2.61199e-14
  5496.000  2.73761e-14
  5498.000  2.77967e-14
  5500.000  2.75868e-14
  5502.000  2.72013e-14
  5504.000  2.67593e-14
  5506.000  2.60257e-14
  5508.000  2.61963e-14
  5510.000  2.66241e-14
  5512.000  2.58414e-14
  5514.000  2.62862e-14
  5516.000  2.68729e-14
  5518.000  2.74256e-14
  5520.000  2.69604e-14
  5522.000  2.68638e-14
  5524.000  2.68814e-14
  5526.000  2.70487e-14
  5528.000  2.67390e-14
  5530.000  2.68521e-14
  5532.000  2.70828e-14
  5534.000  2.69153e-14
  5536.000  2.67601e-14
  5538.000  2.73013e-14
  5540.000  2.73248e-14
  5542.000  2.73334e-14
  5544.000  2.80876e-14
  5546.000  2.86519e-14
  5548.000  2.92132e-14
  5550.000  2.92965e-14
  5552.000  2.87578e-14
  5554.000  2.81575e-14
  5556.000  2.82449e-14
  5558.000  2.88825e-14
  5560.000  2.89626e-14
  5562.000  2.82771e-14
  5564.000  2.72816e-14
  5566.000  2.65902e-14
  5568.000  2.65553e-14
  5570.000  2.67904e-14
  5572.000  2.70661e-14
  5574.000  2.69706e-14
  5576.000  2.64497e-14
  5578.000  2.61081e-14
  5580.000  2.65578e-14
  5582.000  2.72056e-14
  5584.000  2.65442e-14
  5586.000  2.52603e-14
  5588.000  2.45855e-14
  5590.000  2.55576e-14
  5592.000  2.61694e-14
  5594.000  2.64966e-14
  5596.000  2.66647e-14
  5598.000  2.68444e-14
  5600.000  2.71555e-14
  5602.000  2.74872e-14
  5604.000  2.78515e-14
  5606.000  2.84345e-14
  5608.000  2.87334e-14
  5610.000  2.77552e-14
  5612.000  2.67454e-14
  5614.000  2.63009e-14
  5616.000  2.64382e-14
  5618.000  2.62306e-14
  5620.000  2.59103e-14
  5622.000  2.56038e-14
  5624.000  2.54390e-14
  5626.000  2.61436e-14
  5628.000  2.62765e-14
  5630.000  2.62573e-14
  5632.000  2.59454e-14
  5634.000  2.58237e-14
  5636.000  2.64949e-14
  5638.000  2.60716e-14
  5640.000  2.59548e-14
  5642.000  2.66564e-14
  5644.000  2.72270e-14
  5646.000  2.79662e-14
  5648.000  2.83979e-14
  5650.000  2.79264e-14
  5652.000  2.69393e-14
  5654.000  2.66683e-14
  5656.000  2.67559e-14
  5658.000  2.67410e-14
  5660.000  2.64578e-14
  5662.000  2.61898e-14
  5664.000  2.58825e-14
  5666.000  2.53972e-14
  5668.000  2.57059e-14
  5670.000  2.66329e-14
  5672.000  2.73350e-14
  5674.000  2.75221e-14
  5676.000  2.73415e-14
  5678.000  2.68905e-14
  5680.000  2.64402e-14
  5682.000  2.63096e-14
  5684.000  2.64191e-14
  5686.000  2.64343e-14
  5688.000  2.60273e-14
  5690.000  2.59688e-14
  5692.000  2.62786e-14
  5694.000  2.64495e-14
  5696.000  2.64730e-14
  5698.000  2.65096e-14
  5700.000  2.66188e-14
  5702.000  2.66257e-14
  5704.000  2.67604e-14
  5706.000  2.68857e-14
  5708.000  2.71980e-14
  5710.000  2.81264e-14
  5712.000  2.99330e-14
  5714.000  3.07100e-14
  5716.000  3.09196e-14
  5718.000  3.09448e-14
  5720.000  2.96696e-14
  5722.000  2.77292e-14
  5724.000  2.83015e-14
  5726.000  2.84052e-14
  5728.000  2.77680e-14
  5730.000  2.76097e-14
  5732.000  2.77917e-14
  5734.000  2.75001e-14
  5736.000  2.82988e-14
  5738.000  2.89859e-14
  5740.000  2.79819e-14
  5742.000  2.76129e-14
  5744.000  2.84618e-14
  5746.000  2.86966e-14
  5748.000  2.85528e-14
  5750.000  2.83784e-14
  5752.000  2.84370e-14
  5754.000  2.85869e-14
  5756.000  2.81627e-14
  5758.000  2.82127e-14
  5760.000  2.85861e-14
  5762.000  2.77183e-14
  5764.000  2.68303e-14
  5766.000  2.68581e-14
  5768.000  2.75544e-14
  5770.000  2.87142e-14
  5772.000  2.99100e-14
  5774.000  2.98808e-14
  5776.000  2.88298e-14
  5778.000  2.80314e-14
  5780.000  2.75233e-14
  5782.000  2.68151e-14
  5784.000  2.58313e-14
  5786.000  2.57761e-14
  5788.000  2.65387e-14
  5790.000  2.71866e-14
  5792.000  2.70414e-14
  5794.000  2.66742e-14
  5796.000  2.73626e-14
  5798.000  2.78590e-14
  5800.000  2.74717e-14
  5802.000  2.80782e-14
  5804.000  2.89589e-14
  5806.000  2.79063e-14
  5808.000  2.64882e-14
  5810.000  2.75541e-14
  5812.000  2.86348e-14
  5814.000  2.81407e-14
  5816.000  2.81426e-14
  5818.000  2.77404e-14
  5820.000  2.72959e-14
  5822.000  2.71656e-14
  5824.000  2.68153e-14
  5826.000  2.83281e-14
  5828.000  2.99797e-14
  5830.000  2.97674e-14
  5832.000  3.06967e-14
  5834.000  3.11147e-14
  5836.000  3.10051e-14
  5838.000  3.02420e-14
  5840.000  2.95323e-14
  5842.000  2.79058e-14
  5844.000  2.72913e-14
  5846.000  2.88643e-14
  5848.000  2.91449e-14
  5850.000  2.89642e-14
  5852.000  2.90713e-14
  5854.000  2.90631e-14
  5856.000  2.88529e-14
  5858.000  2.88173e-14
  5860.000  2.88971e-14
  5862.000  2.91073e-14
  5864.000  2.96233e-14
  5866.000  2.99255e-14
  5868.000  3.03494e-14
  5870.000  3.11006e-14
  5872.000  3.20583e-14
  5874.000  3.25069e-14
  5876.000  3.22868e-14
  5878.000  3.19011e-14
  5880.000  3.13699e-14
  5882.000  3.10623e-14
  5884.000  3.06532e-14
  5886.000  3.02695e-14
  5888.000  2.98863e-14
  5890.000  2.90911e-14
  5892.000  2.82610e-14
  5894.000  2.77182e-14
  5896.000  2.77096e-14
  5898.000  2.80511e-14
  5900.000  2.82921e-14
  5902.000  2.80660e-14
  5904.000  2.77488e-14
  5906.000  2.77112e-14
  5908.000  2.78423e-14
  5910.000  2.82908e-14
  5912.000  2.88795e-14
  5914.000  2.91259e-14
  5916.000  2.92971e-14
  5918.000  2.95861e-14
  5920.000  2.97949e-14
  5922.000  2.99225e-14
  5924.000  2.99504e-14
  5926.000  2.98427e-14
  5928.000  2.95946e-14
  5930.000  2.91536e-14
  5932.000  2.91752e-14
  5934.000  2.90840e-14
  5936.000  2.90353e-14
  5938.000  2.91114e-14
  5940.000  2.86481e-14
  5942.000  2.81019e-14
  5944.000  2.72278e-14
  5946.000  2.70339e-14
  5948.000  2.71831e-14
  5950.000  2.73677e-14
  5952.000  2.76306e-14
  5954.000  2.78490e-14
  5956.000  2.76030e-14
  5958.000  2.73748e-14
  5960.000  2.70479e-14
  5962.000  2.69223e-14
  5964.000  2.74125e-14
  5966.000  2.79755e-14
  5968.000  2.84302e-14
  5970.000  2.85334e-14
  5972.000  2.84255e-14
  5974.000  2.83497e-14
  5976.000  2.79036e-14
  5978.000  2.74965e-14
  5980.000  2.73179e-14
  5982.000  2.70028e-14
  5984.000  2.68814e-14
  5986.000  2.71629e-14
  5988.000  2.71800e-14
  5990.000  2.76713e-14
  5992.000  2.85402e-14
  5994.000  2.88998e-14
  5996.000  2.87747e-14
  5998.000  2.84554e-14
  6000.000  2.81416e-14
  6002.000  2.79093e-14
  6004.000  2.76180e-14
  6006.000  2.71328e-14
  6008.000  2.68403e-14
  6010.000  2.69466e-14
  6012.000  2.73336e-14
  6014.000  2.75558e-14
  6016.000  2.75224e-14
  6018.000  2.70067e-14
  6020.000  2.66536e-14
  6022.000  2.65841e-14
  6024.000  2.68784e-14
  6026.000  2.71535e-14
  6028.000  2.71361e-14
  6030.000  2.70384e-14
  6032.000  2.69706e-14
  6034.000  2.68710e-14
  6036.000  2.68001e-14
  6038.000  2.70653e-14
  6040.000  2.75844e-14
  6042.000  2.76150e-14
  6044.000  2.74659e-14
  6046.000  2.75526e-14
  6048.000  2.78036e-14
  6050.000  2.81939e-14
  6052.000  2.80956e-14
  6054.000  2.77240e-14
  6056.000  2.69690e-14
  6058.000  2.60896e-14
  6060.000  2.57492e-14
  6062.000  2.63676e-14
  6064.000  2.71822e-14
  6066.000  2.83439e-14
  6068.000  2.91641e-14
  6070.000  2.95404e-14
  6072.000  3.00690e-14
  6074.000  3.00690e-14
  6076.000  3.05765e-14
  6078.000  3.12023e-14
  6080.000  3.14262e-14
  6082.000  3.24658e-14
  6084.000  3.30690e-14
  6086.000  3.30823e-14
  6088.000  3.20951e-14
  6090.000  3.11711e-14
  6092.000  2.95366e-14
  6094.000  2.82069e-14
  6096.000  2.73613e-14
  6098.000  2.67426e-14
  6100.000  2.68062e-14
  6102.000  2.68753e-14
  6104.000  2.67011e-14
  6106.000  2.66288e-14
  6108.000  2.68194e-14
  6110.000  2.67225e-14
  6112.000  2.68792e-14
  6114.000  2.73504e-14
  6116.000  2.74714e-14
  6118.000  2.72756e-14
  6120.000  2.68252e-14
  6122.000  2.66711e-14
  6124.000  2.68367e-14
  6126.000  2.71419e-14
  6128.000  2.70267e-14
  6130.000  2.66323e-14
  6132.000  2.66135e-14
  6134.000  2.64033e-14
  6136.000  2.60916e-14
  6138.000  2.59728e-14
  6140.000  2.60032e-14
  6142.000  2.60085e-14
  6144.000  2.58296e-14
  6146.000  2.56549e-14
  6148.000  2.58489e-14
  6150.000  2.64774e-14
  6152.000  2.66990e-14
  6154.000  2.65774e-14
  6156.000  2.65143e-14
  6158.000  2.63109e-14
  6160.000  2.59255e-14
  6162.000  2.58973e-14
  6164.000  2.60222e-14
  6166.000  2.59040e-14
  6168.000  2.56762e-14
  6170.000  2.52562e-14
  6172.000  2.47690e-14
  6174.000  2.45608e-14
  6176.000  2.51035e-14
  6178.000  2.52414e-14
  6180.000  2.55028e-14
  6182.000  2.59807e-14
  6184.000  2.65721e-14
  6186.000  2.67272e-14
  6188.000  2.67230e-14
  6190.000  2.63360e-14
  6192.000  2.55719e-14
  6194.000  2.51272e-14
  6196.000  2.49437e-14
  6198.000  2.53775e-14
  6200.000  2.56954e-14
  6202.000  2.58985e-14
  6204.000  2.60212e-14
  6206.000  2.58356e-14
  6208.000  2.57970e-14
  6210.000  2.59556e-14
  6212.000  2.64953e-14
  6214.000  2.70961e-14
  6216.000  2.70360e-14
  6218.000  2.67460e-14
  6220.000  2.63348e-14
  6222.000  2.62024e-14
  6224.000  2.63155e-14
  6226.000  2.62829e-14
  6228.000  2.58912e-14
  6230.000  2.53990e-14
  6232.000  2.56730e-14
  6234.000  2.55427e-14
  6236.000  2.51813e-14
  6238.000  2.48958e-14
  6240.000  2.48830e-14
  6242.000  2.50300e-14
  6244.000  2.50940e-14
  6246.000  2.54396e-14
  6248.000  2.57396e-14
  6250.000  2.59530e-14
  6252.000  2.59721e-14
  6254.000  2.56307e-14
  6256.000  2.49409e-14
  6258.000  2.44462e-14
  6260.000  2.43538e-14
  6262.000  2.46677e-14
  6264.000  2.52363e-14
  6266.000  2.56950e-14
  6268.000  2.58573e-14
  6270.000  2.60697e-14
  6272.000  2.63255e-14
  6274.000  2.64981e-14
  6276.000  2.69340e-14
  6278.000  2.74293e-14
  6280.000  2.76747e-14
  6282.000  2.79800e-14
  6284.000  2.78019e-14
  6286.000  2.74966e-14
  6288.000  2.72876e-14
  6290.000  2.72645e-14
  6292.000  2.75018e-14
  6294.000  2.86702e-14
  6296.000  3.08400e-14
  6298.000  3.21929e-14
  6300.000  3.30167e-14
  6302.000  3.35100e-14
  6304.000  3.33330e-14
  6306.000  3.25624e-14
  6308.000  3.15466e-14
  6310.000  3.04689e-14
  6312.000  2.97316e-14
  6314.000  2.94530e-14
  6316.000  2.82474e-14
  6318.000  2.68892e-14
  6320.000  2.68230e-14
  6322.000  2.70457e-14
  6324.000  2.76079e-14
  6326.000  2.81860e-14
  6328.000  2.79527e-14
  6330.000  2.73959e-14
  6332.000  2.72889e-14
  6334.000  2.72807e-14
  6336.000  2.69098e-14
  6338.000  2.68471e-14
  6340.000  2.71514e-14
  6342.000  2.77308e-14
  6344.000  2.80960e-14
  6346.000  2.79896e-14
  6348.000  2.79959e-14
  6350.000  2.78281e-14
  6352.000  2.75943e-14
  6354.000  2.77825e-14
  6356.000  2.81462e-14
  6358.000  2.86316e-14
  6360.000  2.92555e-14
  6362.000  2.93548e-14
  6364.000  2.95325e-14
  6366.000  3.03044e-14
  6368.000  3.09916e-14
  6370.000  3.10802e-14
  6372.000  3.07558e-14
  6374.000  3.01933e-14
  6376.000  2.93556e-14
  6378.000  2.87647e-14
  6380.000  2.85347e-14
  6382.000  2.81916e-14
  6384.000  2.82640e-14
  6386.000  2.86589e-14
  6388.000  2.82221e-14
  6390.000  2.79018e-14
  6392.000  2.81490e-14
  6394.000  2.83963e-14
  6396.000  2.84923e-14
  6398.000  2.87311e-14
  6400.000  2.88712e-14
  6402.000  2.91441e-14
  6404.000  2.95018e-14
  6406.000  2.96492e-14
  6408.000  2.97151e-14
  6410.000  2.96034e-14
  6412.000  2.98624e-14
  6414.000  3.03146e-14
  6416.000  3.06663e-14
  6418.000  3.08123e-14
  6420.000  3.15936e-14
  6422.000  3.21294e-14
  6424.000  3.17878e-14
  6426.000  3.17618e-14
  6428.000  3.18437e-14
  6430.000  3.22710e-14
  6432.000  3.20475e-14
  6434.000  3.13719e-14
  6436.000  3.12850e-14
  6438.000  3.16393e-14
  6440.000  3.27940e-14
  6442.000  3.33788e-14
  6444.000  3.48519e-14
  6446.000  3.67108e-14
  6448.000  3.82980e-14
  6450.000  3.88236e-14
  6452.000  3.84584e-14
  6454.000  3.80941e-14
  6456.000  3.84109e-14
  6458.000  3.86517e-14
  6460.000  3.92606e-14
  6462.000  4.05762e-14
  6464.000  4.17865e-14
  6466.000  4.25668e-14
  6468.000  4.28986e-14
  6470.000  4.36723e-14
  6472.000  4.47582e-14
  6474.000  4.58296e-14
  6476.000  4.65809e-14
  6478.000  4.73088e-14
  6480.000  4.82998e-14
  6482.000  5.00050e-14
  6484.000  5.23829e-14
  6486.000  5.41429e-14
  6488.000  5.50491e-14
  6490.000  5.63251e-14
  6492.000  5.76557e-14
  6494.000  5.88849e-14
  6496.000  6.05665e-14
  6498.000  6.28245e-14
  6500.000  6.47934e-14
  6502.000  6.68981e-14
  6504.000  6.88694e-14
  6506.000  7.15789e-14
  6508.000  7.45324e-14
  6510.000  7.66782e-14
  6512.000  7.90748e-14
  6514.000  8.21831e-14
  6516.000  8.56473e-14
  6518.000  8.99613e-14
  6520.000  9.30398e-14
  6522.000  9.50581e-14
  6524.000  9.57570e-14
  6526.000  9.57852e-14
  6528.000  9.51878e-14
  6530.000  9.64274e-14
  6532.000  9.84683e-14
  6534.000  1.01609e-13
  6536.000  1.05601e-13
  6538.000  1.10740e-13
  6540.000  1.15190e-13
  6542.000  1.17427e-13
  6544.000  1.19480e-13
  6546.000  1.21912e-13
  6548.000  1.24788e-13
  6550.000  1.28212e-13
  6552.000  1.31747e-13
  6554.000  1.37991e-13
  6556.000  1.46098e-13
  6558.000  1.54422e-13
  6560.000  1.63189e-13
  6562.000  1.70393e-13
  6564.000  1.72908e-13
  6566.000  1.68265e-13
  6568.000  1.57313e-13
  6570.000  1.44265e-13
  6572.000  1.34492e-13
  6574.000  1.27765e-13
  6576.000  1.25432e-13
  6578.000  1.25050e-13
  6580.000  1.26992e-13
  6582.000  1.31075e-13
  6584.000  1.34202e-13
  6586.000  1.34068e-13
  6588.000  1.29968e-13
  6590.000  1.22979e-13
  6592.000  1.14200e-13
  6594.000  1.07091e-13
  6596.000  1.03778e-13
  6598.000  1.00924e-13
  6600.000  9.79824e-14
  6602.000  9.52907e-14
  6604.000  9.25406e-14
  6606.000  8.98135e-14
  6608.000  8.76217e-14
  6610.000  8.62982e-14
  6612.000  8.47120e-14
  6614.000  8.18661e-14
  6616.000  7.84178e-14
  6618.000  7.50005e-14
  6620.000  7.17996e-14
  6622.000  6.87807e-14
  6624.000  6.63621e-14
  6626.000  6.41062e-14
  6628.000  6.14682e-14
  6630.000  5.86183e-14
  6632.000  5.53590e-14
  6634.000  5.19821e-14
  6636.000  4.93613e-14
  6638.000  4.70553e-14
  6640.000  4.54472e-14
  6642.000  4.38236e-14
  6644.000  4.31465e-14
  6646.000  4.23620e-14
  6648.000  4.19382e-14
  6650.000  4.16555e-14
  6652.000  4.15792e-14
  6654.000  4.09628e-14
  6656.000  4.03312e-14
  6658.000  3.91834e-14
  6660.000  3.90034e-14
  6662.000  3.82388e-14
  6664.000  3.70330e-14
  6666.000  3.64821e-14
  6668.000  3.68541e-14
  6670.000  3.72385e-14
  6672.000  3.65632e-14
  6674.000  3.63685e-14
  6676.000  3.60896e-14
  6678.000  3.56923e-14
  6680.000  3.51565e-14
  6682.000  3.40652e-14
  6684.000  3.29123e-14
  6686.000  3.26469e-14
  6688.000  3.25087e-14
  6690.000  3.27287e-14
  6692.000  3.30465e-14
  6694.000  3.35888e-14
  6696.000  3.39479e-14
  6698.000  3.35415e-14
  6700.000  3.25471e-14
  6702.000  3.19096e-14
  6704.000  3.19498e-14
  6706.000  3.24672e-14
  6708.000  3.29121e-14
  6710.000  3.29498e-14
  6712.000  3.37209e-14
  6714.000  3.52561e-14
  6716.000  3.65188e-14
  6718.000  3.70506e-14
  6720.000  3.65202e-14
  6722.000  3.54462e-14
  6724.000  3.45374e-14
  6726.000  3.36461e-14
  6728.000  3.33491e-14
  6730.000  3.42221e-14
  6732.000  3.49044e-14
  6734.000  3.46407e-14
  6736.000  3.37503e-14
  6738.000  3.22806e-14
  6740.000  3.04442e-14
  6742.000  2.94006e-14
  6744.000  2.86620e-14
  6746.000  2.78038e-14
  6748.000  2.74221e-14
  6750.000  2.60280e-14
  6752.000  2.37670e-14
  6754.000  2.19264e-14
  6756.000  2.08892e-14
  6758.000  2.05390e-14
  6760.000  2.07077e-14
  6762.000  2.18868e-14
  6764.000  2.37821e-14
  6766.000  2.46192e-14
  6768.000  2.50769e-14
  6770.000  2.55435e-14
  6772.000  2.43742e-14
  6774.000  2.34864e-14
  6776.000  2.32461e-14
  6778.000  2.33077e-14
  6780.000  2.31395e-14
  6782.000  2.27957e-14
  6784.000  2.28601e-14
  6786.000  2.36292e-14
  6788.000  2.41426e-14
  6790.000  2.45883e-14
  6792.000  2.55881e-14
  6794.000  2.71707e-14
  6796.000  2.76155e-14
  6798.000  2.64278e-14
  6800.000  2.59995e-14
  6802.000  2.60178e-14
  6804.000  2.55357e-14
  6806.000  2.44502e-14
  6808.000  2.39868e-14
  6810.000  2.36043e-14
  6812.000  2.34631e-14
  6814.000  2.37357e-14
  6816.000  2.41540e-14
  6818.000  2.46829e-14
  6820.000  2.46927e-14
  6822.000  2.40876e-14
  6824.000  2.34744e-14
  6826.000  2.39798e-14
  6828.000  2.48836e-14
  6830.000  2.46866e-14
  6832.000  2.40751e-14
  6834.000  2.39754e-14
  6836.000  2.39061e-14
  6838.000  2.32678e-14
  6840.000  2.24784e-14
  6842.000  2.24467e-14
  6844.000  2.28586e-14
  6846.000  2.38519e-14
  6848.000  2.57968e-14
  6850.000  2.63094e-14
  6852.000  2.63935e-14
  6854.000  2.63357e-14
  6856.000  2.60188e-14
  6858.000  2.63340e-14
  6860.000  2.69192e-14
  6862.000  2.71178e-14
  6864.000  2.68097e-14
  6866.000  2.63618e-14
  6868.000  2.53822e-14
  6870.000  2.47814e-14
  6872.000  2.48631e-14
  6874.000  2.52289e-14
  6876.000  2.58630e-14
  6878.000  2.67083e-14
  6880.000  2.67512e-14
  6882.000  2.65990e-14
  6884.000  2.65790e-14
  6886.000  2.61285e-14
  6888.000  2.45721e-14
  6890.000  2.50996e-14
  6892.000  2.53872e-14
  6894.000  2.56160e-14
  6896.000  2.55688e-14
  6898.000  2.50777e-14
  6900.000  2.41282e-14
  6902.000  2.41746e-14
  6904.000  2.49728e-14
  6906.000  2.53900e-14
  6908.000  2.52576e-14
  6910.000  2.56244e-14
  6912.000  2.62050e-14
  6914.000  2.57126e-14
  6916.000  2.49437e-14
  6918.000  2.47329e-14
  6920.000  2.60497e-14
  6922.000  2.74516e-14
  6924.000  2.64151e-14
  6926.000  2.55223e-14
  6928.000  2.54574e-14
  6930.000  2.65589e-14
  6932.000  2.77093e-14
  6934.000  2.75718e-14
  6936.000  2.68667e-14
  6938.000  2.65166e-14
  6940.000  2.70041e-14
  6942.000  2.74645e-14
  6944.000  2.70199e-14
  6946.000  2.59816e-14
  6948.000  2.57544e-14
  6950.000  2.68920e-14
  6952.000  2.79150e-14
  6954.000  2.85179e-14
  6956.000  2.94268e-14
  6958.000  3.00252e-14
  6960.000  3.00279e-14
  6962.000  2.92803e-14
  6964.000  2.75748e-14
  6966.000  2.62507e-14
  6968.000  2.63486e-14
  6970.000  2.73515e-14
  6972.000  2.76485e-14
  6974.000  2.75841e-14
  6976.000  2.82434e-14
  6978.000  2.89052e-14
  6980.000  2.70071e-14
  6982.000  2.67105e-14
  6984.000  2.71453e-14
  6986.000  2.68293e-14
  6988.000  2.68020e-14
  6990.000  2.77612e-14
  6992.000  2.83288e-14
  6994.000  2.92194e-14
  6996.000  3.05292e-14
  6998.000  2.98679e-14
  7000.000  2.85596e-14
  7002.000  2.74202e-14
  7004.000  2.73229e-14
  7006.000  2.85189e-14
  7008.000  2.81142e-14
  7010.000  2.66828e-14
  7012.000  2.64258e-14
  7014.000  2.63202e-14
  7016.000  2.60310e-14
  7018.000  2.62486e-14
  7020.000  2.71031e-14
  7022.000  2.71738e-14
  7024.000  2.77575e-14
  7026.000  2.77355e-14
  7028.000  2.76914e-14
  7030.000  2.73360e-14
  7032.000  2.72080e-14
  7034.000  2.74908e-14
  7036.000  2.77892e-14
  7038.000  2.81549e-14
  7040.000  2.79707e-14
  7042.000  2.71024e-14
  7044.000  2.62581e-14
  7046.000  2.59878e-14
  7048.000  2.56890e-14
  7050.000  2.54347e-14
  7052.000  2.46819e-14
  7054.000  2.45544e-14
  7056.000  2.49332e-14
  7058.000  2.45069e-14
  7060.000  2.41108e-14
  7062.000  2.40296e-14
  7064.000  2.44175e-14
  7066.000  2.46340e-14
  7068.000  2.39463e-14
  7070.000  2.26336e-14
  7072.000  2.18039e-14
  7074.000  2.20407e-14
  7076.000  2.29403e-14
  7078.000  7.41338e-15
