# agn/qso  |  Francis et al. 1991, ApJ 373, 465 (qso composite) + spextra AGN set
# columns: wavelength_Angstrom  flam_erg_s_cm2_A (absolute scale arbitrary - ETC renormalizes)
   800.000  5.28777e-14
   802.500  5.49404e-14
   805.000  3.65750e-14
   807.500  3.00897e-14
   810.000  3.85279e-14
   812.500  3.94306e-14
   815.000  3.51503e-14
   817.500  4.87481e-14
   820.000  4.27262e-14
   822.500  4.46842e-14
   825.000  4.30623e-14
   827.500  3.18930e-14
   830.000  2.46217e-14
   832.500  1.84342e-14
   835.000  3.97370e-14
   837.500  5.21416e-14
   840.000  4.73161e-14
   842.500  5.49731e-14
   845.000  5.67466e-14
   847.500  6.11146e-14
   850.000  4.92825e-14
   852.500  5.75995e-14
   855.000  7.47443e-14
   857.500  6.54586e-14
   860.000  5.83294e-14
   862.500  6.03953e-14
   865.000  7.32514e-14
   867.500  6.33106e-14
   870.000  7.60549e-14
   872.500  8.16621e-14
   875.000  8.61852e-14
   877.500  9.31907e-14
   880.000  9.67808e-14
   882.500  9.12211e-14
   885.000  1.01070e-13
   887.500  9.16200e-14
   890.000  9.02861e-14
   892.500  8.85819e-14
   895.000  1.00481e-13
   897.500  9.76254e-14
   900.000  1.06323e-13
   902.500  1.23322e-13
   905.000  1.24093e-13
   907.500  1.25251e-13
   910.000  1.37399e-13
   912.500  1.34989e-13
   915.000  1.48212e-13
   917.500  1.56974e-13
   920.000  1.47273e-13
   922.500  1.56374e-13
   925.000  1.62375e-13
   927.500  1.57611e-13
   930.000  1.62386e-13
   932.500  1.80502e-13
   935.000  1.80327e-13
   937.500  1.53035e-13
   940.000  1.89912e-13
   942.500  1.91738e-13
   945.000  1.93805e-13
   947.500  1.86505e-13
   950.000  2.04028e-13
   952.500  2.00983e-13
   955.000  1.93352e-13
   957.500  1.90762e-13
   960.000  1.73916e-13
   962.500  1.92043e-13
   965.000  1.76564e-13
   967.500  1.87218e-13
   970.000  1.88719e-13
   972.500  2.03323e-13
   975.000  2.14544e-13
   977.500  2.24221e-13
   980.000  2.14245e-13
   982.500  2.15249e-13
   985.000  2.13049e-13
   987.500  2.16255e-13
   990.000  2.23814e-13
   992.500  2.21150e-13
   995.000  2.18347e-13
   997.500  2.14082e-13
  1000.000  2.06136e-13
  1002.500  2.10771e-13
  1005.000  2.18730e-13
  1007.500  2.17967e-13
  1010.000  2.26727e-13
  1012.500  2.11081e-13
  1015.000  2.17750e-13
  1017.500  2.19632e-13
  1020.000  2.07742e-13
  1022.500  2.23901e-13
  1025.000  2.25760e-13
  1027.500  2.60047e-13
  1030.000  2.68495e-13
  1032.500  2.83259e-13
  1035.000  2.91293e-13
  1037.500  2.81852e-13
  1040.000  2.66264e-13
  1042.500  2.57524e-13
  1045.000  2.34993e-13
  1047.500  2.28792e-13
  1050.000  2.26530e-13
  1052.500  2.09020e-13
  1055.000  2.08767e-13
  1057.500  2.12285e-13
  1060.000  2.26259e-13
  1062.500  2.25527e-13
  1065.000  2.08588e-13
  1067.500  2.12773e-13
  1070.000  2.07837e-13
  1072.500  2.02616e-13
  1075.000  2.08325e-13
  1077.500  2.10697e-13
  1080.000  2.14338e-13
  1082.500  2.22481e-13
  1085.000  2.23626e-13
  1087.500  2.18256e-13
  1090.000  2.17441e-13
  1092.500  2.15045e-13
  1095.000  2.05771e-13
  1097.500  2.04549e-13
  1100.000  1.95523e-13
  1102.500  2.01734e-13
  1105.000  1.95016e-13
  1107.500  2.04807e-13
  1110.000  2.00888e-13
  1112.500  2.00501e-13
  1115.000  2.03165e-13
  1117.500  2.15243e-13
  1120.000  2.18500e-13
  1122.500  2.18648e-13
  1125.000  2.17522e-13
  1127.500  2.16550e-13
  1130.000  2.15940e-13
  1132.500  2.16734e-13
  1135.000  2.06978e-13
  1137.500  2.12393e-13
  1140.000  2.07458e-13
  1142.500  2.06507e-13
  1145.000  2.03052e-13
  1147.500  1.90483e-13
  1150.000  1.88777e-13
  1152.500  1.95983e-13
  1155.000  2.00760e-13
  1157.500  2.12468e-13
  1160.000  2.08380e-13
  1162.500  2.08855e-13
  1165.000  2.20879e-13
  1167.500  2.22459e-13
  1170.000  2.20858e-13
  1172.500  2.33123e-13
  1175.000  2.31567e-13
  1177.500  2.39616e-13
  1180.000  2.38783e-13
  1182.500  2.48722e-13
  1185.000  2.49635e-13
  1187.500  2.61583e-13
  1190.000  2.71674e-13
  1192.500  2.88190e-13
  1195.000  2.93652e-13
  1197.500  3.13470e-13
  1200.000  3.27092e-13
  1202.500  3.54314e-13
  1205.000  3.83647e-13
  1207.500  4.21056e-13
  1210.000  4.72445e-13
  1212.500  5.11835e-13
  1215.000  5.47613e-13
  1217.500  5.85370e-13
  1220.000  5.67782e-13
  1222.500  5.35517e-13
  1225.000  4.61866e-13
  1227.500  4.60102e-13
  1230.000  4.42073e-13
  1232.500  4.52072e-13
  1235.000  4.51868e-13
  1237.500  4.54476e-13
  1240.000  4.50776e-13
  1242.500  4.38076e-13
  1245.000  4.06596e-13
  1247.500  3.81341e-13
  1250.000  3.55824e-13
  1252.500  3.35413e-13
  1255.000  3.18161e-13
  1257.500  3.06551e-13
  1260.000  3.02782e-13
  1262.500  2.98526e-13
  1265.000  2.92217e-13
  1267.500  2.85858e-13
  1270.000  2.77399e-13
  1272.500  2.71720e-13
  1275.000  2.57657e-13
  1277.500  2.50829e-13
  1280.000  2.48411e-13
  1282.500  2.43258e-13
  1285.000  2.38180e-13
  1287.500  2.37221e-13
  1290.000  2.39262e-13
  1292.500  2.40479e-13
  1295.000  2.45882e-13
  1297.500  2.45099e-13
  1300.000  2.46781e-13
  1302.500  2.49322e-13
  1305.000  2.57783e-13
  1307.500  2.55795e-13
  1310.000  2.53813e-13
  1312.500  2.50288e-13
  1315.000  2.46886e-13
  1317.500  2.37356e-13
  1320.000  2.34955e-13
  1322.500  2.30484e-13
  1325.000  2.28748e-13
  1327.500  2.29791e-13
  1330.000  2.35771e-13
  1332.500  2.38303e-13
  1335.000  2.41002e-13
  1337.500  2.42422e-13
  1340.000  2.41735e-13
  1342.500  2.37362e-13
  1345.000  2.38039e-13
  1347.500  2.33503e-13
  1350.000  2.31505e-13
  1352.500  2.30135e-13
  1355.000  2.28075e-13
  1357.500  2.31485e-13
  1360.000  2.30246e-13
  1362.500  2.28707e-13
  1365.000  2.28356e-13
  1367.500  2.31069e-13
  1370.000  2.33789e-13
  1372.500  2.36509e-13
  1375.000  2.35065e-13
  1377.500  2.37213e-13
  1380.000  2.41862e-13
  1382.500  2.44704e-13
  1385.000  2.51309e-13
  1387.500  2.55024e-13
  1390.000  2.62775e-13
  1392.500  2.65889e-13
  1395.000  2.71040e-13
  1397.500  2.75396e-13
  1400.000  2.75440e-13
  1402.500  2.71562e-13
  1405.000  2.68873e-13
  1407.500  2.60440e-13
  1410.000  2.51192e-13
  1412.500  2.45835e-13
  1415.000  2.39210e-13
  1417.500  2.32667e-13
  1420.000  2.29444e-13
  1422.500  2.23863e-13
  1425.000  2.23325e-13
  1427.500  2.20685e-13
  1430.000  2.18452e-13
  1432.500  2.17460e-13
  1435.000  2.15317e-13
  1437.500  2.15454e-13
  1440.000  2.12059e-13
  1442.500  2.11654e-13
  1445.000  2.09847e-13
  1447.500  2.10423e-13
  1450.000  2.08731e-13
  1452.500  2.10272e-13
  1455.000  2.09685e-13
  1457.500  2.09998e-13
  1460.000  2.09546e-13
  1462.500  2.08917e-13
  1465.000  2.09750e-13
  1467.500  2.08157e-13
  1470.000  2.08334e-13
  1472.500  2.09241e-13
  1475.000  2.08889e-13
  1477.500  2.07274e-13
  1480.000  2.08856e-13
  1482.500  2.11386e-13
  1485.000  2.12422e-13
  1487.500  2.13331e-13
  1490.000  2.16404e-13
  1492.500  2.14629e-13
  1495.000  2.16601e-13
  1497.500  2.20791e-13
  1500.000  2.21986e-13
  1502.500  2.21432e-13
  1505.000  2.24390e-13
  1507.500  2.26459e-13
  1510.000  2.27296e-13
  1512.500  2.32263e-13
  1515.000  2.33998e-13
  1517.500  2.41148e-13
  1520.000  2.42790e-13
  1522.500  2.51904e-13
  1525.000  2.56339e-13
  1527.500  2.65196e-13
  1530.000  2.72976e-13
  1532.500  2.81820e-13
  1535.000  2.90260e-13
  1537.500  3.06322e-13
  1540.000  3.24080e-13
  1542.500  3.40824e-13
  1545.000  3.47624e-13
  1547.500  3.56648e-13
  1550.000  3.51948e-13
  1552.500  3.36087e-13
  1555.000  3.19875e-13
  1557.500  3.00604e-13
  1560.000  2.81885e-13
  1562.500  2.66826e-13
  1565.000  2.56923e-13
  1567.500  2.46983e-13
  1570.000  2.40716e-13
  1572.500  2.34130e-13
  1575.000  2.29689e-13
  1577.500  2.24681e-13
  1580.000  2.22468e-13
  1582.500  2.18818e-13
  1585.000  2.17834e-13
  1587.500  2.16472e-13
  1590.000  2.15498e-13
  1592.500  2.13979e-13
  1595.000  2.11813e-13
  1597.500  2.12003e-13
  1600.000  2.11146e-13
  1602.500  2.11771e-13
  1605.000  2.12191e-13
  1607.500  2.10300e-13
  1610.000  2.10051e-13
  1612.500  2.10795e-13
  1615.000  2.10340e-13
  1617.500  2.10371e-13
  1620.000  2.10714e-13
  1622.500  2.11655e-13
  1625.000  2.11802e-13
  1627.500  2.11223e-13
  1630.000  2.11258e-13
  1632.500  2.12216e-13
  1635.000  2.11457e-13
  1637.500  2.11044e-13
  1640.000  2.11341e-13
  1642.500  2.07020e-13
  1645.000  2.03219e-13
  1647.500  2.01033e-13
  1650.000  2.01521e-13
  1652.500  2.00224e-13
  1655.000  2.00805e-13
  1657.500  1.99350e-13
  1660.000  2.00864e-13
  1662.500  2.03239e-13
  1665.000  1.99807e-13
  1667.500  1.99891e-13
  1670.000  1.98267e-13
  1672.500  1.95030e-13
  1675.000  1.93067e-13
  1677.500  1.91298e-13
  1680.000  1.87195e-13
  1682.500  1.86297e-13
  1685.000  1.84433e-13
  1687.500  1.83484e-13
  1690.000  1.83701e-13
  1692.500  1.83337e-13
  1695.000  1.82239e-13
  1697.500  1.82140e-13
  1700.000  1.81427e-13
  1702.500  1.83885e-13
  1705.000  1.82006e-13
  1707.500  1.84430e-13
  1710.000  1.83309e-13
  1712.500  1.85504e-13
  1715.000  1.83203e-13
  1717.500  1.84938e-13
  1720.000  1.83829e-13
  1722.500  1.84540e-13
  1725.000  1.83438e-13
  1727.500  1.84408e-13
  1730.000  1.84055e-13
  1732.500  1.82686e-13
  1735.000  1.81821e-13
  1737.500  1.81521e-13
  1740.000  1.81499e-13
  1742.500  1.83053e-13
  1745.000  1.82482e-13
  1747.500  1.83334e-13
  1750.000  1.82811e-13
  1752.500  1.83147e-13
  1755.000  1.79191e-13
  1757.500  1.78331e-13
  1760.000  1.77861e-13
  1762.500  1.76945e-13
  1765.000  1.76342e-13
  1767.500  1.74844e-13
  1770.000  1.74034e-13
  1772.500  1.74003e-13
  1775.000  1.74644e-13
  1777.500  1.74198e-13
  1780.000  1.72111e-13
  1782.500  1.72963e-13
  1785.000  1.72996e-13
  1787.500  1.74733e-13
  1790.000  1.73341e-13
  1792.500  1.72823e-13
  1795.000  1.73073e-13
  1797.500  1.70310e-13
  1800.000  1.68275e-13
  1802.500  1.69483e-13
  1805.000  1.69086e-13
  1807.500  1.68167e-13
  1810.000  1.67145e-13
  1812.500  1.68453e-13
  1815.000  1.69492e-13
  1817.500  1.68597e-13
  1820.000  1.68005e-13
  1822.500  1.67348e-13
  1825.000  1.67720e-13
  1827.500  1.67370e-13
  1830.000  1.65825e-13
  1832.500  1.65957e-13
  1835.000  1.68585e-13
  1837.500  1.67561e-13
  1840.000  1.70042e-13
  1842.500  1.71435e-13
  1845.000  1.72868e-13
  1847.500  1.75352e-13
  1850.000  1.77183e-13
  1852.500  1.78105e-13
  1855.000  1.79509e-13
  1857.500  1.80577e-13
  1860.000  1.81686e-13
  1862.500  1.81162e-13
  1865.000  1.80501e-13
  1867.500  1.80787e-13
  1870.000  1.79752e-13
  1872.500  1.79744e-13
  1875.000  1.81362e-13
  1877.500  1.80970e-13
  1880.000  1.84619e-13
  1882.500  1.87525e-13
  1885.000  1.92319e-13
  1887.500  1.95893e-13
  1890.000  2.01132e-13
  1892.500  2.04441e-13
  1895.000  2.07245e-13
  1897.500  2.10411e-13
  1900.000  2.12177e-13
  1902.500  2.13770e-13
  1905.000  2.19518e-13
  1907.500  2.21498e-13
  1910.000  2.18298e-13
  1912.500  2.13387e-13
  1915.000  2.07292e-13
  1917.500  2.01303e-13
  1920.000  1.92465e-13
  1922.500  1.87524e-13
  1925.000  1.84442e-13
  1927.500  1.78108e-13
  1930.000  1.74554e-13
  1932.500  1.72462e-13
  1935.000  1.68227e-13
  1937.500  1.64957e-13
  1940.000  1.61816e-13
  1942.500  1.60299e-13
  1945.000  1.57973e-13
  1947.500  1.56559e-13
  1950.000  1.55870e-13
  1952.500  1.55358e-13
  1955.000  1.54710e-13
  1957.500  1.54790e-13
  1960.000  1.52965e-13
  1962.500  1.50218e-13
  1965.000  1.48525e-13
  1967.500  1.47747e-13
  1970.000  1.47037e-13
  1972.500  1.45886e-13
  1975.000  1.47337e-13
  1977.500  1.46026e-13
  1980.000  1.46466e-13
  1982.500  1.44894e-13
  1985.000  1.44639e-13
  1987.500  1.45875e-13
  1990.000  1.45718e-13
  1992.500  1.46662e-13
  1995.000  1.46014e-13
  1997.500  1.45154e-13
  2000.000  1.45689e-13
  2002.500  1.44669e-13
  2005.000  1.43901e-13
  2007.500  1.43713e-13
  2010.000  1.43515e-13
  2012.500  1.42207e-13
  2015.000  1.41338e-13
  2017.500  1.40818e-13
  2020.000  1.40628e-13
  2022.500  1.40997e-13
  2025.000  1.41231e-13
  2027.500  1.39908e-13
  2030.000  1.40880e-13
  2032.500  1.40049e-13
  2035.000  1.38509e-13
  2037.500  1.38526e-13
  2040.000  1.40122e-13
  2042.500  1.40278e-13
  2045.000  1.39962e-13
  2047.500  1.39714e-13
  2050.000  1.40066e-13
  2052.500  1.38869e-13
  2055.000  1.40555e-13
  2057.500  1.41356e-13
  2060.000  1.42710e-13
  2062.500  1.42856e-13
  2065.000  1.43650e-13
  2067.500  1.42742e-13
  2070.000  1.43599e-13
  2072.500  1.43745e-13
  2075.000  1.42260e-13
  2077.500  1.41073e-13
  2080.000  1.41446e-13
  2082.500  1.40461e-13
  2085.000  1.39488e-13
  2087.500  1.38331e-13
  2090.000  1.36926e-13
  2092.500  1.37284e-13
  2095.000  1.36342e-13
  2097.500  1.36020e-13
  2100.000  1.35798e-13
  2102.500  1.36056e-13
  2105.000  1.36005e-13
  2107.500  1.34167e-13
  2110.000  1.33487e-13
  2112.500  1.33087e-13
  2115.000  1.31811e-13
  2117.500  1.31191e-13
  2120.000  1.27694e-13
  2122.500  1.27152e-13
  2125.000  1.25354e-13
  2127.500  1.26419e-13
  2130.000  1.26240e-13
  2132.500  1.26071e-13
  2135.000  1.26404e-13
  2137.500  1.26907e-13
  2140.000  1.26239e-13
  2142.500  1.25908e-13
  2145.000  1.24335e-13
  2147.500  1.23954e-13
  2150.000  1.23433e-13
  2152.500  1.22232e-13
  2155.000  1.22340e-13
  2157.500  1.20708e-13
  2160.000  1.20633e-13
  2162.500  1.20771e-13
  2165.000  1.21690e-13
  2167.500  1.21018e-13
  2170.000  1.22212e-13
  2172.500  1.22580e-13
  2175.000  1.20930e-13
  2177.500  1.22080e-13
  2180.000  1.21614e-13
  2182.500  1.20542e-13
  2185.000  1.20321e-13
  2187.500  1.19095e-13
  2190.000  1.18899e-13
  2192.500  1.17753e-13
  2195.000  1.17016e-13
  2197.500  1.15489e-13
  2200.000  1.15383e-13
  2202.500  1.15021e-13
  2205.000  1.15021e-13
  2207.500  1.14212e-13
  2210.000  1.15299e-13
  2212.500  1.15566e-13
  2215.000  1.16159e-13
  2217.500  1.16753e-13
  2220.000  1.16363e-13
  2222.500  1.15227e-13
  2225.000  1.16278e-13
  2227.500  1.15922e-13
  2230.000  1.14587e-13
  2232.500  1.13497e-13
  2235.000  1.12687e-13
  2237.500  1.12390e-13
  2240.000  1.13135e-13
  2242.500  1.12040e-13
  2245.000  1.12098e-13
  2247.500  1.12769e-13
  2250.000  1.13486e-13
  2252.500  1.14837e-13
  2255.000  1.12594e-13
  2257.500  1.13875e-13
  2260.000  1.13969e-13
  2262.500  1.13254e-13
  2265.000  1.14230e-13
  2267.500  1.14060e-13
  2270.000  1.13528e-13
  2272.500  1.13874e-13
  2275.000  1.13833e-13
  2277.500  1.13731e-13
  2280.000  1.14166e-13
  2282.500  1.14827e-13
  2285.000  1.15146e-13
  2287.500  1.15659e-13
  2290.000  1.16617e-13
  2292.500  1.16569e-13
  2295.000  1.15244e-13
  2297.500  1.16270e-13
  2300.000  1.17092e-13
  2302.500  1.18338e-13
  2305.000  1.17479e-13
  2307.500  1.18160e-13
  2310.000  1.18152e-13
  2312.500  1.17543e-13
  2315.000  1.18406e-13
  2317.500  1.18064e-13
  2320.000  1.18390e-13
  2322.500  1.18910e-13
  2325.000  1.19017e-13
  2327.500  1.19118e-13
  2330.000  1.19333e-13
  2332.500  1.17764e-13
  2335.000  1.17766e-13
  2337.500  1.17356e-13
  2340.000  1.16644e-13
  2342.500  1.15341e-13
  2345.000  1.14393e-13
  2347.500  1.14542e-13
  2350.000  1.14143e-13
  2352.500  1.12516e-13
  2355.000  1.12173e-13
  2357.500  1.12914e-13
  2360.000  1.13158e-13
  2362.500  1.12116e-13
  2365.000  1.11774e-13
  2367.500  1.11766e-13
  2370.000  1.10837e-13
  2372.500  1.10970e-13
  2375.000  1.10920e-13
  2377.500  1.10695e-13
  2380.000  1.10132e-13
  2382.500  1.09993e-13
  2385.000  1.10357e-13
  2387.500  1.08999e-13
  2390.000  1.10188e-13
  2392.500  1.10329e-13
  2395.000  1.10388e-13
  2397.500  1.11250e-13
  2400.000  1.11916e-13
  2402.500  1.11832e-13
  2405.000  1.09941e-13
  2407.500  1.11644e-13
  2410.000  1.12832e-13
  2412.500  1.13616e-13
  2415.000  1.14472e-13
  2417.500  1.15229e-13
  2420.000  1.16458e-13
  2422.500  1.17327e-13
  2425.000  1.15932e-13
  2427.500  1.13763e-13
  2430.000  1.13235e-13
  2432.500  1.13781e-13
  2435.000  1.12274e-13
  2437.500  1.12819e-13
  2440.000  1.12715e-13
  2442.500  1.11227e-13
  2445.000  1.10353e-13
  2447.500  1.10815e-13
  2450.000  1.08721e-13
  2452.500  1.07234e-13
  2455.000  1.08382e-13
  2457.500  1.08261e-13
  2460.000  1.07088e-13
  2462.500  1.08991e-13
  2465.000  1.08366e-13
  2467.500  1.09157e-13
  2470.000  1.10045e-13
  2472.500  1.09786e-13
  2475.000  1.09914e-13
  2477.500  1.09959e-13
  2480.000  1.08908e-13
  2482.500  1.09147e-13
  2485.000  1.08723e-13
  2487.500  1.09790e-13
  2490.000  1.07967e-13
  2492.500  1.07886e-13
  2495.000  1.08906e-13
  2497.500  1.06855e-13
  2500.000  1.07728e-13
  2502.500  1.07096e-13
  2505.000  1.06650e-13
  2507.500  1.07173e-13
  2510.000  1.06567e-13
  2512.500  1.05833e-13
  2515.000  1.06080e-13
  2517.500  1.05817e-13
  2520.000  1.04930e-13
  2522.500  1.03303e-13
  2525.000  1.03738e-13
  2527.500  1.03437e-13
  2530.000  1.04060e-13
  2532.500  1.03810e-13
  2535.000  1.03733e-13
  2537.500  1.04415e-13
  2540.000  1.03472e-13
  2542.500  1.03110e-13
  2545.000  1.02758e-13
  2547.500  1.01967e-13
  2550.000  1.01862e-13
  2552.500  1.02114e-13
  2555.000  1.01494e-13
  2557.500  1.00574e-13
  2560.000  1.01068e-13
  2562.500  1.00601e-13
  2565.000  1.00530e-13
  2567.500  9.95246e-14
  2570.000  9.96394e-14
  2572.500  9.90691e-14
  2575.000  9.80747e-14
  2577.500  9.88931e-14
  2580.000  9.84230e-14
  2582.500  9.78738e-14
  2585.000  9.86218e-14
  2587.500  9.72405e-14
  2590.000  9.77793e-14
  2592.500  9.54111e-14
  2595.000  9.51494e-14
  2597.500  9.66351e-14
  2600.000  9.65113e-14
  2602.500  9.68969e-14
  2605.000  9.69050e-14
  2607.500  9.57943e-14
  2610.000  9.62744e-14
  2612.500  9.59989e-14
  2615.000  9.55946e-14
  2617.500  9.67689e-14
  2620.000  9.59119e-14
  2622.500  9.58620e-14
  2625.000  9.45630e-14
  2627.500  9.43854e-14
  2630.000  9.47609e-14
  2632.500  9.36626e-14
  2635.000  9.31631e-14
  2637.500  9.23952e-14
  2640.000  9.19231e-14
  2642.500  9.08908e-14
  2645.000  8.91282e-14
  2647.500  8.84301e-14
  2650.000  8.88177e-14
  2652.500  8.89796e-14
  2655.000  8.84198e-14
  2657.500  8.79085e-14
  2660.000  8.76818e-14
  2662.500  8.78695e-14
  2665.000  8.92081e-14
  2667.500  8.94136e-14
  2670.000  8.95803e-14
  2672.500  9.00872e-14
  2675.000  8.94560e-14
  2677.500  8.89495e-14
  2680.000  8.78124e-14
  2682.500  8.83389e-14
  2685.000  8.83767e-14
  2687.500  8.86149e-14
  2690.000  8.84316e-14
  2692.500  8.87117e-14
  2695.000  8.91513e-14
  2697.500  8.90488e-14
  2700.000  8.88487e-14
  2702.500  8.91116e-14
  2705.000  9.00516e-14
  2707.500  9.10558e-14
  2710.000  9.15042e-14
  2712.500  9.22349e-14
  2715.000  9.20880e-14
  2717.500  9.07026e-14
  2720.000  9.08539e-14
  2722.500  9.19873e-14
  2725.000  9.23802e-14
  2727.500  9.35598e-14
  2730.000  9.30872e-14
  2732.500  9.30141e-14
  2735.000  9.30451e-14
  2737.500  9.25589e-14
  2740.000  9.29673e-14
  2742.500  9.45352e-14
  2745.000  9.56433e-14
  2747.500  9.56171e-14
  2750.000  9.71966e-14
  2752.500  9.68574e-14
  2755.000  9.61171e-14
  2757.500  9.69333e-14
  2760.000  9.75774e-14
  2762.500  9.65359e-14
  2765.000  9.56030e-14
  2767.500  9.54889e-14
  2770.000  9.73405e-14
  2772.500  9.79736e-14
  2775.000  9.92017e-14
  2777.500  1.01401e-13
  2780.000  1.05049e-13
  2782.500  1.08283e-13
  2785.000  1.11583e-13
  2787.500  1.15950e-13
  2790.000  1.22154e-13
  2792.500  1.28493e-13
  2795.000  1.32656e-13
  2797.500  1.36304e-13
  2800.000  1.35962e-13
  2802.500  1.33645e-13
  2805.000  1.30513e-13
  2807.500  1.24317e-13
  2810.000  1.18038e-13
  2812.500  1.12944e-13
  2815.000  1.07945e-13
  2817.500  1.03466e-13
  2820.000  1.01647e-13
  2822.500  9.96563e-14
  2825.000  9.82068e-14
  2827.500  9.68063e-14
  2830.000  9.54499e-14
  2832.500  9.46894e-14
  2835.000  9.32745e-14
  2837.500  9.29161e-14
  2840.000  9.17682e-14
  2842.500  9.07440e-14
  2845.000  9.01569e-14
  2847.500  9.00603e-14
  2850.000  8.94771e-14
  2852.500  8.91689e-14
  2855.000  8.81575e-14
  2857.500  8.69562e-14
  2860.000  8.72180e-14
  2862.500  8.55242e-14
  2865.000  8.55452e-14
  2867.500  8.49415e-14
  2870.000  8.43112e-14
  2872.500  8.46220e-14
  2875.000  8.41019e-14
  2877.500  8.31906e-14
  2880.000  8.23657e-14
  2882.500  8.14721e-14
  2885.000  8.24724e-14
  2887.500  8.17879e-14
  2890.000  8.05230e-14
  2892.500  7.99048e-14
  2895.000  7.98991e-14
  2897.500  8.07878e-14
  2900.000  7.97458e-14
  2902.500  7.83881e-14
  2905.000  7.70711e-14
  2907.500  7.80960e-14
  2910.000  7.79257e-14
  2912.500  7.78316e-14
  2915.000  7.76725e-14
  2917.500  7.83215e-14
  2920.000  7.82225e-14
  2922.500  7.91625e-14
  2925.000  7.97488e-14
  2927.500  7.98183e-14
  2930.000  8.01481e-14
  2932.500  7.99371e-14
  2935.000  8.01899e-14
  2937.500  7.98278e-14
  2940.000  8.00560e-14
  2942.500  7.94453e-14
  2945.000  8.03840e-14
  2947.500  7.95150e-14
  2950.000  7.90975e-14
  2952.500  7.90999e-14
  2955.000  7.90013e-14
  2957.500  7.94040e-14
  2960.000  7.96214e-14
  2962.500  7.94685e-14
  2965.000  7.84537e-14
  2967.500  7.86413e-14
  2970.000  7.86805e-14
  2972.500  7.83215e-14
  2975.000  7.74788e-14
  2977.500  7.72290e-14
  2980.000  7.78163e-14
  2982.500  7.74389e-14
  2985.000  7.61967e-14
  2987.500  7.53676e-14
  2990.000  7.53518e-14
  2992.500  7.46998e-14
  2995.000  7.43220e-14
  2997.500  7.33049e-14
  3000.000  7.37355e-14
  3002.500  7.31162e-14
  3005.000  7.21216e-14
  3007.500  7.17430e-14
  3010.000  7.16012e-14
  3012.500  7.10277e-14
  3015.000  7.00616e-14
  3017.500  6.94323e-14
  3020.000  6.90794e-14
  3022.500  6.87686e-14
  3025.000  6.86088e-14
  3027.500  6.92336e-14
  3030.000  6.90097e-14
  3032.500  6.84985e-14
  3035.000  6.81097e-14
  3037.500  6.89399e-14
  3040.000  6.90761e-14
  3042.500  6.91174e-14
  3045.000  6.92442e-14
  3047.500  6.91116e-14
  3050.000  6.91490e-14
  3052.500  6.94431e-14
  3055.000  6.90348e-14
  3057.500  6.87207e-14
  3060.000  6.90130e-14
  3062.500  6.93151e-14
  3065.000  6.99992e-14
  3067.500  6.91198e-14
  3070.000  6.92603e-14
  3072.500  6.91356e-14
  3075.000  7.00631e-14
  3077.500  6.98973e-14
  3080.000  6.96175e-14
  3082.500  6.96395e-14
  3085.000  6.92649e-14
  3087.500  6.91859e-14
  3090.000  6.86240e-14
  3092.500  6.86942e-14
  3095.000  6.91541e-14
  3097.500  6.87778e-14
  3100.000  6.83898e-14
  3102.500  6.91441e-14
  3105.000  6.91538e-14
  3107.500  7.03329e-14
  3110.000  7.02687e-14
  3112.500  7.06752e-14
  3115.000  7.01084e-14
  3117.500  7.15123e-14
  3120.000  7.21343e-14
  3122.500  7.28351e-14
  3125.000  7.25945e-14
  3127.500  7.18864e-14
  3130.000  7.25639e-14
  3132.500  7.21985e-14
  3135.000  7.17939e-14
  3137.500  7.05011e-14
  3140.000  7.18122e-14
  3142.500  7.04808e-14
  3145.000  6.91067e-14
  3147.500  6.98801e-14
  3150.000  7.02443e-14
  3152.500  7.03777e-14
  3155.000  6.95359e-14
  3157.500  6.95461e-14
  3160.000  6.95200e-14
  3162.500  6.94316e-14
  3165.000  7.01335e-14
  3167.500  7.01272e-14
  3170.000  7.12256e-14
  3172.500  7.14001e-14
  3175.000  7.09051e-14
  3177.500  7.09961e-14
  3180.000  7.14277e-14
  3182.500  7.19243e-14
  3185.000  7.14988e-14
  3187.500  7.18569e-14
  3190.000  7.19884e-14
  3192.500  7.14738e-14
  3195.000  7.12247e-14
  3197.500  7.15503e-14
  3200.000  7.16138e-14
  3202.500  7.03769e-14
  3205.000  7.05502e-14
  3207.500  7.09758e-14
  3210.000  7.09853e-14
  3212.500  7.06470e-14
  3215.000  7.04655e-14
  3217.500  6.89782e-14
  3220.000  6.89844e-14
  3222.500  6.77526e-14
  3225.000  6.87501e-14
  3227.500  6.89113e-14
  3230.000  6.90761e-14
  3232.500  6.83691e-14
  3235.000  6.75070e-14
  3237.500  6.72092e-14
  3240.000  6.72159e-14
  3242.500  6.79361e-14
  3245.000  6.71408e-14
  3247.500  6.69911e-14
  3250.000  6.71596e-14
  3252.500  6.74003e-14
  3255.000  6.78777e-14
  3257.500  6.75442e-14
  3260.000  6.73080e-14
  3262.500  6.75197e-14
  3265.000  6.63929e-14
  3267.500  6.58840e-14
  3270.000  6.61751e-14
  3272.500  6.71875e-14
  3275.000  6.69429e-14
  3277.500  6.71914e-14
  3280.000  6.68642e-14
  3282.500  6.65786e-14
  3285.000  6.64413e-14
  3287.500  6.67584e-14
  3290.000  6.74778e-14
  3292.500  6.63445e-14
  3295.000  6.57689e-14
  3297.500  6.52707e-14
  3300.000  6.48401e-14
  3302.500  6.53547e-14
  3305.000  6.41479e-14
  3307.500  6.38298e-14
  3310.000  6.38159e-14
  3312.500  6.36323e-14
  3315.000  6.32324e-14
  3317.500  6.31728e-14
  3320.000  6.20085e-14
  3322.500  6.24753e-14
  3325.000  6.18404e-14
  3327.500  6.23075e-14
  3330.000  6.24298e-14
  3332.500  6.25576e-14
  3335.000  6.26698e-14
  3337.500  6.30537e-14
  3340.000  6.31236e-14
  3342.500  6.36786e-14
  3345.000  6.46123e-14
  3347.500  6.39214e-14
  3350.000  6.26562e-14
  3352.500  6.23075e-14
  3355.000  6.20995e-14
  3357.500  6.17562e-14
  3360.000  6.16235e-14
  3362.500  6.18191e-14
  3365.000  6.12494e-14
  3367.500  6.12474e-14
  3370.000  6.07732e-14
  3372.500  6.08169e-14
  3375.000  6.19208e-14
  3377.500  6.16535e-14
  3380.000  6.15871e-14
  3382.500  6.09885e-14
  3385.000  6.17800e-14
  3387.500  6.17135e-14
  3390.000  6.12178e-14
  3392.500  6.05239e-14
  3395.000  6.14125e-14
  3397.500  6.09557e-14
  3400.000  6.09863e-14
  3402.500  6.16549e-14
  3405.000  6.18447e-14
  3407.500  6.21246e-14
  3410.000  6.18817e-14
  3412.500  6.25466e-14
  3415.000  6.24903e-14
  3417.500  6.34671e-14
  3420.000  6.39517e-14
  3422.500  6.49317e-14
  3425.000  6.60864e-14
  3427.500  6.47263e-14
  3430.000  6.33429e-14
  3432.500  6.25189e-14
  3435.000  6.13974e-14
  3437.500  6.17847e-14
  3440.000  6.18677e-14
  3442.500  6.12074e-14
  3445.000  6.09942e-14
  3447.500  6.05697e-14
  3450.000  5.92111e-14
  3452.500  5.90430e-14
  3455.000  5.98692e-14
  3457.500  5.97788e-14
  3460.000  5.97069e-14
  3462.500  5.99458e-14
  3465.000  6.04478e-14
  3467.500  6.11828e-14
  3470.000  5.98277e-14
  3472.500  6.02367e-14
  3475.000  5.94076e-14
  3477.500  5.75586e-14
  3480.000  5.86940e-14
  3482.500  5.93579e-14
  3485.000  5.95197e-14
  3487.500  5.93055e-14
  3490.000  5.91276e-14
  3492.500  5.94028e-14
  3495.000  5.82083e-14
  3497.500  5.92930e-14
  3500.000  5.95428e-14
  3502.500  5.81501e-14
  3505.000  5.82370e-14
  3507.500  5.81027e-14
  3510.000  5.73023e-14
  3512.500  5.73243e-14
  3515.000  5.73384e-14
  3517.500  5.70561e-14
  3520.000  5.65031e-14
  3522.500  5.62227e-14
  3525.000  5.57078e-14
  3527.500  5.57023e-14
  3530.000  5.48959e-14
  3532.500  5.49484e-14
  3535.000  5.55495e-14
  3537.500  5.52190e-14
  3540.000  5.52093e-14
  3542.500  5.50015e-14
  3545.000  5.39534e-14
  3547.500  5.36713e-14
  3550.000  5.43308e-14
  3552.500  5.47134e-14
  3555.000  5.48151e-14
  3557.500  5.47367e-14
  3560.000  5.49858e-14
  3562.500  5.47736e-14
  3565.000  5.41011e-14
  3567.500  5.40487e-14
  3570.000  5.48401e-14
  3572.500  5.52157e-14
  3575.000  5.57600e-14
  3577.500  5.51185e-14
  3580.000  5.48321e-14
  3582.500  5.49098e-14
  3585.000  5.59652e-14
  3587.500  5.44145e-14
  3590.000  5.43701e-14
  3592.500  5.44673e-14
  3595.000  5.42526e-14
  3597.500  5.42221e-14
  3600.000  5.35607e-14
  3602.500  5.38144e-14
  3605.000  5.42206e-14
  3607.500  5.39970e-14
  3610.000  5.45193e-14
  3612.500  5.33952e-14
  3615.000  5.33129e-14
  3617.500  5.41528e-14
  3620.000  5.43637e-14
  3622.500  5.39615e-14
  3625.000  5.34308e-14
  3627.500  5.39235e-14
  3630.000  5.32785e-14
  3632.500  5.26074e-14
  3635.000  5.37670e-14
  3637.500  5.30828e-14
  3640.000  5.24414e-14
  3642.500  5.28755e-14
  3645.000  5.29774e-14
  3647.500  5.25326e-14
  3650.000  5.26453e-14
  3652.500  5.23380e-14
  3655.000  5.26700e-14
  3657.500  5.30647e-14
  3660.000  5.27875e-14
  3662.500  5.26523e-14
  3665.000  5.22987e-14
  3667.500  5.19414e-14
  3670.000  5.19627e-14
  3672.500  5.17150e-14
  3675.000  5.17397e-14
  3677.500  5.16224e-14
  3680.000  5.13850e-14
  3682.500  5.16689e-14
  3685.000  5.13287e-14
  3687.500  5.04222e-14
  3690.000  5.11937e-14
  3692.500  5.17056e-14
  3695.000  5.13753e-14
  3697.500  5.17630e-14
  3700.000  5.12656e-14
  3702.500  5.15519e-14
  3705.000  5.13874e-14
  3707.500  5.07338e-14
  3710.000  5.06278e-14
  3712.500  5.03989e-14
  3715.000  5.05325e-14
  3717.500  5.13727e-14
  3720.000  5.19529e-14
  3722.500  5.35071e-14
  3725.000  5.64391e-14
  3727.500  5.90602e-14
  3730.000  5.82491e-14
  3732.500  5.44378e-14
  3735.000  5.11149e-14
  3737.500  5.04970e-14
  3740.000  4.99649e-14
  3742.500  5.02474e-14
  3745.000  5.01832e-14
  3747.500  4.92098e-14
  3750.000  4.96173e-14
  3752.500  5.00427e-14
  3755.000  5.06975e-14
  3757.500  5.06195e-14
  3760.000  4.93059e-14
  3762.500  4.95911e-14
  3765.000  4.86062e-14
  3767.500  4.89209e-14
  3770.000  4.91538e-14
  3772.500  4.84349e-14
  3775.000  4.87053e-14
  3777.500  4.81808e-14
  3780.000  4.80583e-14
  3782.500  4.78373e-14
  3785.000  4.74645e-14
  3787.500  4.79002e-14
  3790.000  4.71551e-14
  3792.500  4.61576e-14
  3795.000  4.52954e-14
  3797.500  4.54714e-14
  3800.000  4.60095e-14
  3802.500  4.52517e-14
  3805.000  4.51400e-14
  3807.500  4.57413e-14
  3810.000  4.64938e-14
  3812.500  4.65041e-14
  3815.000  4.62179e-14
  3817.500  4.62279e-14
  3820.000  4.58868e-14
  3822.500  4.55758e-14
  3825.000  4.55054e-14
  3827.500  4.54259e-14
  3830.000  4.50482e-14
  3832.500  4.58863e-14
  3835.000  4.60523e-14
  3837.500  4.52964e-14
  3840.000  4.50960e-14
  3842.500  4.59026e-14
  3845.000  4.56184e-14
  3847.500  4.57194e-14
  3850.000  4.60429e-14
  3852.500  4.65768e-14
  3855.000  4.63864e-14
  3857.500  4.72145e-14
  3860.000  4.76978e-14
  3862.500  4.86147e-14
  3865.000  4.99389e-14
  3867.500  5.22794e-14
  3870.000  5.16383e-14
  3872.500  4.96563e-14
  3875.000  4.76036e-14
  3877.500  4.69696e-14
  3880.000  4.54868e-14
  3882.500  4.54884e-14
  3885.000  4.69591e-14
  3887.500  4.66675e-14
  3890.000  4.69858e-14
  3892.500  4.62123e-14
  3895.000  4.49923e-14
  3897.500  4.46000e-14
  3900.000  4.41748e-14
  3902.500  4.49819e-14
  3905.000  4.43322e-14
  3907.500  4.39612e-14
  3910.000  4.39167e-14
  3912.500  4.34471e-14
  3915.000  4.35971e-14
  3917.500  4.35899e-14
  3920.000  4.29407e-14
  3922.500  4.25871e-14
  3925.000  4.21586e-14
  3927.500  4.14644e-14
  3930.000  4.10554e-14
  3932.500  4.12339e-14
  3935.000  4.08157e-14
  3937.500  4.11906e-14
  3940.000  4.17782e-14
  3942.500  4.18136e-14
  3945.000  4.24912e-14
  3947.500  4.27493e-14
  3950.000  4.25981e-14
  3952.500  4.19713e-14
  3955.000  4.29457e-14
  3957.500  4.28573e-14
  3960.000  4.34519e-14
  3962.500  4.34668e-14
  3965.000  4.32658e-14
  3967.500  4.33865e-14
  3970.000  4.30366e-14
  3972.500  4.27653e-14
  3975.000  4.19338e-14
  3977.500  4.22049e-14
  3980.000  4.22406e-14
  3982.500  4.17779e-14
  3985.000  4.19706e-14
  3987.500  4.16726e-14
  3990.000  4.04472e-14
  3992.500  4.12094e-14
  3995.000  4.11257e-14
  3997.500  4.03369e-14
  4000.000  4.02012e-14
  4002.500  3.97586e-14
  4005.000  4.01901e-14
  4007.500  3.96541e-14
  4010.000  3.94017e-14
  4012.500  3.99795e-14
  4015.000  3.98351e-14
  4017.500  4.07149e-14
  4020.000  4.04045e-14
  4022.500  3.96187e-14
  4025.000  3.99079e-14
  4027.500  3.94373e-14
  4030.000  3.88435e-14
  4032.500  3.89701e-14
  4035.000  3.89345e-14
  4037.500  3.85320e-14
  4040.000  3.88157e-14
  4042.500  3.83058e-14
  4045.000  3.80091e-14
  4047.500  3.81607e-14
  4050.000  3.92783e-14
  4052.500  3.86760e-14
  4055.000  3.82677e-14
  4057.500  3.91917e-14
  4060.000  3.90356e-14
  4062.500  3.89587e-14
  4065.000  3.94154e-14
  4067.500  4.06126e-14
  4070.000  4.11090e-14
  4072.500  4.08492e-14
  4075.000  4.05905e-14
  4077.500  4.03350e-14
  4080.000  4.03703e-14
  4082.500  4.07484e-14
  4085.000  4.16223e-14
  4087.500  4.15843e-14
  4090.000  4.17021e-14
  4092.500  4.27976e-14
  4095.000  4.29971e-14
  4097.500  4.25898e-14
  4100.000  4.49566e-14
  4102.500  4.46552e-14
  4105.000  4.36224e-14
  4107.500  4.26554e-14
  4110.000  4.20108e-14
  4112.500  4.20626e-14
  4115.000  4.20880e-14
  4117.500  4.08123e-14
  4120.000  4.06237e-14
  4122.500  4.01484e-14
  4125.000  3.97743e-14
  4127.500  3.96933e-14
  4130.000  3.93805e-14
  4132.500  3.96173e-14
  4135.000  3.89544e-14
  4137.500  3.85577e-14
  4140.000  3.81714e-14
  4142.500  3.74748e-14
  4145.000  3.72917e-14
  4147.500  3.62303e-14
  4150.000  3.67101e-14
  4152.500  3.73715e-14
  4155.000  3.66132e-14
  4157.500  3.73532e-14
  4160.000  3.76657e-14
  4162.500  3.67284e-14
  4165.000  3.73717e-14
  4167.500  3.70530e-14
  4170.000  3.69541e-14
  4172.500  3.73614e-14
  4175.000  3.75976e-14
  4177.500  3.69976e-14
  4180.000  3.67113e-14
  4182.500  3.59556e-14
  4185.000  3.62365e-14
  4187.500  3.67186e-14
  4190.000  3.66593e-14
  4192.500  3.63321e-14
  4195.000  3.61111e-14
  4197.500  3.53864e-14
  4200.000  3.48020e-14
  4202.500  3.45526e-14
  4205.000  3.55032e-14
  4207.500  3.60348e-14
  4210.000  3.53365e-14
  4212.500  3.57667e-14
  4215.000  3.56332e-14
  4217.500  3.55797e-14
  4220.000  3.57269e-14
  4222.500  3.61307e-14
  4225.000  3.56688e-14
  4227.500  3.51238e-14
  4230.000  3.54646e-14
  4232.500  3.63340e-14
  4235.000  3.67967e-14
  4237.500  3.66274e-14
  4240.000  3.64457e-14
  4242.500  3.70314e-14
  4245.000  3.69788e-14
  4247.500  3.62719e-14
  4250.000  3.64492e-14
  4252.500  3.62408e-14
  4255.000  3.57586e-14
  4257.500  3.54066e-14
  4260.000  3.52255e-14
  4262.500  3.61107e-14
  4265.000  3.64492e-14
  4267.500  3.60331e-14
  4270.000  3.63617e-14
  4272.500  3.61137e-14
  4275.000  3.59196e-14
  4277.500  3.68124e-14
  4280.000  3.70799e-14
  4282.500  3.70911e-14
  4285.000  3.63482e-14
  4287.500  3.63208e-14
  4290.000  3.69890e-14
  4292.500  3.84200e-14
  4295.000  3.82218e-14
  4297.500  3.89170e-14
  4300.000  3.79118e-14
  4302.500  3.76037e-14
  4305.000  3.85974e-14
  4307.500  3.85816e-14
  4310.000  3.89384e-14
  4312.500  3.91032e-14
  4315.000  3.99646e-14
  4317.500  4.08198e-14
  4320.000  4.19032e-14
  4322.500  4.12004e-14
  4325.000  4.19649e-14
  4327.500  4.24984e-14
  4330.000  4.32060e-14
  4332.500  4.57325e-14
  4335.000  4.59838e-14
  4337.500  4.64456e-14
  4340.000  4.72178e-14
  4342.500  4.79261e-14
  4345.000  4.73434e-14
  4347.500  4.62403e-14
  4350.000  4.46263e-14
  4352.500  4.45228e-14
  4355.000  4.40186e-14
  4357.500  4.45648e-14
  4360.000  4.39229e-14
  4362.500  4.26207e-14
  4365.000  4.24200e-14
  4367.500  4.10631e-14
  4370.000  4.07143e-14
  4372.500  4.04318e-14
  4375.000  3.81972e-14
  4377.500  3.73575e-14
  4380.000  3.77940e-14
  4382.500  3.74414e-14
  4385.000  3.64970e-14
  4387.500  3.65829e-14
  4390.000  3.60969e-14
  4392.500  3.60170e-14
  4395.000  3.68088e-14
  4397.500  3.64444e-14
  4400.000  3.59642e-14
  4402.500  3.55861e-14
  4405.000  3.55873e-14
  4407.500  3.51934e-14
  4410.000  3.55363e-14
  4412.500  3.52564e-14
  4415.000  3.46677e-14
  4417.500  3.54930e-14
  4420.000  3.49075e-14
  4422.500  3.33434e-14
  4425.000  3.48005e-14
  4427.500  3.38872e-14
  4430.000  3.27795e-14
  4432.500  3.37726e-14
  4435.000  3.36492e-14
  4437.500  3.39074e-14
  4440.000  3.35609e-14
  4442.500  3.36660e-14
  4445.000  3.41544e-14
  4447.500  3.40837e-14
  4450.000  3.35297e-14
  4452.500  3.34009e-14
  4455.000  3.33658e-14
  4457.500  3.40599e-14
  4460.000  3.44657e-14
  4462.500  3.43354e-14
  4465.000  3.46738e-14
  4467.500  3.52896e-14
  4470.000  3.57094e-14
  4472.500  3.48500e-14
  4475.000  3.51394e-14
  4477.500  3.53626e-14
  4480.000  3.49267e-14
  4482.500  3.42737e-14
  4485.000  3.39086e-14
  4487.500  3.45189e-14
  4490.000  3.52854e-14
  4492.500  3.52557e-14
  4495.000  3.53107e-14
  4497.500  3.48865e-14
  4500.000  3.53930e-14
  4502.500  3.53045e-14
  4505.000  3.51938e-14
  4507.500  3.49416e-14
  4510.000  3.61688e-14
  4512.500  3.60797e-14
  4515.000  3.69457e-14
  4517.500  3.75671e-14
  4520.000  3.67066e-14
  4522.500  3.60889e-14
  4525.000  3.57381e-14
  4527.500  3.49240e-14
  4530.000  3.49488e-14
  4532.500  3.51925e-14
  4535.000  3.41716e-14
  4537.500  3.47956e-14
  4540.000  3.45571e-14
  4542.500  3.49056e-14
  4545.000  3.68215e-14
  4547.500  3.46312e-14
  4550.000  3.57974e-14
  4552.500  3.49427e-14
  4555.000  3.50958e-14
  4557.500  3.58140e-14
  4560.000  3.60817e-14
  4562.500  3.59627e-14
  4565.000  3.58825e-14
  4567.500  3.48424e-14
  4570.000  3.38486e-14
  4572.500  3.40622e-14
  4575.000  3.52951e-14
  4577.500  3.53163e-14
  4580.000  3.61866e-14
  4582.500  3.55604e-14
  4585.000  3.47979e-14
  4587.500  3.47624e-14
  4590.000  3.41881e-14
  4592.500  3.50913e-14
  4595.000  3.46608e-14
  4597.500  3.44798e-14
  4600.000  3.37244e-14
  4602.500  3.34173e-14
  4605.000  3.29447e-14
  4607.500  3.41231e-14
  4610.000  3.30474e-14
  4612.500  3.35776e-14
  4615.000  3.38880e-14
  4617.500  3.44853e-14
  4620.000  3.47488e-14
  4622.500  3.48451e-14
  4625.000  3.48044e-14
  4627.500  3.40486e-14
  4630.000  3.43454e-14
  4632.500  3.38132e-14
  4635.000  3.47751e-14
  4637.500  3.33050e-14
  4640.000  3.39288e-14
  4642.500  3.31480e-14
  4645.000  3.42143e-14
  4647.500  3.35421e-14
  4650.000  3.32541e-14
  4652.500  3.35645e-14
  4655.000  3.45826e-14
  4657.500  3.37590e-14
  4660.000  3.29146e-14
  4662.500  3.30209e-14
  4665.000  3.38479e-14
  4667.500  3.29531e-14
  4670.000  3.26470e-14
  4672.500  3.25449e-14
  4675.000  3.27922e-14
  4677.500  3.30387e-14
  4680.000  3.29092e-14
  4682.500  3.32974e-14
  4685.000  3.38328e-14
  4687.500  3.24186e-14
  4690.000  3.13859e-14
  4692.500  3.18960e-14
  4695.000  3.15579e-14
  4697.500  3.08034e-14
  4700.000  3.13435e-14
  4702.500  3.06632e-14
  4705.000  3.09466e-14
  4707.500  2.97907e-14
  4710.000  3.03341e-14
  4712.500  3.05259e-14
  4715.000  3.11042e-14
  4717.500  3.08755e-14
  4720.000  3.10018e-14
  4722.500  3.03132e-14
  4725.000  3.06809e-14
  4727.500  3.11379e-14
  4730.000  2.99483e-14
  4732.500  3.04590e-14
  4735.000  3.04896e-14
  4737.500  3.12132e-14
  4740.000  3.07932e-14
  4742.500  3.10358e-14
  4745.000  3.01960e-14
  4747.500  2.95558e-14
  4750.000  2.92050e-14
  4752.500  2.86663e-14
  4755.000  2.93012e-14
  4757.500  3.02079e-14
  4760.000  2.94077e-14
  4762.500  2.92992e-14
  4765.000  2.93571e-14
  4767.500  2.92598e-14
  4770.000  2.98750e-14
  4772.500  2.97454e-14
  4775.000  3.03019e-14
  4777.500  2.98912e-14
  4780.000  3.08875e-14
  4782.500  3.03720e-14
  4785.000  3.07732e-14
  4787.500  2.97125e-14
  4790.000  3.05472e-14
  4792.500  2.96802e-14
  4795.000  3.10675e-14
  4797.500  3.09112e-14
  4800.000  3.17100e-14
  4802.500  3.24008e-14
  4805.000  3.15601e-14
  4807.500  3.22336e-14
  4810.000  3.19475e-14
  4812.500  3.25412e-14
  4815.000  3.32456e-14
  4817.500  3.43404e-14
  4820.000  3.54801e-14
  4822.500  3.49945e-14
  4825.000  3.56415e-14
  4827.500  3.55905e-14
  4830.000  3.84339e-14
  4832.500  3.84765e-14
  4835.000  3.84788e-14
  4837.500  3.88310e-14
  4840.000  3.97408e-14
  4842.500  4.12306e-14
  4845.000  4.26550e-14
  4847.500  4.47857e-14
  4850.000  4.44054e-14
  4852.500  4.67257e-14
  4855.000  5.01466e-14
  4857.500  5.26068e-14
  4860.000  5.47501e-14
  4862.500  5.49264e-14
  4865.000  5.28138e-14
  4867.500  5.10098e-14
  4870.000  4.92165e-14
  4872.500  4.71949e-14
  4875.000  4.55492e-14
  4877.500  4.41568e-14
  4880.000  4.30965e-14
  4882.500  4.14414e-14
  4885.000  4.10311e-14
  4887.500  3.84463e-14
  4890.000  3.80100e-14
  4892.500  3.73943e-14
  4895.000  3.72912e-14
  4897.500  3.67592e-14
  4900.000  3.69799e-14
  4902.500  3.58127e-14
  4905.000  3.56515e-14
  4907.500  3.37778e-14
  4910.000  3.32358e-14
  4912.500  3.42504e-14
  4915.000  3.44395e-14
  4917.500  3.37081e-14
  4920.000  3.29894e-14
  4922.500  3.37918e-14
  4925.000  3.25640e-14
  4927.500  3.20827e-14
  4930.000  3.19442e-14
  4932.500  3.22432e-14
  4935.000  3.09314e-14
  4937.500  3.12764e-14
  4940.000  3.07076e-14
  4942.500  3.08846e-14
  4945.000  3.16450e-14
  4947.500  3.13771e-14
  4950.000  3.12967e-14
  4952.500  3.42726e-14
  4955.000  3.72742e-14
  4957.500  4.09743e-14
  4960.000  4.11920e-14
  4962.500  3.81275e-14
  4965.000  3.37885e-14
  4967.500  3.20739e-14
  4970.000  2.98258e-14
  4972.500  3.00759e-14
  4975.000  2.92882e-14
  4977.500  2.82964e-14
  4980.000  2.88785e-14
  4982.500  2.94602e-14
  4985.000  2.79470e-14
  4987.500  2.89598e-14
  4990.000  2.99441e-14
  4992.500  3.20598e-14
  4995.000  3.30010e-14
  4997.500  3.48767e-14
  5000.000  4.04429e-14
  5002.500  4.70038e-14
  5005.000  5.74370e-14
  5007.500  6.27641e-14
  5010.000  5.78877e-14
  5012.500  4.46372e-14
  5015.000  3.79468e-14
  5017.500  3.36409e-14
  5020.000  3.18915e-14
  5022.500  2.95602e-14
  5025.000  2.97468e-14
  5027.500  2.97384e-14
  5030.000  2.88577e-14
  5032.500  2.82021e-14
  5035.000  2.81320e-14
  5037.500  2.80655e-14
  5040.000  2.76551e-14
  5042.500  2.67419e-14
  5045.000  2.76296e-14
  5047.500  2.76676e-14
  5050.000  2.73073e-14
  5052.500  2.72516e-14
  5055.000  2.73438e-14
  5057.500  2.74621e-14
  5060.000  2.72981e-14
  5062.500  2.70833e-14
  5065.000  2.68030e-14
  5067.500  2.66950e-14
  5070.000  2.65785e-14
  5072.500  2.59778e-14
  5075.000  2.66666e-14
  5077.500  2.55032e-14
  5080.000  2.54011e-14
  5082.500  2.51733e-14
  5085.000  2.47224e-14
  5087.500  2.54727e-14
  5090.000  2.59387e-14
  5092.500  2.62512e-14
  5095.000  2.57436e-14
  5097.500  2.52656e-14
  5100.000  2.61777e-14
  5102.500  2.52871e-14
  5105.000  2.47674e-14
  5107.500  2.54933e-14
  5110.000  2.50000e-14
  5112.500  2.51869e-14
  5115.000  2.46225e-14
  5117.500  2.52786e-14
  5120.000  2.57888e-14
  5122.500  2.46457e-14
  5125.000  2.51287e-14
  5127.500  2.52022e-14
  5130.000  2.42266e-14
  5132.500  2.51824e-14
  5135.000  2.48974e-14
  5137.500  2.52635e-14
  5140.000  2.46865e-14
  5142.500  2.54051e-14
  5145.000  2.54717e-14
  5147.500  2.64235e-14
  5150.000  2.57344e-14
  5152.500  2.54846e-14
  5155.000  2.69192e-14
  5157.500  2.71174e-14
  5160.000  2.75384e-14
  5162.500  2.67067e-14
  5165.000  2.72407e-14
  5167.500  2.54461e-14
  5170.000  2.62048e-14
  5172.500  2.65298e-14
  5175.000  2.71632e-14
  5177.500  2.82936e-14
  5180.000  2.58713e-14
  5182.500  2.59417e-14
  5185.000  2.53446e-14
  5187.500  2.56516e-14
  5190.000  2.55000e-14
  5192.500  2.55493e-14
  5195.000  2.69822e-14
  5197.500  2.75900e-14
  5200.000  2.63349e-14
  5202.500  2.58453e-14
  5205.000  2.49497e-14
  5207.500  2.46924e-14
  5210.000  2.55430e-14
  5212.500  2.42354e-14
  5215.000  2.55569e-14
  5217.500  2.62606e-14
  5220.000  2.57906e-14
  5222.500  2.65620e-14
  5225.000  2.55109e-14
  5227.500  2.48110e-14
  5230.000  2.58880e-14
  5232.500  2.55482e-14
  5235.000  2.57685e-14
  5237.500  2.48321e-14
  5240.000  2.57057e-14
  5242.500  2.64000e-14
  5245.000  2.45823e-14
  5247.500  2.48232e-14
  5250.000  2.51940e-14
  5252.500  2.55583e-14
  5255.000  2.60570e-14
  5257.500  2.56771e-14
  5260.000  2.44056e-14
  5262.500  2.61391e-14
  5265.000  2.53889e-14
  5267.500  2.50730e-14
  5270.000  2.55538e-14
  5272.500  2.55716e-14
  5275.000  2.52021e-14
  5277.500  2.57479e-14
  5280.000  2.51285e-14
  5282.500  2.63027e-14
  5285.000  2.53600e-14
  5287.500  2.57442e-14
  5290.000  2.51176e-14
  5292.500  2.65391e-14
  5295.000  2.61970e-14
  5297.500  2.66413e-14
  5300.000  2.49905e-14
  5302.500  2.43365e-14
  5305.000  2.43288e-14
  5307.500  2.65177e-14
  5310.000  2.70315e-14
  5312.500  2.56627e-14
  5315.000  2.49391e-14
  5317.500  2.57096e-14
  5320.000  2.63964e-14
  5322.500  2.53553e-14
  5325.000  2.56115e-14
  5327.500  2.50705e-14
  5330.000  2.47022e-14
  5332.500  2.46789e-14
  5335.000  2.44180e-14
  5337.500  2.36412e-14
  5340.000  2.40970e-14
  5342.500  2.44081e-14
  5345.000  2.49863e-14
  5347.500  2.34874e-14
  5350.000  2.34536e-14
  5352.500  2.34244e-14
  5355.000  2.36045e-14
  5357.500  2.41698e-14
  5360.000  2.40622e-14
  5362.500  2.23297e-14
  5365.000  2.35295e-14
  5367.500  2.47267e-14
  5370.000  2.22426e-14
  5372.500  2.21175e-14
  5375.000  2.28890e-14
  5377.500  2.31444e-14
  5380.000  2.33434e-14
  5382.500  2.40553e-14
  5385.000  2.33078e-14
  5387.500  2.29372e-14
  5390.000  2.25425e-14
  5392.500  2.28534e-14
  5395.000  2.27087e-14
  5397.500  2.23146e-14
  5400.000  2.24958e-14
  5402.500  2.23805e-14
  5405.000  2.20248e-14
  5407.500  2.17483e-14
  5410.000  2.24607e-14
  5412.500  2.31192e-14
  5415.000  2.29611e-14
  5417.500  2.25306e-14
  5420.000  2.28144e-14
  5422.500  2.24872e-14
  5425.000  2.21808e-14
  5427.500  2.18512e-14
  5430.000  2.17568e-14
  5432.500  2.17820e-14
  5435.000  2.01241e-14
  5437.500  2.28101e-14
  5440.000  2.19287e-14
  5442.500  2.32187e-14
  5445.000  2.06266e-14
  5447.500  2.27358e-14
  5450.000  2.28836e-14
  5452.500  2.26128e-14
  5455.000  2.14296e-14
  5457.500  2.14300e-14
  5460.000  2.14132e-14
  5462.500  2.28565e-14
  5465.000  2.00673e-14
  5467.500  1.92818e-14
  5470.000  2.10366e-14
  5472.500  2.01483e-14
  5475.000  2.03554e-14
  5477.500  2.17685e-14
  5480.000  2.04608e-14
  5482.500  2.11510e-14
  5485.000  2.17126e-14
  5487.500  2.16371e-14
  5490.000  2.17656e-14
  5492.500  2.20868e-14
  5495.000  2.25019e-14
  5497.500  2.07262e-14
  5500.000  2.17503e-14
  5502.500  2.23452e-14
  5505.000  2.17335e-14
  5507.500  2.11747e-14
  5510.000  2.03715e-14
  5512.500  2.13697e-14
  5515.000  2.05793e-14
  5517.500  2.08439e-14
  5520.000  2.15970e-14
  5522.500  2.19322e-14
  5525.000  2.22600e-14
  5527.500  2.20690e-14
  5530.000  2.17499e-14
  5532.500  2.19838e-14
  5535.000  2.10129e-14
  5537.500  2.26618e-14
  5540.000  2.20985e-14
  5542.500  2.18524e-14
  5545.000  2.25590e-14
  5547.500  2.22844e-14
  5550.000  2.12179e-14
  5552.500  2.14652e-14
  5555.000  2.16559e-14
  5557.500  2.05938e-14
  5560.000  2.01857e-14
  5562.500  2.01721e-14
  5565.000  2.03112e-14
  5567.500  2.12422e-14
  5570.000  2.09164e-14
  5572.500  2.16896e-14
  5575.000  2.04696e-14
  5577.500  2.20330e-14
  5580.000  2.29465e-14
  5582.500  2.11250e-14
  5585.000  2.17463e-14
  5587.500  2.13336e-14
  5590.000  2.09108e-14
  5592.500  2.21866e-14
  5595.000  2.36758e-14
  5597.500  2.37659e-14
  5600.000  2.33949e-14
  5602.500  2.15994e-14
  5605.000  2.21969e-14
  5607.500  2.24252e-14
  5610.000  2.16903e-14
  5612.500  2.12315e-14
  5615.000  2.07049e-14
  5617.500  2.02402e-14
  5620.000  2.07003e-14
  5622.500  2.05171e-14
  5625.000  1.97611e-14
  5627.500  2.05467e-14
  5630.000  2.09286e-14
  5632.500  2.13964e-14
  5635.000  2.01015e-14
  5637.500  2.00611e-14
  5640.000  2.05637e-14
  5642.500  1.84674e-14
  5645.000  1.88769e-14
  5647.500  1.94821e-14
  5650.000  2.03151e-14
  5652.500  2.09693e-14
  5655.000  1.93123e-14
  5657.500  2.04067e-14
  5660.000  2.02703e-14
  5662.500  1.96514e-14
  5665.000  2.02131e-14
  5667.500  1.99247e-14
  5670.000  1.88464e-14
  5672.500  2.25365e-14
  5675.000  2.05891e-14
  5677.500  2.01152e-14
  5680.000  2.05524e-14
  5682.500  1.98878e-14
  5685.000  1.95095e-14
  5687.500  1.86079e-14
  5690.000  1.95843e-14
  5692.500  2.00865e-14
  5695.000  1.90366e-14
  5697.500  1.83749e-14
  5700.000  1.96122e-14
  5702.500  1.95398e-14
  5705.000  1.89206e-14
  5707.500  2.09369e-14
  5710.000  1.93749e-14
  5712.500  1.93166e-14
  5715.000  1.87648e-14
  5717.500  1.82214e-14
  5720.000  1.92327e-14
  5722.500  1.89849e-14
  5725.000  2.01589e-14
  5727.500  1.85591e-14
  5730.000  1.97790e-14
  5732.500  1.89472e-14
  5735.000  1.72518e-14
  5737.500  1.69486e-14
  5740.000  1.73642e-14
  5742.500  1.82413e-14
  5745.000  1.85148e-14
  5747.500  1.87578e-14
  5750.000  1.96639e-14
  5752.500  1.93392e-14
  5755.000  1.94839e-14
  5757.500  1.90235e-14
  5760.000  1.73265e-14
  5762.500  1.81502e-14
  5765.000  1.78340e-14
  5767.500  1.98190e-14
  5770.000  1.93472e-14
  5772.500  1.90225e-14
  5775.000  1.82857e-14
  5777.500  1.96155e-14
  5780.000  1.96724e-14
  5782.500  1.84563e-14
  5785.000  1.86756e-14
  5787.500  1.85681e-14
  5790.000  1.86622e-14
  5792.500  1.78198e-14
  5795.000  1.84813e-14
  5797.500  1.93153e-14
  5800.000  1.99793e-14
  5802.500  1.80645e-14
  5805.000  2.05576e-14
  5807.500  2.10347e-14
  5810.000  1.96142e-14
  5812.500  1.86434e-14
  5815.000  1.83938e-14
  5817.500  1.75509e-14
  5820.000  1.77103e-14
  5822.500  1.85108e-14
  5825.000  1.89788e-14
  5827.500  1.82443e-14
  5830.000  1.81824e-14
  5832.500  1.79519e-14
  5835.000  1.68280e-14
  5837.500  1.88743e-14
  5840.000  2.09192e-14
  5842.500  1.94506e-14
  5845.000  1.99472e-14
  5847.500  1.99169e-14
  5850.000  2.04678e-14
  5852.500  1.90216e-14
  5855.000  1.97889e-14
  5857.500  2.12695e-14
  5860.000  1.75746e-14
  5862.500  1.93609e-14
  5865.000  1.98236e-14
  5867.500  2.10948e-14
  5870.000  2.15815e-14
  5872.500  2.08475e-14
  5875.000  2.17474e-14
  5877.500  2.10531e-14
  5880.000  1.88123e-14
  5882.500  1.80897e-14
  5885.000  2.07669e-14
  5887.500  1.91454e-14
  5890.000  1.82025e-14
  5892.500  2.02189e-14
  5895.000  1.97204e-14
  5897.500  1.77591e-14
  5900.000  1.80803e-14
  5902.500  1.93034e-14
  5905.000  1.79703e-14
  5907.500  1.85409e-14
  5910.000  1.95417e-14
  5912.500  1.96790e-14
  5915.000  1.94828e-14
  5917.500  1.79045e-14
  5920.000  1.80745e-14
  5922.500  1.74058e-14
  5925.000  1.71026e-14
  5927.500  1.86027e-14
  5930.000  1.85909e-14
  5932.500  1.94310e-14
  5935.000  1.90698e-14
  5937.500  1.94597e-14
  5940.000  1.89857e-14
  5942.500  1.85768e-14
  5945.000  1.75655e-14
  5947.500  1.60705e-14
  5950.000  1.80122e-14
  5952.500  1.73581e-14
  5955.000  1.72983e-14
  5957.500  1.76548e-14
  5960.000  1.63566e-14
  5962.500  1.60827e-14
  5965.000  1.80881e-14
  5967.500  1.70152e-14
  5970.000  1.76231e-14
  5972.500  1.81835e-14
  5975.000  1.69483e-14
  5977.500  1.68806e-14
  5980.000  1.78707e-14
  5982.500  1.76408e-14
  5985.000  1.49589e-14
  5987.500  1.82121e-14
  5990.000  1.82635e-14
  5992.500  1.96005e-14
  5995.000  1.90503e-14
  5997.500  1.78603e-14
  6000.000  1.58431e-14
