# agn/liner  |  Francis et al. 1991, ApJ 373, 465 (qso composite) + spextra AGN set
# columns: wavelength_Angstrom  flam_erg_s_cm2_A (absolute scale arbitrary - ETC renormalizes)
  1235.000  1.73658e-15
  1240.000  1.45081e-15
  1245.000  1.18930e-15
  1250.000  9.14578e-16
  1255.000  0.00000e+00
  1260.000  0.00000e+00
  1265.000  7.55336e-16
  1270.000  3.42799e-16
  1275.000  3.59204e-16
  1280.000  1.05704e-15
  1285.000  1.52699e-15
  1290.000  6.20030e-16
  1295.000  6.83461e-16
  1300.000  9.83676e-16
  1305.000  4.85252e-16
  1310.000  5.39075e-16
  1315.000  2.57107e-16
  1320.000  4.25318e-16
  1325.000  3.16554e-16
  1330.000  4.58472e-16
  1335.000  5.06451e-16
  1340.000  7.43754e-16
  1345.000  4.11359e-16
  1350.000  5.45853e-16
  1355.000  1.17215e-15
  1360.000  8.52817e-16
  1365.000  3.38855e-16
  1370.000  4.76350e-16
  1375.000  1.40606e-16
  1380.000  6.43349e-16
  1385.000  3.60658e-16
  1390.000  6.88440e-16
  1395.000  1.19017e-15
  1400.000  1.13368e-15
  1405.000  1.20245e-15
  1410.000  3.86608e-16
  1415.000  3.87920e-16
  1420.000  7.12727e-16
  1425.000  5.60754e-16
  1430.000  4.71177e-16
  1435.000  4.99195e-16
  1440.000  5.20336e-16
  1445.000  6.96003e-16
  1450.000  3.52078e-16
  1455.000  3.48268e-16
  1460.000  4.70039e-16
  1465.000  2.86795e-16
  1470.000  7.98884e-16
  1475.000  9.44777e-16
  1480.000  9.42324e-16
  1485.000  8.82644e-16
  1490.000  9.54889e-16
  1495.000  1.73669e-15
  1500.000  1.42679e-15
  1505.000  1.16947e-15
  1510.000  4.84775e-16
  1515.000  1.13682e-15
  1520.000  1.33392e-15
  1525.000  9.87798e-16
  1530.000  9.96758e-16
  1535.000  8.58197e-16
  1540.000  1.29743e-15
  1545.000  2.36994e-15
  1550.000  1.48315e-15
  1555.000  1.02296e-15
  1560.000  9.58877e-16
  1565.000  9.42875e-16
  1570.000  7.21308e-16
  1575.000  1.52030e-15
  1580.000  6.36032e-16
  1585.000  5.80435e-16
  1590.000  1.26049e-15
  1595.000  8.22795e-16
  1600.000  2.65223e-16
  1605.000  2.33337e-16
  1610.000  3.42097e-16
  1615.000  9.11658e-16
  1620.000  2.09748e-16
  1625.000  5.91013e-16
  1630.000  7.92305e-16
  1635.000  9.44810e-16
  1640.000  9.66988e-16
  1645.000  6.21374e-16
  1650.000  5.60523e-16
  1655.000  5.64476e-16
  1660.000  2.19942e-15
  1665.000  1.03344e-15
  1670.000  4.38630e-16
  1675.000  6.41351e-16
  1680.000  4.21706e-17
  1685.000  4.93669e-16
  1690.000  6.49044e-16
  1695.000  7.32113e-16
  1700.000  7.81747e-16
  1705.000  5.48741e-16
  1710.000  3.35406e-16
  1715.000  5.35647e-16
  1720.000  3.99730e-16
  1725.000  4.25208e-16
  1730.000  1.07579e-15
  1735.000  6.62251e-16
  1740.000  8.93759e-16
  1745.000  1.42007e-15
  1750.000  1.28468e-15
  1755.000  8.38220e-16
  1760.000  7.07951e-16
  1765.000  8.10892e-16
  1770.000  7.38049e-16
  1775.000  5.51141e-16
  1780.000  5.74443e-16
  1785.000  6.81485e-16
  1790.000  5.73620e-16
  1795.000  7.18561e-16
  1800.000  5.86269e-16
  1805.000  6.69872e-16
  1810.000  8.18442e-16
  1815.000  7.00651e-16
  1820.000  6.97654e-16
  1825.000  7.98088e-16
  1830.000  6.38059e-16
  1835.000  7.48994e-16
  1840.000  5.29170e-16
  1845.000  7.59588e-16
  1850.000  5.88312e-16
  1855.000  5.82938e-16
  1860.000  6.45047e-16
  1865.000  4.21625e-16
  1870.000  6.21011e-16
  1875.000  7.13896e-16
  1880.000  7.15905e-16
  1885.000  1.19737e-15
  1890.000  9.44783e-16
  1895.000  9.18507e-16
  1900.000  1.46855e-15
  1905.000  1.73690e-15
  1910.000  1.70881e-15
  1915.000  8.99329e-16
  1920.000  2.68173e-16
  1925.000  3.68274e-16
  1930.000  4.25213e-16
  1935.000  2.65958e-16
  1940.000  4.30659e-16
  1945.000  3.55030e-16
  1950.000  5.37883e-16
  1955.000  5.22755e-16
  1960.000  7.07503e-16
  1965.000  7.41349e-16
  1970.000  1.04674e-15
  1975.000  6.67776e-16
  1980.000  0.00000e+00
  1985.000  4.39957e-16
  1990.000  8.59193e-16
  1995.000  1.13638e-15
  2000.000  5.69547e-16
  2005.000  4.81523e-16
  2010.000  1.23024e-15
  2015.000  0.00000e+00
  2020.000  9.16566e-16
  2025.000  9.61494e-16
  2030.000  1.33860e-16
  2035.000  0.00000e+00
  2040.000  1.32879e-16
  2045.000  6.45805e-16
  2050.000  1.39433e-15
  2055.000  2.18976e-16
  2060.000  3.02887e-16
  2065.000  1.99828e-16
  2070.000  0.00000e+00
  2075.000  2.47948e-16
  2080.000  1.21640e-15
  2085.000  1.00411e-16
  2090.000  7.12001e-16
  2095.000  0.00000e+00
  2100.000  2.36708e-16
  2105.000  3.80095e-16
  2110.000  7.12313e-17
  2115.000  8.88519e-16
  2120.000  0.00000e+00
  2125.000  4.84145e-16
  2130.000  7.77305e-16
  2135.000  4.37722e-16
  2140.000  5.81543e-17
  2145.000  3.88653e-16
  2150.000  0.00000e+00
  2155.000  7.65311e-16
  2160.000  0.00000e+00
  2165.000  0.00000e+00
  2170.000  5.80469e-16
  2175.000  9.37680e-16
  2180.000  4.44785e-16
  2185.000  3.51328e-16
  2190.000  3.55217e-16
  2195.000  6.79463e-16
  2200.000  5.47043e-16
  2205.000  1.39378e-15
  2210.000  3.68132e-17
  2215.000  5.27104e-16
  2220.000  0.00000e+00
  2225.000  0.00000e+00
  2230.000  3.30790e-16
  2235.000  1.63546e-16
  2240.000  3.84811e-16
  2245.000  1.34410e-16
  2250.000  1.11240e-15
  2255.000  8.41950e-16
  2260.000  9.74507e-16
  2265.000  2.29837e-16
  2270.000  2.13287e-16
  2275.000  1.06080e-15
  2280.000  7.78381e-16
  2285.000  1.25104e-16
  2290.000  1.69174e-16
  2295.000  4.66568e-16
  2300.000  6.28828e-16
  2305.000  7.85502e-16
  2310.000  3.43422e-16
  2315.000  1.44078e-15
  2320.000  1.27385e-15
  2325.000  2.15718e-15
  2330.000  2.32525e-15
  2335.000  1.77931e-15
  2340.000  8.50244e-16
  2345.000  8.87824e-16
  2350.000  5.32551e-16
  2355.000  8.00013e-16
  2360.000  1.15259e-15
  2365.000  3.87462e-16
  2370.000  1.07681e-15
  2375.000  3.57203e-16
  2380.000  5.43125e-16
  2385.000  4.23576e-16
  2390.000  3.60984e-16
  2395.000  5.52745e-17
  2400.000  6.57736e-16
  2405.000  7.02588e-16
  2410.000  2.42946e-16
  2415.000  4.89957e-16
  2420.000  5.64725e-16
  2425.000  9.13693e-16
  2430.000  6.96619e-16
  2435.000  5.70986e-16
  2440.000  7.81346e-16
  2445.000  1.16561e-15
  2450.000  7.74361e-16
  2455.000  9.83892e-16
  2460.000  1.17155e-15
  2465.000  1.35145e-15
  2470.000  9.62353e-16
  2475.000  7.21682e-16
  2480.000  1.31952e-15
  2485.000  8.10647e-16
  2490.000  2.64439e-16
  2495.000  5.79624e-16
  2500.000  8.26586e-16
  2505.000  7.40240e-16
  2510.000  6.33632e-16
  2515.000  7.55926e-16
  2520.000  4.60626e-16
  2525.000  4.99748e-16
  2530.000  9.26989e-16
  2535.000  4.15525e-16
  2540.000  8.65580e-16
  2545.000  6.37092e-16
  2550.000  7.33117e-16
  2555.000  5.51238e-16
  2560.000  6.34582e-16
  2565.000  8.37808e-16
  2570.000  9.55715e-16
  2575.000  9.56522e-16
  2580.000  8.25459e-16
  2585.000  7.20036e-16
  2590.000  6.94216e-16
  2595.000  9.62231e-16
  2600.000  7.29965e-16
  2605.000  9.97852e-16
  2610.000  1.16494e-15
  2615.000  1.06153e-15
  2620.000  1.07259e-15
  2625.000  1.09240e-15
  2630.000  1.18976e-15
  2635.000  1.14665e-15
  2640.000  1.15075e-15
  2645.000  1.21778e-15
  2650.000  1.26673e-15
  2655.000  1.12222e-15
  2660.000  1.26384e-15
  2665.000  1.25661e-15
  2670.000  1.39541e-15
  2675.000  1.18465e-15
  2680.000  1.47400e-15
  2685.000  1.49022e-15
  2690.000  1.43147e-15
  2695.000  1.18935e-15
  2700.000  1.02020e-15
  2705.000  1.36366e-15
  2710.000  1.26776e-15
  2715.000  1.22382e-15
  2720.000  1.12068e-15
  2725.000  1.01699e-15
  2730.000  1.03539e-15
  2735.000  1.21267e-15
  2740.000  1.00624e-15
  2745.000  1.35494e-15
  2750.000  1.25953e-15
  2755.000  1.14811e-15
  2760.000  1.31565e-15
  2765.000  1.38756e-15
  2770.000  1.36880e-15
  2775.000  1.43005e-15
  2780.000  1.61433e-15
  2785.000  1.96222e-15
  2790.000  2.42902e-15
  2795.000  2.37284e-15
  2800.000  2.14878e-15
  2805.000  1.86797e-15
  2810.000  2.09387e-15
  2815.000  1.97056e-15
  2820.000  1.66054e-15
  2825.000  1.66842e-15
  2830.000  1.43719e-15
  2835.000  1.56821e-15
  2840.000  1.32728e-15
  2845.000  1.16825e-15
  2850.000  1.11339e-15
  2855.000  9.59395e-16
  2860.000  1.46580e-15
  2865.000  1.42418e-15
  2870.000  1.45708e-15
  2875.000  1.52438e-15
  2880.000  1.76535e-15
  2885.000  1.61835e-15
  2890.000  1.99001e-15
  2895.000  2.33921e-15
  2900.000  2.31462e-15
  2905.000  2.49563e-15
  2910.000  2.42419e-15
  2915.000  2.65145e-15
  2920.000  2.42194e-15
  2925.000  2.53875e-15
  2930.000  2.57349e-15
  2935.000  2.31991e-15
  2940.000  2.83192e-15
  2945.000  2.34203e-15
  2950.000  2.41730e-15
  2955.000  2.97504e-15
  2960.000  2.85688e-15
  2965.000  2.12779e-15
  2970.000  2.51793e-15
  2975.000  2.63172e-15
  2980.000  2.69499e-15
  2985.000  2.63855e-15
  2990.000  2.62505e-15
  2995.000  2.25189e-15
  3000.000  2.36788e-15
  3005.000  2.34046e-15
  3010.000  2.50855e-15
  3015.000  2.14263e-15
  3020.000  2.25115e-15
  3025.000  2.41169e-15
  3030.000  2.80217e-15
  3035.000  3.22278e-15
  3040.000  3.07904e-15
  3045.000  3.05258e-15
  3050.000  2.92687e-15
  3055.000  2.85710e-15
  3060.000  2.74937e-15
  3065.000  3.15919e-15
  3070.000  3.27425e-15
  3075.000  3.67263e-15
  3080.000  3.50588e-15
  3085.000  3.39372e-15
  3090.000  3.06447e-15
  3095.000  2.97836e-15
  3100.000  3.94551e-15
  3105.000  3.32744e-15
  3110.000  3.80911e-15
  3115.000  3.65356e-15
  3120.000  4.35018e-15
  3125.000  3.92854e-15
  3130.000  3.95027e-15
  3135.000  3.81527e-15
  3140.000  3.97143e-15
  3145.000  3.58878e-15
  3150.000  3.69570e-15
  3155.000  3.06591e-15
  3160.000  2.77080e-15
  3165.000  3.60333e-15
  3170.000  4.24029e-15
  3175.000  3.54129e-15
  3180.000  2.94655e-15
  3185.000  4.41816e-15
  3190.000  3.69331e-15
  3195.000  3.06766e-15
  3200.000  3.95756e-15
  3205.000  2.96996e-15
  3210.000  2.71106e-15
  3215.000  3.35236e-15
  3220.000  3.75470e-15
  3225.000  3.55654e-15
  3230.000  4.12053e-15
  3235.000  2.84083e-15
  3240.000  3.60739e-15
  3245.000  4.49659e-15
  3250.000  4.93478e-15
  3255.000  4.68981e-15
  3260.000  5.45186e-15
  3265.000  6.15018e-15
  3270.000  2.17215e-15
  3275.000  5.49339e-15
  3280.000  6.95568e-15
  3285.000  7.62268e-15
  3290.000  8.76550e-15
  3295.000  6.70696e-15
  3300.000  6.80000e-15
  3305.000  6.90000e-15
  3310.000  7.00000e-15
  3315.000  7.10000e-15
  3320.000  7.20000e-15
  3325.000  7.30000e-15
  3330.000  7.40000e-15
  3335.000  7.50000e-15
  3340.000  7.60000e-15
  3345.000  7.70000e-15
  3350.000  7.80000e-15
  3355.000  7.90000e-15
  3360.000  8.01545e-15
  3365.000  7.81241e-15
  3370.000  9.26610e-15
  3375.000  7.43384e-15
  3380.000  9.05161e-15
  3385.000  8.53214e-15
  3390.000  8.60299e-15
  3395.000  9.44937e-15
  3400.000  9.61880e-15
  3405.000  9.81150e-15
  3410.000  1.04468e-14
  3415.000  1.12838e-14
  3420.000  9.98230e-15
  3425.000  7.70481e-15
  3430.000  7.36262e-15
  3435.000  7.34329e-15
  3440.000  9.63916e-15
  3445.000  9.68369e-15
  3450.000  8.20879e-15
  3455.000  7.96329e-15
  3460.000  7.61271e-15
  3465.000  6.95217e-15
  3470.000  6.12143e-15
  3475.000  5.33000e-15
  3480.000  6.80897e-15
  3485.000  7.63608e-15
  3490.000  5.45113e-15
  3495.000  8.24961e-15
  3500.000  1.03442e-14
  3505.000  1.04206e-14
  3510.000  8.60771e-15
  3515.000  6.69091e-15
  3520.000  4.45630e-15
  3525.000  4.40994e-15
  3530.000  6.11502e-15
  3535.000  7.48041e-15
  3540.000  6.60082e-15
  3545.000  6.11898e-15
  3550.000  7.08144e-15
  3555.000  6.07038e-15
  3560.000  6.54416e-15
  3565.000  8.54564e-15
  3570.000  9.67642e-15
  3575.000  8.87164e-15
  3580.000  7.79006e-15
  3585.000  9.62049e-15
  3590.000  1.01234e-14
  3595.000  9.28612e-15
  3600.000  7.70382e-15
  3605.000  7.16791e-15
  3610.000  7.31013e-15
  3615.000  7.57335e-15
  3620.000  8.82979e-15
  3625.000  1.00439e-14
  3630.000  1.00754e-14
  3635.000  1.07191e-14
  3640.000  1.00659e-14
  3645.000  9.24971e-15
  3650.000  8.86328e-15
  3655.000  1.07866e-14
  3660.000  1.09226e-14
  3665.000  9.78768e-15
  3670.000  9.42516e-15
  3675.000  1.04407e-14
  3680.000  1.10048e-14
  3685.000  1.04533e-14
  3690.000  1.03207e-14
  3695.000  9.21818e-15
  3700.000  9.79271e-15
  3705.000  1.01600e-14
  3710.000  9.66615e-15
  3715.000  1.04923e-14
  3720.000  1.24476e-14
  3725.000  1.04158e-14
  3730.000  7.21348e-15
  3735.000  8.34330e-15
  3740.000  7.78130e-15
  3745.000  7.61064e-15
  3750.000  8.75479e-15
  3755.000  8.31824e-15
  3760.000  8.24763e-15
  3765.000  9.79090e-15
  3770.000  1.16887e-14
  3775.000  1.10124e-14
  3780.000  9.36601e-15
  3785.000  7.77430e-15
  3790.000  8.14558e-15
  3795.000  7.87836e-15
  3800.000  8.76741e-15
  3805.000  8.91419e-15
  3810.000  9.18515e-15
  3815.000  8.08348e-15
  3820.000  6.70625e-15
  3825.000  7.67712e-15
  3830.000  7.02653e-15
  3835.000  6.72438e-15
  3840.000  7.73464e-15
  3845.000  8.72609e-15
  3850.000  9.27021e-15
  3855.000  7.67502e-15
  3860.000  8.85216e-15
  3865.000  8.65746e-15
  3870.000  8.83363e-15
  3875.000  9.52236e-15
  3880.000  9.02849e-15
  3885.000  9.75699e-15
  3890.000  9.98854e-15
  3895.000  1.14779e-14
  3900.000  1.13360e-14
  3905.000  1.15596e-14
  3910.000  1.11330e-14
  3915.000  9.53661e-15
  3920.000  8.97807e-15
  3925.000  7.57840e-15
  3930.000  6.26156e-15
  3935.000  7.47358e-15
  3940.000  8.92147e-15
  3945.000  9.62981e-15
  3950.000  1.13042e-14
  3955.000  1.15044e-14
  3960.000  9.12287e-15
  3965.000  8.43645e-15
  3970.000  1.04168e-14
  3975.000  1.21936e-14
  3980.000  1.45728e-14
  3985.000  1.55375e-14
  3990.000  1.51435e-14
  3995.000  1.52096e-14
  4000.000  1.68936e-14
  4005.000  1.67831e-14
  4010.000  1.82733e-14
  4015.000  1.82823e-14
  4020.000  1.84670e-14
  4025.000  1.84610e-14
  4030.000  1.71850e-14
  4035.000  1.67721e-14
  4040.000  1.66901e-14
  4045.000  1.64199e-14
  4050.000  1.68943e-14
  4055.000  1.58093e-14
  4060.000  1.52511e-14
  4065.000  1.75290e-14
  4070.000  1.70162e-14
  4075.000  1.74017e-14
  4080.000  1.86016e-14
  4085.000  1.94672e-14
  4090.000  1.84857e-14
  4095.000  1.74148e-14
  4100.000  1.68055e-14
  4105.000  1.67040e-14
  4110.000  1.72908e-14
  4115.000  1.74105e-14
  4120.000  1.73236e-14
  4125.000  1.68233e-14
  4130.000  1.62952e-14
  4135.000  1.60649e-14
  4140.000  1.57370e-14
  4145.000  1.56892e-14
  4150.000  1.57748e-14
  4155.000  1.60789e-14
  4160.000  1.62270e-14
  4165.000  1.67644e-14
  4170.000  1.59763e-14
  4175.000  1.58457e-14
  4180.000  1.62422e-14
  4185.000  1.66677e-14
  4190.000  1.74529e-14
  4195.000  1.68352e-14
  4200.000  1.68340e-14
  4205.000  1.86522e-14
  4210.000  1.91428e-14
  4215.000  1.74195e-14
  4220.000  1.66905e-14
  4225.000  1.61003e-14
  4230.000  1.65703e-14
  4235.000  1.83448e-14
  4240.000  2.01254e-14
  4245.000  2.12737e-14
  4250.000  1.98019e-14
  4255.000  1.86277e-14
  4260.000  1.83373e-14
  4265.000  1.80435e-14
  4270.000  1.78825e-14
  4275.000  1.86938e-14
  4280.000  1.89270e-14
  4285.000  1.88127e-14
  4290.000  1.80574e-14
  4295.000  1.61312e-14
  4300.000  1.48491e-14
  4305.000  1.56737e-14
  4310.000  1.82299e-14
  4315.000  2.08813e-14
  4320.000  2.15830e-14
  4325.000  2.20185e-14
  4330.000  2.27248e-14
  4335.000  2.16322e-14
  4340.000  2.21441e-14
  4345.000  2.29279e-14
  4350.000  2.37888e-14
  4355.000  2.34790e-14
  4360.000  2.46688e-14
  4365.000  2.48108e-14
  4370.000  2.25497e-14
  4375.000  2.17494e-14
  4380.000  2.10899e-14
  4385.000  2.15129e-14
  4390.000  2.26187e-14
  4395.000  2.21495e-14
  4400.000  2.22105e-14
  4405.000  2.25828e-14
  4410.000  2.44045e-14
  4415.000  2.53994e-14
  4420.000  2.50646e-14
  4425.000  2.39098e-14
  4430.000  2.40028e-14
  4435.000  2.51204e-14
  4440.000  2.57696e-14
  4445.000  2.56920e-14
  4450.000  2.49977e-14
  4455.000  2.38667e-14
  4460.000  2.45682e-14
  4465.000  2.59595e-14
  4470.000  2.68439e-14
  4475.000  2.77269e-14
  4480.000  2.73453e-14
  4485.000  2.73248e-14
  4490.000  2.71785e-14
  4495.000  2.78818e-14
  4500.000  2.88974e-14
  4505.000  2.87347e-14
  4510.000  2.89160e-14
  4515.000  2.90582e-14
  4520.000  2.84806e-14
  4525.000  2.65469e-14
  4530.000  2.61256e-14
  4535.000  2.74980e-14
  4540.000  2.75833e-14
  4545.000  2.81713e-14
  4550.000  2.83268e-14
  4555.000  2.91298e-14
  4560.000  3.03654e-14
  4565.000  3.00696e-14
  4570.000  2.97332e-14
  4575.000  2.98761e-14
  4580.000  2.92183e-14
  4585.000  2.88726e-14
  4590.000  2.88870e-14
  4595.000  2.97468e-14
  4600.000  2.99431e-14
  4605.000  2.98268e-14
  4610.000  3.11107e-14
  4615.000  3.20546e-14
  4620.000  3.16383e-14
  4625.000  3.08060e-14
  4630.000  2.96160e-14
  4635.000  2.86895e-14
  4640.000  2.84871e-14
  4645.000  2.70909e-14
  4650.000  2.78296e-14
  4655.000  2.96410e-14
  4660.000  2.89343e-14
  4665.000  2.88092e-14
  4670.000  2.94180e-14
  4675.000  2.90766e-14
  4680.000  2.87701e-14
  4685.000  2.94450e-14
  4690.000  2.90868e-14
  4695.000  2.90494e-14
  4700.000  2.81925e-14
  4705.000  2.82337e-14
  4710.000  2.92551e-14
  4715.000  3.02848e-14
  4720.000  3.11073e-14
  4725.000  3.06514e-14
  4730.000  3.01962e-14
  4735.000  3.03645e-14
  4740.000  3.16626e-14
  4745.000  3.26527e-14
  4750.000  3.24806e-14
  4755.000  3.19776e-14
  4760.000  3.08199e-14
  4765.000  3.08448e-14
  4770.000  3.15624e-14
  4775.000  3.20408e-14
  4780.000  3.18612e-14
  4785.000  3.16734e-14
  4790.000  3.19255e-14
  4795.000  3.24464e-14
  4800.000  3.21254e-14
  4805.000  3.12394e-14
  4810.000  3.18391e-14
  4815.000  3.29653e-14
  4820.000  3.24717e-14
  4825.000  3.36794e-14
  4830.000  3.35446e-14
  4835.000  3.20548e-14
  4840.000  3.17178e-14
  4845.000  3.14415e-14
  4850.000  3.18035e-14
  4855.000  3.10559e-14
  4860.000  3.15106e-14
  4865.000  3.13824e-14
  4870.000  3.03281e-14
  4875.000  3.11379e-14
  4880.000  3.09875e-14
  4885.000  3.03743e-14
  4890.000  3.06617e-14
  4895.000  3.09179e-14
  4900.000  3.16165e-14
  4905.000  3.19711e-14
  4910.000  3.16108e-14
  4915.000  3.07906e-14
  4920.000  2.97970e-14
  4925.000  3.07296e-14
  4930.000  3.19466e-14
  4935.000  3.21224e-14
  4940.000  3.30953e-14
  4945.000  3.38231e-14
  4950.000  3.34655e-14
  4955.000  3.37503e-14
  4960.000  3.26151e-14
  4965.000  3.16786e-14
  4970.000  3.24833e-14
  4975.000  3.15460e-14
  4980.000  3.04021e-14
  4985.000  3.06350e-14
  4990.000  3.11891e-14
  4995.000  3.21035e-14
  5000.000  3.36465e-14
  5005.000  3.32321e-14
  5010.000  3.08019e-14
  5015.000  2.93872e-14
  5020.000  3.01026e-14
  5025.000  3.01229e-14
  5030.000  3.02396e-14
  5035.000  3.02614e-14
  5040.000  2.97080e-14
  5045.000  3.01111e-14
  5050.000  3.08652e-14
  5055.000  3.17525e-14
  5060.000  3.14915e-14
  5065.000  3.01217e-14
  5070.000  3.03047e-14
  5075.000  2.98186e-14
  5080.000  2.90186e-14
  5085.000  2.97092e-14
  5090.000  3.00329e-14
  5095.000  2.98605e-14
  5100.000  2.97951e-14
  5105.000  2.99697e-14
  5110.000  3.09548e-14
  5115.000  3.14343e-14
  5120.000  3.05756e-14
  5125.000  2.89685e-14
  5130.000  2.92987e-14
  5135.000  2.94544e-14
  5140.000  2.98383e-14
  5145.000  2.90202e-14
  5150.000  2.88085e-14
  5155.000  2.97591e-14
  5160.000  2.85753e-14
  5165.000  2.53074e-14
  5170.000  2.42854e-14
  5175.000  2.54508e-14
  5180.000  2.59353e-14
  5185.000  2.72016e-14
  5190.000  2.90032e-14
  5195.000  3.08842e-14
  5200.000  3.16030e-14
  5205.000  2.97249e-14
  5210.000  3.01746e-14
  5215.000  3.18478e-14
  5220.000  3.20683e-14
  5225.000  3.10658e-14
  5230.000  3.17261e-14
  5235.000  3.32865e-14
  5240.000  3.32344e-14
  5245.000  3.29271e-14
  5250.000  3.30544e-14
  5255.000  3.22527e-14
  5260.000  3.04937e-14
  5265.000  2.95655e-14
  5270.000  3.13134e-14
  5275.000  3.33488e-14
  5280.000  3.49813e-14
  5285.000  3.64546e-14
  5290.000  3.60242e-14
  5295.000  3.48721e-14
  5300.000  3.46537e-14
  5305.000  3.53127e-14
  5310.000  3.71688e-14
  5315.000  3.73365e-14
  5320.000  3.54887e-14
  5325.000  3.40303e-14
  5330.000  3.48152e-14
  5335.000  3.60161e-14
  5340.000  3.68758e-14
  5345.000  3.68543e-14
  5350.000  3.83575e-14
  5355.000  3.88194e-14
  5360.000  3.79708e-14
  5365.000  3.75505e-14
  5370.000  3.66816e-14
  5375.000  3.71166e-14
  5380.000  3.79164e-14
  5385.000  3.74661e-14
  5390.000  3.54092e-14
  5395.000  3.44371e-14
  5400.000  3.41400e-14
  5405.000  3.42727e-14
  5410.000  3.53810e-14
  5415.000  3.72167e-14
  5420.000  3.81092e-14
  5425.000  3.75146e-14
  5430.000  3.68191e-14
  5435.000  3.77646e-14
  5440.000  3.76509e-14
  5445.000  3.67181e-14
  5450.000  3.61949e-14
  5455.000  3.72018e-14
  5460.000  3.76104e-14
  5465.000  3.72311e-14
  5470.000  3.63738e-14
  5475.000  3.56965e-14
  5480.000  3.63025e-14
  5485.000  3.65197e-14
  5490.000  3.66660e-14
  5495.000  3.69081e-14
  5500.000  3.67171e-14
  5505.000  3.65585e-14
  5510.000  3.67031e-14
  5515.000  3.71557e-14
  5520.000  3.71471e-14
  5525.000  3.69470e-14
  5530.000  3.78756e-14
  5535.000  3.88673e-14
  5540.000  3.89309e-14
  5545.000  3.86638e-14
  5550.000  3.84855e-14
  5555.000  3.82563e-14
  5560.000  3.80576e-14
  5565.000  3.79900e-14
  5570.000  3.85024e-14
  5575.000  3.99882e-14
  5580.000  3.80572e-14
  5585.000  3.62635e-14
  5590.000  3.66346e-14
  5595.000  3.72302e-14
  5600.000  3.80940e-14
  5605.000  3.90471e-14
  5610.000  3.81652e-14
  5615.000  3.66194e-14
  5620.000  3.67235e-14
  5625.000  3.75502e-14
  5630.000  3.73470e-14
  5635.000  3.78105e-14
  5640.000  3.83496e-14
  5645.000  3.84690e-14
  5650.000  3.79450e-14
  5655.000  3.74688e-14
  5660.000  3.87748e-14
  5665.000  3.91554e-14
  5670.000  3.93443e-14
  5675.000  3.96407e-14
  5680.000  3.83418e-14
  5685.000  3.86464e-14
  5690.000  3.88946e-14
  5695.000  3.94809e-14
  5700.000  3.90032e-14
  5705.000  3.79615e-14
  5710.000  3.80748e-14
  5715.000  4.06403e-14
  5720.000  4.10547e-14
  5725.000  4.13268e-14
  5730.000  4.09686e-14
  5735.000  4.10040e-14
  5740.000  4.09968e-14
  5745.000  4.05565e-14
  5750.000  3.99750e-14
  5755.000  4.02900e-14
  5760.000  4.04008e-14
  5765.000  4.10464e-14
  5770.000  4.10210e-14
  5775.000  4.10074e-14
  5780.000  3.97992e-14
  5785.000  3.90521e-14
  5790.000  3.99803e-14
  5795.000  4.15963e-14
  5800.000  4.31102e-14
  5805.000  4.29834e-14
  5810.000  4.24089e-14
  5815.000  4.26869e-14
  5820.000  4.27253e-14
  5825.000  4.28209e-14
  5830.000  4.24775e-14
  5835.000  4.21205e-14
  5840.000  4.20703e-14
  5845.000  4.20732e-14
  5850.000  4.02061e-14
  5855.000  3.95191e-14
  5860.000  3.94629e-14
  5865.000  4.00115e-14
  5870.000  4.05214e-14
  5875.000  4.01478e-14
  5880.000  3.73862e-14
  5885.000  3.29137e-14
  5890.000  2.95545e-14
  5895.000  3.05415e-14
  5900.000  3.52922e-14
  5905.000  3.92576e-14
  5910.000  4.03918e-14
  5915.000  3.97749e-14
  5920.000  3.95064e-14
  5925.000  3.91232e-14
  5930.000  3.98988e-14
  5935.000  4.09476e-14
  5940.000  4.03244e-14
  5945.000  4.05328e-14
  5950.000  4.08157e-14
  5955.000  4.04633e-14
  5960.000  4.07392e-14
  5965.000  4.08085e-14
  5970.000  4.16730e-14
  5975.000  4.19132e-14
  5980.000  4.14201e-14
  5985.000  4.07567e-14
  5990.000  4.09424e-14
  5995.000  4.16525e-14
  6000.000  4.18950e-14
  6005.000  4.13679e-14
  6010.000  4.07637e-14
  6015.000  4.18964e-14
  6020.000  4.31191e-14
  6025.000  4.35481e-14
  6030.000  4.36255e-14
  6035.000  4.38692e-14
  6040.000  4.38877e-14
  6045.000  4.38355e-14
  6050.000  4.43261e-14
  6055.000  4.30825e-14
  6060.000  4.25037e-14
  6065.000  4.33784e-14
  6070.000  4.43880e-14
  6075.000  4.42152e-14
  6080.000  4.31198e-14
  6085.000  4.37135e-14
  6090.000  4.37716e-14
  6095.000  4.25306e-14
  6100.000  4.20905e-14
  6105.000  4.29284e-14
  6110.000  4.34364e-14
  6115.000  4.36715e-14
  6120.000  4.24470e-14
  6125.000  4.15216e-14
  6130.000  4.16490e-14
  6135.000  4.22048e-14
  6140.000  4.29816e-14
  6145.000  4.27941e-14
  6150.000  4.22631e-14
  6155.000  4.07813e-14
  6160.000  4.00703e-14
  6165.000  3.99264e-14
  6170.000  4.03433e-14
  6175.000  4.13053e-14
  6180.000  4.17463e-14
  6185.000  4.02829e-14
  6190.000  4.08160e-14
  6195.000  4.14228e-14
  6200.000  4.10302e-14
  6205.000  4.12163e-14
  6210.000  4.03214e-14
  6215.000  3.97268e-14
  6220.000  3.95071e-14
  6225.000  3.86461e-14
  6230.000  3.85461e-14
  6235.000  3.80167e-14
  6240.000  3.82334e-14
  6245.000  3.84544e-14
  6250.000  3.77317e-14
  6255.000  3.67689e-14
  6260.000  3.67726e-14
  6265.000  3.83842e-14
  6270.000  3.96145e-14
  6275.000  3.89580e-14
  6280.000  3.79175e-14
  6285.000  3.87805e-14
  6290.000  4.03776e-14
  6295.000  4.08499e-14
  6300.000  4.12608e-14
  6305.000  3.99795e-14
  6310.000  3.89541e-14
  6315.000  3.99910e-14
  6320.000  4.06328e-14
  6325.000  4.17947e-14
  6330.000  4.12125e-14
  6335.000  4.03839e-14
  6340.000  3.93150e-14
  6345.000  4.02289e-14
  6350.000  4.10158e-14
  6355.000  4.08846e-14
  6360.000  4.17730e-14
  6365.000  4.19044e-14
  6370.000  4.07839e-14
  6375.000  3.99999e-14
  6380.000  4.02987e-14
  6385.000  4.00531e-14
  6390.000  4.11845e-14
  6395.000  4.18241e-14
  6400.000  4.07541e-14
  6405.000  4.15458e-14
  6410.000  4.20994e-14
  6415.000  4.22023e-14
  6420.000  4.31607e-14
  6425.000  4.27019e-14
  6430.000  4.38697e-14
  6435.000  4.52401e-14
  6440.000  4.35314e-14
  6445.000  4.20548e-14
  6450.000  4.23198e-14
  6455.000  4.29211e-14
  6460.000  4.35792e-14
  6465.000  4.31574e-14
  6470.000  4.24524e-14
  6475.000  4.14460e-14
  6480.000  4.14856e-14
  6485.000  4.07699e-14
  6490.000  3.97707e-14
  6495.000  3.91657e-14
  6500.000  4.15654e-14
  6505.000  4.29080e-14
  6510.000  4.34229e-14
  6515.000  4.38378e-14
  6520.000  4.34636e-14
  6525.000  4.31264e-14
  6530.000  4.40165e-14
  6535.000  4.48215e-14
  6540.000  4.56673e-14
  6545.000  4.65242e-14
  6550.000  4.61608e-14
  6555.000  4.64735e-14
  6560.000  4.73601e-14
  6565.000  4.62088e-14
  6570.000  4.53295e-14
  6575.000  4.88444e-14
  6580.000  5.42526e-14
  6585.000  5.30967e-14
  6590.000  4.78272e-14
  6595.000  4.42000e-14
  6600.000  4.35686e-14
  6605.000  4.44991e-14
  6610.000  4.41342e-14
  6615.000  4.38088e-14
  6620.000  4.39956e-14
  6625.000  4.36416e-14
  6630.000  4.23407e-14
  6635.000  4.12468e-14
  6640.000  4.15496e-14
  6645.000  4.29342e-14
  6650.000  4.21080e-14
  6655.000  4.12913e-14
  6660.000  4.07890e-14
  6665.000  4.09758e-14
  6670.000  4.30402e-14
  6675.000  4.26138e-14
  6680.000  4.18276e-14
  6685.000  4.32518e-14
  6690.000  4.30302e-14
  6695.000  4.22940e-14
  6700.000  4.13503e-14
  6705.000  4.27151e-14
  6710.000  4.59201e-14
  6715.000  4.48704e-14
  6720.000  4.37927e-14
  6725.000  4.50458e-14
  6730.000  4.59990e-14
  6735.000  4.35421e-14
  6740.000  4.20868e-14
  6745.000  4.15832e-14
  6750.000  4.28119e-14
  6755.000  4.33090e-14
  6760.000  4.17014e-14
  6765.000  4.24730e-14
  6770.000  4.29555e-14
  6775.000  4.25808e-14
  6780.000  4.18658e-14
  6785.000  4.18473e-14
  6790.000  4.23895e-14
  6795.000  4.34570e-14
  6800.000  4.16806e-14
  6805.000  4.11021e-14
  6810.000  4.18335e-14
  6815.000  4.25970e-14
  6820.000  4.52007e-14
  6825.000  4.51340e-14
  6830.000  4.27448e-14
  6835.000  4.29058e-14
  6840.000  4.24864e-14
  6845.000  4.09151e-14
  6850.000  4.17517e-14
  6855.000  4.13954e-14
  6860.000  4.00940e-14
  6865.000  3.61693e-14
  6870.000  3.42400e-14
  6875.000  3.75328e-14
  6880.000  3.87483e-14
  6885.000  3.83545e-14
  6890.000  3.80330e-14
  6895.000  3.88749e-14
  6900.000  3.97054e-14
  6905.000  4.15134e-14
  6910.000  4.07730e-14
  6915.000  4.11741e-14
  6920.000  4.28498e-14
  6925.000  4.24676e-14
  6930.000  4.27265e-14
  6935.000  4.34682e-14
  6940.000  4.18999e-14
  6945.000  4.17923e-14
  6950.000  4.23315e-14
  6955.000  4.22453e-14
  6960.000  4.33099e-14
  6965.000  4.43841e-14
  6970.000  4.52305e-14
  6975.000  4.34738e-14
  6980.000  4.36242e-14
  6985.000  4.52395e-14
  6990.000  4.35392e-14
  6995.000  4.22624e-14
  7000.000  4.23377e-14
  7005.000  4.32761e-14
  7010.000  4.26612e-14
  7015.000  4.24340e-14
  7020.000  4.28736e-14
  7025.000  4.38973e-14
  7030.000  4.55022e-14
  7035.000  4.42196e-14
  7040.000  4.50096e-14
  7045.000  4.67345e-14
  7050.000  4.40286e-14
  7055.000  4.42593e-14
  7060.000  4.34679e-14
  7065.000  4.32085e-14
  7070.000  4.24588e-14
  7075.000  4.28929e-14
  7080.000  4.35688e-14
  7085.000  4.37988e-14
  7090.000  4.20006e-14
  7095.000  4.03279e-14
  7100.000  3.94971e-14
  7105.000  3.97861e-14
  7110.000  4.19100e-14
  7115.000  4.31383e-14
  7120.000  4.11117e-14
  7125.000  4.14570e-14
  7130.000  4.18634e-14
  7135.000  4.04138e-14
  7140.000  4.07982e-14
  7145.000  4.26180e-14
  7150.000  4.10934e-14
  7155.000  4.08453e-14
  7160.000  3.97875e-14
  7165.000  3.87849e-14
  7170.000  3.71396e-14
  7175.000  3.68567e-14
  7180.000  3.58901e-14
  7185.000  3.52307e-14
  7190.000  3.53092e-14
  7195.000  3.42227e-14
  7200.000  3.41470e-14
  7205.000  3.62857e-14
  7210.000  3.95583e-14
  7215.000  3.98325e-14
  7220.000  4.01016e-14
  7225.000  4.09531e-14
  7230.000  4.08499e-14
  7235.000  4.13541e-14
  7240.000  4.13759e-14
  7245.000  4.02557e-14
  7250.000  4.04315e-14
  7255.000  3.71385e-14
  7260.000  3.53524e-14
  7265.000  3.73603e-14
  7270.000  3.91554e-14
  7275.000  3.77473e-14
  7280.000  3.98152e-14
  7285.000  4.04448e-14
  7290.000  3.85117e-14
  7295.000  4.10395e-14
  7300.000  4.12279e-14
  7305.000  4.12914e-14
  7310.000  4.18320e-14
  7315.000  4.18208e-14
  7320.000  4.33891e-14
  7325.000  4.34341e-14
  7330.000  4.06114e-14
  7335.000  4.32622e-14
  7340.000  4.58307e-14
  7345.000  4.52687e-14
  7350.000  4.68449e-14
  7355.000  4.49969e-14
  7360.000  4.23913e-14
  7365.000  4.54708e-14
  7370.000  4.65594e-14
  7375.000  4.55239e-14
  7380.000  4.62927e-14
  7385.000  4.68342e-14
  7390.000  4.59231e-14
  7395.000  4.74928e-14
  7400.000  4.88233e-14
  7405.000  4.53327e-14
  7410.000  4.70357e-14
  7415.000  4.81357e-14
  7420.000  4.73923e-14
  7425.000  4.73787e-14
  7430.000  4.83935e-14
  7435.000  4.99458e-14
  7440.000  4.86232e-14
  7445.000  4.75107e-14
  7450.000  4.98042e-14
  7455.000  4.75516e-14
  7460.000  4.43654e-14
  7465.000  4.77947e-14
  7470.000  4.97681e-14
  7475.000  4.82114e-14
  7480.000  4.62455e-14
  7485.000  4.58240e-14
  7490.000  4.62088e-14
  7495.000  4.57899e-14
  7500.000  4.47104e-14
  7505.000  4.65608e-14
  7510.000  4.91270e-14
  7515.000  4.72540e-14
  7520.000  4.84738e-14
  7525.000  4.85399e-14
  7530.000  4.84629e-14
  7535.000  4.88296e-14
  7540.000  4.85075e-14
  7545.000  4.80070e-14
  7550.000  4.86581e-14
