# etc/misc/qso  |  ESO ETC QSO composite: Francis+91 (800-6000 A) spliced with Turler+99 (6000 A - 2 um)
# columns: wavelength_Angstrom  flam_erg_s_cm2_A (absolute scale arbitrary - ETC renormalizes)
   800.000  2.34922e+00
   802.500  2.33616e+00
   805.000  1.71913e+00
   807.500  1.31163e+00
   810.000  1.60622e+00
   812.500  1.81165e+00
   815.000  1.54293e+00
   817.500  2.11806e+00
   820.000  1.90720e+00
   822.500  1.95963e+00
   825.000  1.87111e+00
   827.500  1.48126e+00
   830.000  9.69256e-01
   832.500  9.18417e-01
   835.000  1.68488e+00
   837.500  2.31185e+00
   840.000  2.12207e+00
   842.500  2.32174e+00
   845.000  2.62911e+00
   847.500  2.59329e+00
   850.000  2.20824e+00
   852.500  2.53913e+00
   855.000  3.26927e+00
   857.500  2.91484e+00
   860.000  2.53011e+00
   862.500  2.70180e+00
   865.000  3.18226e+00
   867.500  2.82340e+00
   870.000  3.34732e+00
   872.500  3.54304e+00
   875.000  3.85162e+00
   877.500  4.14590e+00
   880.000  4.12273e+00
   882.500  4.14747e+00
   885.000  4.38073e+00
   887.500  4.07057e+00
   890.000  3.94787e+00
   892.500  3.92817e+00
   895.000  4.40115e+00
   897.500  4.31166e+00
   900.000  4.68265e+00
   902.500  5.42540e+00
   905.000  5.46176e+00
   907.500  5.53227e+00
   910.000  6.02582e+00
   912.500  5.96358e+00
   915.000  6.52746e+00
   917.500  6.87648e+00
   920.000  6.56300e+00
   922.500  6.80782e+00
   925.000  7.16233e+00
   927.500  6.99139e+00
   930.000  7.09648e+00
   932.500  7.99289e+00
   935.000  7.87904e+00
   937.500  6.82169e+00
   940.000  8.28206e+00
   942.500  8.50808e+00
   945.000  8.48263e+00
   947.500  8.26265e+00
   950.000  8.93385e+00
   952.500  8.88729e+00
   955.000  8.51505e+00
   957.500  8.35792e+00
   960.000  7.72751e+00
   962.500  8.38143e+00
   965.000  7.84144e+00
   967.500  8.19247e+00
   970.000  8.36086e+00
   972.500  8.88249e+00
   975.000  9.53528e+00
   977.500  9.79927e+00
   980.000  9.49743e+00
   982.500  9.39937e+00
   985.000  9.44277e+00
   987.500  9.56341e+00
   990.000  9.73860e+00
   992.500  9.80829e+00
   995.000  9.64079e+00
   997.500  9.35507e+00
  1000.000  9.14453e+00
  1002.500  9.24953e+00
  1005.000  9.62293e+00
  1007.500  9.63451e+00
  1010.000  9.92968e+00
  1012.500  9.36409e+00
  1015.000  9.53023e+00
  1017.500  9.68470e+00
  1020.000  9.18495e+00
  1022.500  9.79733e+00
  1025.000  1.00075e+01
  1027.500  1.13984e+01
  1030.000  1.18436e+01
  1032.500  1.25012e+01
  1035.000  1.27729e+01
  1037.500  1.24425e+01
  1040.000  1.17585e+01
  1042.500  1.12315e+01
  1045.000  1.04870e+01
  1047.500  9.99103e+00
  1050.000  9.96590e+00
  1052.500  9.29075e+00
  1055.000  9.07824e+00
  1057.500  9.43173e+00
  1060.000  9.93604e+00
  1062.500  9.91750e+00
  1065.000  9.23330e+00
  1067.500  9.29037e+00
  1070.000  9.20063e+00
  1072.500  8.99636e+00
  1075.000  9.04237e+00
  1077.500  9.28120e+00
  1080.000  9.55780e+00
  1082.500  9.74918e+00
  1085.000  9.77445e+00
  1087.500  9.68910e+00
  1090.000  9.56494e+00
  1092.500  9.40255e+00
  1095.000  9.18473e+00
  1097.500  8.89427e+00
  1100.000  8.67684e+00
  1102.500  8.84071e+00
  1105.000  8.63157e+00
  1107.500  8.96359e+00
  1110.000  8.91536e+00
  1112.500  8.75095e+00
  1115.000  9.01657e+00
  1117.500  9.43822e+00
  1120.000  9.63713e+00
  1122.500  9.63564e+00
  1125.000  9.55634e+00
  1127.500  9.52184e+00
  1130.000  9.57882e+00
  1132.500  9.47044e+00
  1135.000  9.16304e+00
  1137.500  9.30689e+00
  1140.000  9.19953e+00
  1142.500  9.06018e+00
  1145.000  8.86383e+00
  1147.500  8.51814e+00
  1150.000  8.30452e+00
  1152.500  8.49726e+00
  1155.000  8.96855e+00
  1157.500  9.33087e+00
  1160.000  9.09748e+00
  1162.500  9.30905e+00
  1165.000  9.69254e+00
  1167.500  9.73407e+00
  1170.000  9.80736e+00
  1172.500  1.01956e+01
  1175.000  1.02891e+01
  1177.500  1.04285e+01
  1180.000  1.06441e+01
  1182.500  1.08398e+01
  1185.000  1.10804e+01
  1187.500  1.14576e+01
  1190.000  1.20086e+01
  1192.500  1.26357e+01
  1195.000  1.30297e+01
  1197.500  1.36660e+01
  1200.000  1.45382e+01
  1202.500  1.55313e+01
  1205.000  1.68504e+01
  1207.500  1.86676e+01
  1210.000  2.07048e+01
  1212.500  2.25610e+01
  1215.000  2.41470e+01
  1217.500  2.57175e+01
  1220.000  2.50828e+01
  1222.500  2.34845e+01
  1225.000  2.04435e+01
  1227.500  2.01652e+01
  1230.000  1.95539e+01
  1232.500  1.98136e+01
  1235.000  1.99921e+01
  1237.500  1.99504e+01
  1240.000  1.98783e+01
  1242.500  1.92775e+01
  1245.000  1.79103e+01
  1247.500  1.67974e+01
  1250.000  1.56989e+01
  1252.500  1.46964e+01
  1255.000  1.40056e+01
  1257.500  1.35835e+01
  1260.000  1.33224e+01
  1262.500  1.31146e+01
  1265.000  1.28712e+01
  1267.500  1.25788e+01
  1270.000  1.22424e+01
  1272.500  1.18673e+01
  1275.000  1.14687e+01
  1277.500  1.11014e+01
  1280.000  1.08197e+01
  1282.500  1.06351e+01
  1285.000  1.05442e+01
  1287.500  1.05270e+01
  1290.000  1.05592e+01
  1292.500  1.06167e+01
  1295.000  1.06830e+01
  1297.500  1.07737e+01
  1300.000  1.09121e+01
  1302.500  1.10996e+01
  1305.000  1.12498e+01
  1307.500  1.12771e+01
  1310.000  1.11894e+01
  1312.500  1.10176e+01
  1315.000  1.07925e+01
  1317.500  1.05470e+01
  1320.000  1.03208e+01
  1322.500  1.01556e+01
  1325.000  1.00933e+01
  1327.500  1.01585e+01
  1330.000  1.03073e+01
  1332.500  1.04792e+01
  1335.000  1.06132e+01
  1337.500  1.06624e+01
  1340.000  1.06349e+01
  1342.500  1.05523e+01
  1345.000  1.04364e+01
  1347.500  1.03089e+01
  1350.000  1.01917e+01
  1352.500  1.01065e+01
  1355.000  1.00750e+01
  1357.500  1.01039e+01
  1360.000  1.01396e+01
  1362.500  1.01345e+01
  1365.000  1.01252e+01
  1367.500  1.01571e+01
  1370.000  1.02274e+01
  1372.500  1.03211e+01
  1375.000  1.04231e+01
  1377.500  1.05241e+01
  1380.000  1.06383e+01
  1382.500  1.07854e+01
  1385.000  1.09854e+01
  1387.500  1.12468e+01
  1390.000  1.15336e+01
  1392.500  1.17987e+01
  1395.000  1.19947e+01
  1397.500  1.20840e+01
  1400.000  1.20671e+01
  1402.500  1.19542e+01
  1405.000  1.17553e+01
  1407.500  1.14844e+01
  1410.000  1.11700e+01
  1412.500  1.08446e+01
  1415.000  1.05404e+01
  1417.500  1.02833e+01
  1420.000  1.00739e+01
  1422.500  9.90591e+00
  1425.000  9.77341e+00
  1427.500  9.67033e+00
  1430.000  9.59062e+00
  1432.500  9.52822e+00
  1435.000  9.47711e+00
  1437.500  9.43215e+00
  1440.000  9.39198e+00
  1442.500  9.35614e+00
  1445.000  9.32417e+00
  1447.500  9.29563e+00
  1450.000  9.27008e+00
  1452.500  9.24704e+00
  1455.000  9.22609e+00
  1457.500  9.20698e+00
  1460.000  9.19039e+00
  1462.500  9.17720e+00
  1465.000  9.16830e+00
  1467.500  9.16457e+00
  1470.000  9.16690e+00
  1472.500  9.17619e+00
  1475.000  9.19331e+00
  1477.500  9.21916e+00
  1480.000  9.25424e+00
  1482.500  9.29757e+00
  1485.000  9.34778e+00
  1487.500  9.40350e+00
  1490.000  9.46336e+00
  1492.500  9.52601e+00
  1495.000  9.59007e+00
  1497.500  9.65418e+00
  1500.000  9.71803e+00
  1502.500  9.78555e+00
  1505.000  9.86173e+00
  1507.500  9.95156e+00
  1510.000  1.00600e+01
  1512.500  1.01921e+01
  1515.000  1.03529e+01
  1517.500  1.05472e+01
  1520.000  1.07785e+01
  1522.500  1.10430e+01
  1525.000  1.13355e+01
  1527.500  1.16507e+01
  1530.000  1.19903e+01
  1532.500  1.23842e+01
  1535.000  1.28696e+01
  1537.500  1.34835e+01
  1540.000  1.42258e+01
  1542.500  1.49483e+01
  1545.000  1.54659e+01
  1547.500  1.56272e+01
  1550.000  1.54159e+01
  1552.500  1.48687e+01
  1555.000  1.40999e+01
  1557.500  1.32426e+01
  1560.000  1.24305e+01
  1562.500  1.17695e+01
  1565.000  1.12568e+01
  1567.500  1.08621e+01
  1570.000  1.05553e+01
  1572.500  1.03095e+01
  1575.000  1.01112e+01
  1577.500  9.95056e+00
  1580.000  9.81738e+00
  1582.500  9.70312e+00
  1585.000  9.60517e+00
  1587.500  9.52239e+00
  1590.000  9.45363e+00
  1592.500  9.39776e+00
  1595.000  9.35365e+00
  1597.500  9.32014e+00
  1600.000  9.29612e+00
  1602.500  9.28043e+00
  1605.000  9.27194e+00
  1607.500  9.26951e+00
  1610.000  9.27201e+00
  1612.500  9.27829e+00
  1615.000  9.28722e+00
  1617.500  9.29766e+00
  1620.000  9.30847e+00
  1622.500  9.31842e+00
  1625.000  9.32587e+00
  1627.500  9.32910e+00
  1630.000  9.32638e+00
  1632.500  9.31598e+00
  1635.000  9.29572e+00
  1637.500  9.26161e+00
  1640.000  9.20921e+00
  1642.500  9.13406e+00
  1645.000  9.03601e+00
  1647.500  8.93197e+00
  1650.000  8.84316e+00
  1652.500  8.79078e+00
  1655.000  8.78827e+00
  1657.500  8.81808e+00
  1660.000  8.85489e+00
  1662.500  8.87338e+00
  1665.000  8.85386e+00
  1667.500  8.79908e+00
  1670.000  8.71740e+00
  1672.500  8.61722e+00
  1675.000  8.50688e+00
  1677.500  8.39476e+00
  1680.000  8.28924e+00
  1682.500  8.19868e+00
  1685.000  8.12959e+00
  1687.500  8.08094e+00
  1690.000  8.04985e+00
  1692.500  8.03345e+00
  1695.000  8.02884e+00
  1697.500  8.03314e+00
  1700.000  8.04347e+00
  1702.500  8.05694e+00
  1705.000  8.07101e+00
  1707.500  8.08459e+00
  1710.000  8.09691e+00
  1712.500  8.10722e+00
  1715.000  8.11476e+00
  1717.500  8.11877e+00
  1720.000  8.11850e+00
  1722.500  8.11319e+00
  1725.000  8.10253e+00
  1727.500  8.08793e+00
  1730.000  8.07126e+00
  1732.500  8.05439e+00
  1735.000  8.03917e+00
  1737.500  8.02748e+00
  1740.000  8.02116e+00
  1742.500  8.02209e+00
  1745.000  8.03024e+00
  1747.500  8.03802e+00
  1750.000  8.03598e+00
  1752.500  8.01463e+00
  1755.000  7.96804e+00
  1757.500  7.90441e+00
  1760.000  7.83544e+00
  1762.500  7.77288e+00
  1765.000  7.72597e+00
  1767.500  7.69415e+00
  1770.000  7.67438e+00
  1772.500  7.66363e+00
  1775.000  7.65886e+00
  1777.500  7.65703e+00
  1780.000  7.65511e+00
  1782.500  7.65006e+00
  1785.000  7.63954e+00
  1787.500  7.62393e+00
  1790.000  7.60430e+00
  1792.500  7.58170e+00
  1795.000  7.55722e+00
  1797.500  7.53184e+00
  1800.000  7.50623e+00
  1802.500  7.48097e+00
  1805.000  7.45665e+00
  1807.500  7.43384e+00
  1810.000  7.41303e+00
  1812.500  7.39468e+00
  1815.000  7.37925e+00
  1817.500  7.36722e+00
  1820.000  7.35905e+00
  1822.500  7.35520e+00
  1825.000  7.35614e+00
  1827.500  7.36236e+00
  1830.000  7.37443e+00
  1832.500  7.39297e+00
  1835.000  7.41857e+00
  1837.500  7.45184e+00
  1840.000  7.49338e+00
  1842.500  7.54380e+00
  1845.000  7.60368e+00
  1847.500  7.67269e+00
  1850.000  7.74664e+00
  1852.500  7.82038e+00
  1855.000  7.88878e+00
  1857.500  7.94668e+00
  1860.000  7.98895e+00
  1862.500  8.01045e+00
  1865.000  8.00603e+00
  1867.500  7.97520e+00
  1870.000  7.93609e+00
  1872.500  7.91146e+00
  1875.000  7.92408e+00
  1877.500  7.99124e+00
  1880.000  8.10832e+00
  1882.500  8.26521e+00
  1885.000  8.45182e+00
  1887.500  8.65564e+00
  1890.000  8.85454e+00
  1892.500  9.02399e+00
  1895.000  9.13947e+00
  1897.500  9.20031e+00
  1900.000  9.30123e+00
  1902.500  9.51091e+00
  1905.000  9.69831e+00
  1907.500  9.72145e+00
  1910.000  9.59402e+00
  1912.500  9.36869e+00
  1915.000  9.09809e+00
  1917.500  8.82666e+00
  1920.000  8.56592e+00
  1922.500  8.31919e+00
  1925.000  8.08980e+00
  1927.500  7.88048e+00
  1930.000  7.69164e+00
  1932.500  7.52311e+00
  1935.000  7.37472e+00
  1937.500  7.24630e+00
  1940.000  7.13769e+00
  1942.500  7.04870e+00
  1945.000  6.97918e+00
  1947.500  6.92775e+00
  1950.000  6.88828e+00
  1952.500  6.85342e+00
  1955.000  6.81583e+00
  1957.500  6.76818e+00
  1960.000  6.70587e+00
  1962.500  6.63531e+00
  1965.000  6.56566e+00
  1967.500  6.50609e+00
  1970.000  6.46370e+00
  1972.500  6.43740e+00
  1975.000  6.42402e+00
  1977.500  6.42042e+00
  1980.000  6.42344e+00
  1982.500  6.42993e+00
  1985.000  6.43673e+00
  1987.500  6.44069e+00
  1990.000  6.43929e+00
  1992.500  6.43257e+00
  1995.000  6.42119e+00
  1997.500  6.40583e+00
  2000.000  6.38715e+00
  2002.500  6.36583e+00
  2005.000  6.34253e+00
  2007.500  6.31792e+00
  2010.000  6.29268e+00
  2012.500  6.26747e+00
  2015.000  6.24297e+00
  2017.500  6.21983e+00
  2020.000  6.19874e+00
  2022.500  6.18036e+00
  2025.000  6.16536e+00
  2027.500  6.15441e+00
  2030.000  6.14798e+00
  2032.500  6.14575e+00
  2035.000  6.14718e+00
  2037.500  6.15175e+00
  2040.000  6.15893e+00
  2042.500  6.16819e+00
  2045.000  6.17901e+00
  2047.500  6.19085e+00
  2050.000  6.20320e+00
  2052.500  6.21551e+00
  2055.000  6.22727e+00
  2057.500  6.23795e+00
  2060.000  6.24702e+00
  2062.500  6.25395e+00
  2065.000  6.25821e+00
  2067.500  6.25929e+00
  2070.000  6.25675e+00
  2072.500  6.25064e+00
  2075.000  6.24111e+00
  2077.500  6.22831e+00
  2080.000  6.21238e+00
  2082.500  6.19348e+00
  2085.000  6.17175e+00
  2087.500  6.14734e+00
  2090.000  6.12040e+00
  2092.500  6.09109e+00
  2095.000  6.05955e+00
  2097.500  6.02592e+00
  2100.000  5.99037e+00
  2102.500  5.95303e+00
  2105.000  5.91406e+00
  2107.500  5.87361e+00
  2110.000  5.83206e+00
  2112.500  5.79075e+00
  2115.000  5.75126e+00
  2117.500  5.71517e+00
  2120.000  5.68405e+00
  2122.500  5.65882e+00
  2125.000  5.63769e+00
  2127.500  5.61821e+00
  2130.000  5.59795e+00
  2132.500  5.57503e+00
  2135.000  5.54992e+00
  2137.500  5.52368e+00
  2140.000  5.49734e+00
  2142.500  5.47197e+00
  2145.000  5.44861e+00
  2147.500  5.42831e+00
  2150.000  5.41212e+00
  2152.500  5.40071e+00
  2155.000  5.39327e+00
  2157.500  5.38859e+00
  2160.000  5.38548e+00
  2162.500  5.38274e+00
  2165.000  5.37917e+00
  2167.500  5.37358e+00
  2170.000  5.36476e+00
  2172.500  5.35186e+00
  2175.000  5.33534e+00
  2177.500  5.31600e+00
  2180.000  5.29466e+00
  2182.500  5.27211e+00
  2185.000  5.24915e+00
  2187.500  5.22660e+00
  2190.000  5.20524e+00
  2192.500  5.18574e+00
  2195.000  5.16808e+00
  2197.500  5.15211e+00
  2200.000  5.13768e+00
  2202.500  5.12463e+00
  2205.000  5.11280e+00
  2207.500  5.10204e+00
  2210.000  5.09218e+00
  2212.500  5.08309e+00
  2215.000  5.07460e+00
  2217.500  5.06663e+00
  2220.000  5.05910e+00
  2222.500  5.05195e+00
  2225.000  5.04508e+00
  2227.500  5.03844e+00
  2230.000  5.03193e+00
  2232.500  5.02549e+00
  2235.000  5.01907e+00
  2237.500  5.01276e+00
  2240.000  5.00670e+00
  2242.500  5.00100e+00
  2245.000  4.99579e+00
  2247.500  4.99120e+00
  2250.000  4.98736e+00
  2252.500  4.98439e+00
  2255.000  4.98241e+00
  2257.500  4.98156e+00
  2260.000  4.98196e+00
  2262.500  4.98373e+00
  2265.000  4.98700e+00
  2267.500  4.99190e+00
  2270.000  4.99855e+00
  2272.500  5.00708e+00
  2275.000  5.01754e+00
  2277.500  5.02973e+00
  2280.000  5.04333e+00
  2282.500  5.05807e+00
  2285.000  5.07366e+00
  2287.500  5.08980e+00
  2290.000  5.10620e+00
  2292.500  5.12258e+00
  2295.000  5.13864e+00
  2297.500  5.15410e+00
  2300.000  5.16866e+00
  2302.500  5.18203e+00
  2305.000  5.19393e+00
  2307.500  5.20406e+00
  2310.000  5.21213e+00
  2312.500  5.21786e+00
  2315.000  5.22095e+00
  2317.500  5.22119e+00
  2320.000  5.21869e+00
  2322.500  5.21364e+00
  2325.000  5.20622e+00
  2327.500  5.19662e+00
  2330.000  5.18503e+00
  2332.500  5.17162e+00
  2335.000  5.15660e+00
  2337.500  5.14014e+00
  2340.000  5.12244e+00
  2342.500  5.10367e+00
  2345.000  5.08403e+00
  2347.500  5.06370e+00
  2350.000  5.04287e+00
  2352.500  5.02172e+00
  2355.000  5.00045e+00
  2357.500  4.97925e+00
  2360.000  4.95840e+00
  2362.500  4.93818e+00
  2365.000  4.91888e+00
  2367.500  4.90080e+00
  2370.000  4.88422e+00
  2372.500  4.86943e+00
  2375.000  4.85671e+00
  2377.500  4.84636e+00
  2380.000  4.83867e+00
  2382.500  4.83392e+00
  2385.000  4.83239e+00
  2387.500  4.83439e+00
  2390.000  4.84020e+00
  2392.500  4.85010e+00
  2395.000  4.86439e+00
  2397.500  4.88309e+00
  2400.000  4.90520e+00
  2402.500  4.92945e+00
  2405.000  4.95457e+00
  2407.500  4.97929e+00
  2410.000  5.00235e+00
  2412.500  5.02248e+00
  2415.000  5.03842e+00
  2417.500  5.04913e+00
  2420.000  5.05459e+00
  2422.500  5.05501e+00
  2425.000  5.05058e+00
  2427.500  5.04152e+00
  2430.000  5.02804e+00
  2432.500  5.01035e+00
  2435.000  4.98864e+00
  2437.500  4.96331e+00
  2440.000  4.93539e+00
  2442.500  4.90608e+00
  2445.000  4.87660e+00
  2447.500  4.84815e+00
  2450.000  4.82194e+00
  2452.500  4.79918e+00
  2455.000  4.78107e+00
  2457.500  4.76883e+00
  2460.000  4.76324e+00
  2462.500  4.76339e+00
  2465.000  4.76796e+00
  2467.500  4.77562e+00
  2470.000  4.78505e+00
  2472.500  4.79492e+00
  2475.000  4.80390e+00
  2477.500  4.81067e+00
  2480.000  4.81416e+00
  2482.500  4.81440e+00
  2485.000  4.81166e+00
  2487.500  4.80623e+00
  2490.000  4.79840e+00
  2492.500  4.78845e+00
  2495.000  4.77666e+00
  2497.500  4.76331e+00
  2500.000  4.74870e+00
  2502.500  4.73310e+00
  2505.000  4.71680e+00
  2507.500  4.70008e+00
  2510.000  4.68322e+00
  2512.500  4.66652e+00
  2515.000  4.65024e+00
  2517.500  4.63469e+00
  2520.000  4.62007e+00
  2522.500  4.60635e+00
  2525.000  4.59344e+00
  2527.500  4.58124e+00
  2530.000  4.56964e+00
  2532.500  4.55856e+00
  2535.000  4.54789e+00
  2537.500  4.53754e+00
  2540.000  4.52740e+00
  2542.500  4.51739e+00
  2545.000  4.50740e+00
  2547.500  4.49733e+00
  2550.000  4.48709e+00
  2552.500  4.47658e+00
  2555.000  4.46571e+00
  2557.500  4.45436e+00
  2560.000  4.44249e+00
  2562.500  4.43013e+00
  2565.000  4.41740e+00
  2567.500  4.40436e+00
  2570.000  4.39112e+00
  2572.500  4.37777e+00
  2575.000  4.36438e+00
  2577.500  4.35106e+00
  2580.000  4.33789e+00
  2582.500  4.32495e+00
  2585.000  4.31235e+00
  2587.500  4.30016e+00
  2590.000  4.28849e+00
  2592.500  4.27741e+00
  2595.000  4.26701e+00
  2597.500  4.25740e+00
  2600.000  4.24860e+00
  2602.500  4.24046e+00
  2605.000  4.23278e+00
  2607.500  4.22536e+00
  2610.000  4.21798e+00
  2612.500  4.21045e+00
  2615.000  4.20256e+00
  2617.500  4.19412e+00
  2620.000  4.18490e+00
  2622.500  4.17472e+00
  2625.000  4.16337e+00
  2627.500  4.15064e+00
  2630.000  4.13633e+00
  2632.500  4.12024e+00
  2635.000  4.10216e+00
  2637.500  4.08189e+00
  2640.000  4.05923e+00
  2642.500  4.03418e+00
  2645.000  4.00760e+00
  2647.500  3.98058e+00
  2650.000  3.95419e+00
  2652.500  3.92950e+00
  2655.000  3.90759e+00
  2657.500  3.88953e+00
  2660.000  3.87641e+00
  2662.500  3.86896e+00
  2665.000  3.86661e+00
  2667.500  3.86844e+00
  2670.000  3.87355e+00
  2672.500  3.88103e+00
  2675.000  3.88998e+00
  2677.500  3.89947e+00
  2680.000  3.90860e+00
  2682.500  3.91665e+00
  2685.000  3.92364e+00
  2687.500  3.92976e+00
  2690.000  3.93523e+00
  2692.500  3.94023e+00
  2695.000  3.94498e+00
  2697.500  3.94967e+00
  2700.000  3.95452e+00
  2702.500  3.95971e+00
  2705.000  3.96546e+00
  2707.500  3.97197e+00
  2710.000  3.97943e+00
  2712.500  3.98806e+00
  2715.000  3.99804e+00
  2717.500  4.00960e+00
  2720.000  4.02292e+00
  2722.500  4.03811e+00
  2725.000  4.05490e+00
  2727.500  4.07292e+00
  2730.000  4.09177e+00
  2732.500  4.11110e+00
  2735.000  4.13053e+00
  2737.500  4.14967e+00
  2740.000  4.16816e+00
  2742.500  4.18563e+00
  2745.000  4.20168e+00
  2747.500  4.21596e+00
  2750.000  4.22809e+00
  2752.500  4.23769e+00
  2755.000  4.24438e+00
  2757.500  4.24780e+00
  2760.000  4.24756e+00
  2762.500  4.24429e+00
  2765.000  4.24260e+00
  2767.500  4.24808e+00
  2770.000  4.26633e+00
  2772.500  4.30296e+00
  2775.000  4.36356e+00
  2777.500  4.45375e+00
  2780.000  4.57911e+00
  2782.500  4.74525e+00
  2785.000  4.95329e+00
  2787.500  5.18636e+00
  2790.000  5.42312e+00
  2792.500  5.64224e+00
  2795.000  5.82238e+00
  2797.500  5.94217e+00
  2800.000  5.98030e+00
  2802.500  5.91540e+00
  2805.000  5.73777e+00
  2807.500  5.48412e+00
  2810.000  5.20283e+00
  2812.500  4.94223e+00
  2815.000  4.74015e+00
  2817.500  4.59223e+00
  2820.000  4.48358e+00
  2822.500  4.39932e+00
  2825.000  4.32687e+00
  2827.500  4.26296e+00
  2830.000  4.20667e+00
  2832.500  4.15705e+00
  2835.000  4.11316e+00
  2837.500  4.07407e+00
  2840.000  4.03883e+00
  2842.500  4.00650e+00
  2845.000  3.97628e+00
  2847.500  3.94784e+00
  2850.000  3.92099e+00
  2852.500  3.89552e+00
  2855.000  3.87125e+00
  2857.500  3.84797e+00
  2860.000  3.82550e+00
  2862.500  3.80363e+00
  2865.000  3.78216e+00
  2867.500  3.76092e+00
  2870.000  3.73969e+00
  2872.500  3.71828e+00
  2875.000  3.69649e+00
  2877.500  3.67413e+00
  2880.000  3.65101e+00
  2882.500  3.62692e+00
  2885.000  3.60168e+00
  2887.500  3.57527e+00
  2890.000  3.54848e+00
  2892.500  3.52228e+00
  2895.000  3.49763e+00
  2897.500  3.47551e+00
  2900.000  3.45690e+00
  2902.500  3.44275e+00
  2905.000  3.43405e+00
  2907.500  3.43142e+00
  2910.000  3.43412e+00
  2912.500  3.44110e+00
  2915.000  3.45127e+00
  2917.500  3.46356e+00
  2920.000  3.47690e+00
  2922.500  3.49022e+00
  2925.000  3.50244e+00
  2927.500  3.51268e+00
  2930.000  3.52083e+00
  2932.500  3.52697e+00
  2935.000  3.53118e+00
  2937.500  3.53353e+00
  2940.000  3.53412e+00
  2942.500  3.53302e+00
  2945.000  3.53031e+00
  2947.500  3.52607e+00
  2950.000  3.52038e+00
  2952.500  3.51332e+00
  2955.000  3.50497e+00
  2957.500  3.49542e+00
  2960.000  3.48473e+00
  2962.500  3.47299e+00
  2965.000  3.46029e+00
  2967.500  3.44669e+00
  2970.000  3.43229e+00
  2972.500  3.41716e+00
  2975.000  3.40138e+00
  2977.500  3.38503e+00
  2980.000  3.36819e+00
  2982.500  3.35095e+00
  2985.000  3.33337e+00
  2987.500  3.31555e+00
  2990.000  3.29756e+00
  2992.500  3.27949e+00
  2995.000  3.26140e+00
  2997.500  3.24339e+00
  3000.000  3.22553e+00
  3002.500  3.20790e+00
  3005.000  3.19058e+00
  3007.500  3.17366e+00
  3010.000  3.15721e+00
  3012.500  3.14130e+00
  3015.000  3.12600e+00
  3017.500  3.11139e+00
  3020.000  3.09753e+00
  3022.500  3.08449e+00
  3025.000  3.07235e+00
  3027.500  3.06117e+00
  3030.000  3.05102e+00
  3032.500  3.04198e+00
  3035.000  3.03410e+00
  3037.500  3.02748e+00
  3040.000  3.02216e+00
  3042.500  3.01823e+00
  3045.000  3.01576e+00
  3047.500  3.01480e+00
  3050.000  3.01540e+00
  3052.500  3.01736e+00
  3055.000  3.02049e+00
  3057.500  3.02455e+00
  3060.000  3.02934e+00
  3062.500  3.03462e+00
  3065.000  3.04019e+00
  3067.500  3.04583e+00
  3070.000  3.05131e+00
  3072.500  3.05642e+00
  3075.000  3.06094e+00
  3077.500  3.06465e+00
  3080.000  3.06734e+00
  3082.500  3.06878e+00
  3085.000  3.06875e+00
  3087.500  3.06705e+00
  3090.000  3.06362e+00
  3092.500  3.05913e+00
  3095.000  3.05442e+00
  3097.500  3.05033e+00
  3100.000  3.04771e+00
  3102.500  3.04738e+00
  3105.000  3.05020e+00
  3107.500  3.05700e+00
  3110.000  3.06863e+00
  3112.500  3.08545e+00
  3115.000  3.10600e+00
  3117.500  3.12833e+00
  3120.000  3.15050e+00
  3122.500  3.17057e+00
  3125.000  3.18660e+00
  3127.500  3.19664e+00
  3130.000  3.19877e+00
  3132.500  3.19173e+00
  3135.000  3.17707e+00
  3137.500  3.15706e+00
  3140.000  3.13392e+00
  3142.500  3.10992e+00
  3145.000  3.08729e+00
  3147.500  3.06830e+00
  3150.000  3.05519e+00
  3152.500  3.04960e+00
  3155.000  3.05079e+00
  3157.500  3.05741e+00
  3160.000  3.06810e+00
  3162.500  3.08152e+00
  3165.000  3.09631e+00
  3167.500  3.11112e+00
  3170.000  3.12460e+00
  3172.500  3.13566e+00
  3175.000  3.14420e+00
  3177.500  3.15039e+00
  3180.000  3.15439e+00
  3182.500  3.15637e+00
  3185.000  3.15649e+00
  3187.500  3.15492e+00
  3190.000  3.15183e+00
  3192.500  3.14736e+00
  3195.000  3.14170e+00
  3197.500  3.13501e+00
  3200.000  3.12744e+00
  3202.500  3.11917e+00
  3205.000  3.11036e+00
  3207.500  3.10117e+00
  3210.000  3.09177e+00
  3212.500  3.08230e+00
  3215.000  3.07283e+00
  3217.500  3.06339e+00
  3220.000  3.05404e+00
  3222.500  3.04482e+00
  3225.000  3.03576e+00
  3227.500  3.02691e+00
  3230.000  3.01832e+00
  3232.500  3.01003e+00
  3235.000  3.00208e+00
  3237.500  2.99451e+00
  3240.000  2.98738e+00
  3242.500  2.98071e+00
  3245.000  2.97455e+00
  3247.500  2.96896e+00
  3250.000  2.96396e+00
  3252.500  2.95959e+00
  3255.000  2.95576e+00
  3257.500  2.95239e+00
  3260.000  2.94938e+00
  3262.500  2.94664e+00
  3265.000  2.94407e+00
  3267.500  2.94157e+00
  3270.000  2.93907e+00
  3272.500  2.93645e+00
  3275.000  2.93363e+00
  3277.500  2.93051e+00
  3280.000  2.92700e+00
  3282.500  2.92300e+00
  3285.000  2.91842e+00
  3287.500  2.91316e+00
  3290.000  2.90714e+00
  3292.500  2.90025e+00
  3295.000  2.89244e+00
  3297.500  2.88382e+00
  3300.000  2.87450e+00
  3302.500  2.86464e+00
  3305.000  2.85436e+00
  3307.500  2.84380e+00
  3310.000  2.83310e+00
  3312.500  2.82240e+00
  3315.000  2.81182e+00
  3317.500  2.80151e+00
  3320.000  2.79160e+00
  3322.500  2.78223e+00
  3325.000  2.77353e+00
  3327.500  2.76564e+00
  3330.000  2.75869e+00
  3332.500  2.75282e+00
  3335.000  2.74813e+00
  3337.500  2.74450e+00
  3340.000  2.74180e+00
  3342.500  2.73988e+00
  3345.000  2.73859e+00
  3347.500  2.73779e+00
  3350.000  2.73733e+00
  3352.500  2.73707e+00
  3355.000  2.73686e+00
  3357.500  2.73655e+00
  3360.000  2.73600e+00
  3362.500  2.73506e+00
  3365.000  2.73359e+00
  3367.500  2.73144e+00
  3370.000  2.72846e+00
  3372.500  2.72452e+00
  3375.000  2.71954e+00
  3377.500  2.71382e+00
  3380.000  2.70771e+00
  3382.500  2.70158e+00
  3385.000  2.69581e+00
  3387.500  2.69075e+00
  3390.000  2.68677e+00
  3392.500  2.68424e+00
  3395.000  2.68353e+00
  3397.500  2.68500e+00
  3400.000  2.68902e+00
  3402.500  2.69596e+00
  3405.000  2.70618e+00
  3407.500  2.72004e+00
  3410.000  2.73793e+00
  3412.500  2.76019e+00
  3415.000  2.78640e+00
  3417.500  2.81291e+00
  3420.000  2.83525e+00
  3422.500  2.84898e+00
  3425.000  2.84965e+00
  3427.500  2.83452e+00
  3430.000  2.80778e+00
  3432.500  2.77533e+00
  3435.000  2.74308e+00
  3437.500  2.71584e+00
  3440.000  2.69402e+00
  3442.500  2.67695e+00
  3445.000  2.66394e+00
  3447.500  2.65430e+00
  3450.000  2.64736e+00
  3452.500  2.64242e+00
  3455.000  2.63881e+00
  3457.500  2.63594e+00
  3460.000  2.63360e+00
  3462.500  2.63168e+00
  3465.000  2.63008e+00
  3467.500  2.62866e+00
  3470.000  2.62734e+00
  3472.500  2.62599e+00
  3475.000  2.62451e+00
  3477.500  2.62277e+00
  3480.000  2.62068e+00
  3482.500  2.61812e+00
  3485.000  2.61498e+00
  3487.500  2.61115e+00
  3490.000  2.60651e+00
  3492.500  2.60096e+00
  3495.000  2.59438e+00
  3497.500  2.58670e+00
  3500.000  2.57802e+00
  3502.500  2.56849e+00
  3505.000  2.55823e+00
  3507.500  2.54739e+00
  3510.000  2.53611e+00
  3512.500  2.52452e+00
  3515.000  2.51276e+00
  3517.500  2.50098e+00
  3520.000  2.48931e+00
  3522.500  2.47789e+00
  3525.000  2.46686e+00
  3527.500  2.45636e+00
  3530.000  2.44653e+00
  3532.500  2.43750e+00
  3535.000  2.42941e+00
  3537.500  2.42241e+00
  3540.000  2.41659e+00
  3542.500  2.41190e+00
  3545.000  2.40822e+00
  3547.500  2.40547e+00
  3550.000  2.40354e+00
  3552.500  2.40234e+00
  3555.000  2.40175e+00
  3557.500  2.40169e+00
  3560.000  2.40205e+00
  3562.500  2.40273e+00
  3565.000  2.40363e+00
  3567.500  2.40466e+00
  3570.000  2.40570e+00
  3572.500  2.40667e+00
  3575.000  2.40746e+00
  3577.500  2.40797e+00
  3580.000  2.40813e+00
  3582.500  2.40791e+00
  3585.000  2.40735e+00
  3587.500  2.40645e+00
  3590.000  2.40523e+00
  3592.500  2.40371e+00
  3595.000  2.40189e+00
  3597.500  2.39979e+00
  3600.000  2.39742e+00
  3602.500  2.39481e+00
  3605.000  2.39196e+00
  3607.500  2.38888e+00
  3610.000  2.38560e+00
  3612.500  2.38213e+00
  3615.000  2.37847e+00
  3617.500  2.37466e+00
  3620.000  2.37068e+00
  3622.500  2.36658e+00
  3625.000  2.36235e+00
  3627.500  2.35801e+00
  3630.000  2.35358e+00
  3632.500  2.34906e+00
  3635.000  2.34449e+00
  3637.500  2.33986e+00
  3640.000  2.33519e+00
  3642.500  2.33050e+00
  3645.000  2.32580e+00
  3647.500  2.32110e+00
  3650.000  2.31643e+00
  3652.500  2.31179e+00
  3655.000  2.30720e+00
  3657.500  2.30267e+00
  3660.000  2.29821e+00
  3662.500  2.29386e+00
  3665.000  2.28971e+00
  3667.500  2.28585e+00
  3670.000  2.28239e+00
  3672.500  2.27944e+00
  3675.000  2.27709e+00
  3677.500  2.27545e+00
  3680.000  2.27463e+00
  3682.500  2.27462e+00
  3685.000  2.27501e+00
  3687.500  2.27527e+00
  3690.000  2.27488e+00
  3692.500  2.27333e+00
  3695.000  2.27009e+00
  3697.500  2.26464e+00
  3700.000  2.25646e+00
  3702.500  2.24558e+00
  3705.000  2.23423e+00
  3707.500  2.22519e+00
  3710.000  2.22125e+00
  3712.500  2.22518e+00
  3715.000  2.23976e+00
  3717.500  2.26779e+00
  3720.000  2.31204e+00
  3722.500  2.37580e+00
  3725.000  2.46442e+00
  3727.500  2.56310e+00
  3730.000  2.57424e+00
  3732.500  2.42879e+00
  3735.000  2.25452e+00
  3737.500  2.18623e+00
  3740.000  2.18984e+00
  3742.500  2.20187e+00
  3745.000  2.20988e+00
  3747.500  2.21423e+00
  3750.000  2.21525e+00
  3752.500  2.21330e+00
  3755.000  2.20872e+00
  3757.500  2.20185e+00
  3760.000  2.19304e+00
  3762.500  2.18263e+00
  3765.000  2.17096e+00
  3767.500  2.15839e+00
  3770.000  2.14525e+00
  3772.500  2.13190e+00
  3775.000  2.11867e+00
  3777.500  2.10591e+00
  3780.000  2.09396e+00
  3782.500  2.08318e+00
  3785.000  2.07381e+00
  3787.500  2.06580e+00
  3790.000  2.05898e+00
  3792.500  2.05319e+00
  3795.000  2.04829e+00
  3797.500  2.04412e+00
  3800.000  2.04052e+00
  3802.500  2.03734e+00
  3805.000  2.03443e+00
  3807.500  2.03161e+00
  3810.000  2.02875e+00
  3812.500  2.02569e+00
  3815.000  2.02227e+00
  3817.500  2.01834e+00
  3820.000  2.01373e+00
  3822.500  2.00831e+00
  3825.000  2.00205e+00
  3827.500  1.99559e+00
  3830.000  1.98969e+00
  3832.500  1.98513e+00
  3835.000  1.98266e+00
  3837.500  1.98308e+00
  3840.000  1.98714e+00
  3842.500  1.99561e+00
  3845.000  2.00927e+00
  3847.500  2.02845e+00
  3850.000  2.05167e+00
  3852.500  2.07704e+00
  3855.000  2.10265e+00
  3857.500  2.12658e+00
  3860.000  2.14695e+00
  3862.500  2.16182e+00
  3865.000  2.16931e+00
  3867.500  2.16820e+00
  3870.000  2.16012e+00
  3872.500  2.14741e+00
  3875.000  2.13238e+00
  3877.500  2.11694e+00
  3880.000  2.10122e+00
  3882.500  2.08492e+00
  3885.000  2.06775e+00
  3887.500  2.04952e+00
  3890.000  2.03054e+00
  3892.500  2.01122e+00
  3895.000  1.99198e+00
  3897.500  1.97323e+00
  3900.000  1.95540e+00
  3902.500  1.93889e+00
  3905.000  1.92413e+00
  3907.500  1.91143e+00
  3910.000  1.90074e+00
  3912.500  1.89190e+00
  3915.000  1.88475e+00
  3917.500  1.87913e+00
  3920.000  1.87488e+00
  3922.500  1.87186e+00
  3925.000  1.86989e+00
  3927.500  1.86883e+00
  3930.000  1.86852e+00
  3932.500  1.86880e+00
  3935.000  1.86950e+00
  3937.500  1.87049e+00
  3940.000  1.87159e+00
  3942.500  1.87265e+00
  3945.000  1.87351e+00
  3947.500  1.87403e+00
  3950.000  1.87405e+00
  3952.500  1.87359e+00
  3955.000  1.87264e+00
  3957.500  1.87124e+00
  3960.000  1.86939e+00
  3962.500  1.86711e+00
  3965.000  1.86442e+00
  3967.500  1.86134e+00
  3970.000  1.85788e+00
  3972.500  1.85406e+00
  3975.000  1.84990e+00
  3977.500  1.84542e+00
  3980.000  1.84062e+00
  3982.500  1.83553e+00
  3985.000  1.83016e+00
  3987.500  1.82453e+00
  3990.000  1.81867e+00
  3992.500  1.81261e+00
  3995.000  1.80638e+00
  3997.500  1.80005e+00
  4000.000  1.79364e+00
  4002.500  1.78720e+00
  4005.000  1.78077e+00
  4007.500  1.77440e+00
  4010.000  1.76813e+00
  4012.500  1.76199e+00
  4015.000  1.75604e+00
  4017.500  1.75031e+00
  4020.000  1.74485e+00
  4022.500  1.73970e+00
  4025.000  1.73490e+00
  4027.500  1.73050e+00
  4030.000  1.72654e+00
  4032.500  1.72305e+00
  4035.000  1.72009e+00
  4037.500  1.71769e+00
  4040.000  1.71590e+00
  4042.500  1.71476e+00
  4045.000  1.71431e+00
  4047.500  1.71459e+00
  4050.000  1.71565e+00
  4052.500  1.71754e+00
  4055.000  1.72028e+00
  4057.500  1.72393e+00
  4060.000  1.72852e+00
  4062.500  1.73411e+00
  4065.000  1.74073e+00
  4067.500  1.74842e+00
  4070.000  1.75718e+00
  4072.500  1.76684e+00
  4075.000  1.77718e+00
  4077.500  1.78798e+00
  4080.000  1.79902e+00
  4082.500  1.81007e+00
  4085.000  1.82092e+00
  4087.500  1.83134e+00
  4090.000  1.84113e+00
  4092.500  1.85005e+00
  4095.000  1.85789e+00
  4097.500  1.86443e+00
  4100.000  1.86945e+00
  4102.500  1.87272e+00
  4105.000  1.87404e+00
  4107.500  1.87317e+00
  4110.000  1.86990e+00
  4112.500  1.86409e+00
  4115.000  1.85593e+00
  4117.500  1.84567e+00
  4120.000  1.83359e+00
  4122.500  1.81995e+00
  4125.000  1.80502e+00
  4127.500  1.78906e+00
  4130.000  1.77234e+00
  4132.500  1.75511e+00
  4135.000  1.73766e+00
  4137.500  1.72024e+00
  4140.000  1.70312e+00
  4142.500  1.68656e+00
  4145.000  1.67084e+00
  4147.500  1.65620e+00
  4150.000  1.64294e+00
  4152.500  1.63123e+00
  4155.000  1.62106e+00
  4157.500  1.61233e+00
  4160.000  1.60493e+00
  4162.500  1.59879e+00
  4165.000  1.59380e+00
  4167.500  1.58987e+00
  4170.000  1.58691e+00
  4172.500  1.58481e+00
  4175.000  1.58349e+00
  4177.500  1.58285e+00
  4180.000  1.58280e+00
  4182.500  1.58324e+00
  4185.000  1.58408e+00
  4187.500  1.58523e+00
  4190.000  1.58658e+00
  4192.500  1.58804e+00
  4195.000  1.58954e+00
  4197.500  1.59103e+00
  4200.000  1.59249e+00
  4202.500  1.59390e+00
  4205.000  1.59524e+00
  4207.500  1.59647e+00
  4210.000  1.59757e+00
  4212.500  1.59852e+00
  4215.000  1.59930e+00
  4217.500  1.59988e+00
  4220.000  1.60024e+00
  4222.500  1.60034e+00
  4225.000  1.60018e+00
  4227.500  1.59972e+00
  4230.000  1.59894e+00
  4232.500  1.59781e+00
  4235.000  1.59633e+00
  4237.500  1.59455e+00
  4240.000  1.59256e+00
  4242.500  1.59042e+00
  4245.000  1.58821e+00
  4247.500  1.58601e+00
  4250.000  1.58389e+00
  4252.500  1.58193e+00
  4255.000  1.58020e+00
  4257.500  1.57878e+00
  4260.000  1.57774e+00
  4262.500  1.57715e+00
  4265.000  1.57710e+00
  4267.500  1.57766e+00
  4270.000  1.57890e+00
  4272.500  1.58090e+00
  4275.000  1.58373e+00
  4277.500  1.58747e+00
  4280.000  1.59220e+00
  4282.500  1.59799e+00
  4285.000  1.60491e+00
  4287.500  1.61304e+00
  4290.000  1.62245e+00
  4292.500  1.63323e+00
  4295.000  1.64544e+00
  4297.500  1.65916e+00
  4300.000  1.67447e+00
  4302.500  1.69144e+00
  4305.000  1.71014e+00
  4307.500  1.73066e+00
  4310.000  1.75306e+00
  4312.500  1.77742e+00
  4315.000  1.80382e+00
  4317.500  1.83215e+00
  4320.000  1.86151e+00
  4322.500  1.89086e+00
  4325.000  1.91912e+00
  4327.500  1.94522e+00
  4330.000  1.96809e+00
  4332.500  1.98667e+00
  4335.000  1.99990e+00
  4337.500  2.00699e+00
  4340.000  2.00833e+00
  4342.500  2.00460e+00
  4345.000  1.99647e+00
  4347.500  1.98462e+00
  4350.000  1.96972e+00
  4352.500  1.95246e+00
  4355.000  1.93351e+00
  4357.500  1.91346e+00
  4360.000  1.89254e+00
  4362.500  1.87092e+00
  4365.000  1.84874e+00
  4367.500  1.82616e+00
  4370.000  1.80334e+00
  4372.500  1.78042e+00
  4375.000  1.75756e+00
  4377.500  1.73492e+00
  4380.000  1.71265e+00
  4382.500  1.69090e+00
  4385.000  1.66983e+00
  4387.500  1.64958e+00
  4390.000  1.63032e+00
  4392.500  1.61220e+00
  4395.000  1.59536e+00
  4397.500  1.57994e+00
  4400.000  1.56591e+00
  4402.500  1.55322e+00
  4405.000  1.54181e+00
  4407.500  1.53165e+00
  4410.000  1.52267e+00
  4412.500  1.51483e+00
  4415.000  1.50807e+00
  4417.500  1.50234e+00
  4420.000  1.49758e+00
  4422.500  1.49376e+00
  4425.000  1.49081e+00
  4427.500  1.48868e+00
  4430.000  1.48733e+00
  4432.500  1.48669e+00
  4435.000  1.48673e+00
  4437.500  1.48738e+00
  4440.000  1.48859e+00
  4442.500  1.49032e+00
  4445.000  1.49251e+00
  4447.500  1.49511e+00
  4450.000  1.49806e+00
  4452.500  1.50133e+00
  4455.000  1.50484e+00
  4457.500  1.50856e+00
  4460.000  1.51243e+00
  4462.500  1.51640e+00
  4465.000  1.52042e+00
  4467.500  1.52443e+00
  4470.000  1.52839e+00
  4472.500  1.53224e+00
  4475.000  1.53593e+00
  4477.500  1.53940e+00
  4480.000  1.54263e+00
  4482.500  1.54560e+00
  4485.000  1.54833e+00
  4487.500  1.55083e+00
  4490.000  1.55311e+00
  4492.500  1.55518e+00
  4495.000  1.55705e+00
  4497.500  1.55873e+00
  4500.000  1.56023e+00
  4502.500  1.56157e+00
  4505.000  1.56275e+00
  4507.500  1.56378e+00
  4510.000  1.56467e+00
  4512.500  1.56544e+00
  4515.000  1.56610e+00
  4517.500  1.56665e+00
  4520.000  1.56710e+00
  4522.500  1.56746e+00
  4525.000  1.56770e+00
  4527.500  1.56782e+00
  4530.000  1.56781e+00
  4532.500  1.56767e+00
  4535.000  1.56737e+00
  4537.500  1.56692e+00
  4540.000  1.56631e+00
  4542.500  1.56552e+00
  4545.000  1.56455e+00
  4547.500  1.56339e+00
  4550.000  1.56203e+00
  4552.500  1.56045e+00
  4555.000  1.55866e+00
  4557.500  1.55664e+00
  4560.000  1.55439e+00
  4562.500  1.55194e+00
  4565.000  1.54931e+00
  4567.500  1.54653e+00
  4570.000  1.54364e+00
  4572.500  1.54066e+00
  4575.000  1.53762e+00
  4577.500  1.53456e+00
  4580.000  1.53150e+00
  4582.500  1.52847e+00
  4585.000  1.52551e+00
  4587.500  1.52264e+00
  4590.000  1.51990e+00
  4592.500  1.51731e+00
  4595.000  1.51491e+00
  4597.500  1.51272e+00
  4600.000  1.51077e+00
  4602.500  1.50909e+00
  4605.000  1.50764e+00
  4607.500  1.50640e+00
  4610.000  1.50533e+00
  4612.500  1.50439e+00
  4615.000  1.50356e+00
  4617.500  1.50278e+00
  4620.000  1.50204e+00
  4622.500  1.50129e+00
  4625.000  1.50050e+00
  4627.500  1.49963e+00
  4630.000  1.49865e+00
  4632.500  1.49753e+00
  4635.000  1.49622e+00
  4637.500  1.49470e+00
  4640.000  1.49293e+00
  4642.500  1.49088e+00
  4645.000  1.48855e+00
  4647.500  1.48597e+00
  4650.000  1.48313e+00
  4652.500  1.48006e+00
  4655.000  1.47676e+00
  4657.500  1.47324e+00
  4660.000  1.46953e+00
  4662.500  1.46562e+00
  4665.000  1.46154e+00
  4667.500  1.45729e+00
  4670.000  1.45288e+00
  4672.500  1.44834e+00
  4675.000  1.44366e+00
  4677.500  1.43887e+00
  4680.000  1.43397e+00
  4682.500  1.42898e+00
  4685.000  1.42390e+00
  4687.500  1.41876e+00
  4690.000  1.41356e+00
  4692.500  1.40831e+00
  4695.000  1.40303e+00
  4697.500  1.39773e+00
  4700.000  1.39241e+00
  4702.500  1.38710e+00
  4705.000  1.38180e+00
  4707.500  1.37654e+00
  4710.000  1.37130e+00
  4712.500  1.36612e+00
  4715.000  1.36100e+00
  4717.500  1.35596e+00
  4720.000  1.35100e+00
  4722.500  1.34614e+00
  4725.000  1.34141e+00
  4727.500  1.33683e+00
  4730.000  1.33242e+00
  4732.500  1.32822e+00
  4735.000  1.32425e+00
  4737.500  1.32053e+00
  4740.000  1.31710e+00
  4742.500  1.31397e+00
  4745.000  1.31118e+00
  4747.500  1.30875e+00
  4750.000  1.30671e+00
  4752.500  1.30507e+00
  4755.000  1.30388e+00
  4757.500  1.30316e+00
  4760.000  1.30293e+00
  4762.500  1.30321e+00
  4765.000  1.30404e+00
  4767.500  1.30544e+00
  4770.000  1.30743e+00
  4772.500  1.31005e+00
  4775.000  1.31332e+00
  4777.500  1.31727e+00
  4780.000  1.32191e+00
  4782.500  1.32729e+00
  4785.000  1.33342e+00
  4787.500  1.34033e+00
  4790.000  1.34804e+00
  4792.500  1.35659e+00
  4795.000  1.36600e+00
  4797.500  1.37629e+00
  4800.000  1.38750e+00
  4802.500  1.39964e+00
  4805.000  1.41277e+00
  4807.500  1.42700e+00
  4810.000  1.44248e+00
  4812.500  1.45936e+00
  4815.000  1.47776e+00
  4817.500  1.49785e+00
  4820.000  1.51975e+00
  4822.500  1.54361e+00
  4825.000  1.56958e+00
  4827.500  1.59779e+00
  4830.000  1.62839e+00
  4832.500  1.66152e+00
  4835.000  1.69732e+00
  4837.500  1.73594e+00
  4840.000  1.77752e+00
  4842.500  1.82220e+00
  4845.000  1.87012e+00
  4847.500  1.92286e+00
  4850.000  1.98780e+00
  4852.500  2.07371e+00
  4855.000  2.18942e+00
  4857.500  2.32803e+00
  4860.000  2.41991e+00
  4862.500  2.40533e+00
  4865.000  2.32689e+00
  4867.500  2.24147e+00
  4870.000  2.16055e+00
  4872.500  2.08432e+00
  4875.000  2.01295e+00
  4877.500  1.94661e+00
  4880.000  1.88548e+00
  4882.500  1.82972e+00
  4885.000  1.77951e+00
  4887.500  1.73491e+00
  4890.000  1.69559e+00
  4892.500  1.66108e+00
  4895.000  1.63092e+00
  4897.500  1.60467e+00
  4900.000  1.58187e+00
  4902.500  1.56207e+00
  4905.000  1.54481e+00
  4907.500  1.52964e+00
  4910.000  1.51609e+00
  4912.500  1.50373e+00
  4915.000  1.49209e+00
  4917.500  1.48072e+00
  4920.000  1.46917e+00
  4922.500  1.45698e+00
  4925.000  1.44369e+00
  4927.500  1.42886e+00
  4930.000  1.41239e+00
  4932.500  1.39562e+00
  4935.000  1.38026e+00
  4937.500  1.36802e+00
  4940.000  1.36061e+00
  4942.500  1.35973e+00
  4945.000  1.36709e+00
  4947.500  1.38439e+00
  4950.000  1.41912e+00
  4952.500  1.50185e+00
  4955.000  1.64471e+00
  4957.500  1.76286e+00
  4960.000  1.77272e+00
  4962.500  1.69251e+00
  4965.000  1.56591e+00
  4967.500  1.43660e+00
  4970.000  1.34002e+00
  4972.500  1.27852e+00
  4975.000  1.24622e+00
  4977.500  1.23721e+00
  4980.000  1.24561e+00
  4982.500  1.26553e+00
  4985.000  1.29106e+00
  4987.500  1.31631e+00
  4990.000  1.33944e+00
  4992.500  1.37471e+00
  4995.000  1.44046e+00
  4997.500  1.55500e+00
  5000.000  1.74626e+00
  5002.500  2.08056e+00
  5005.000  2.54639e+00
  5007.500  2.78243e+00
  5010.000  2.49322e+00
  5012.500  1.99646e+00
  5015.000  1.66713e+00
  5017.500  1.49590e+00
  5020.000  1.39290e+00
  5022.500  1.33021e+00
  5025.000  1.29538e+00
  5027.500  1.27598e+00
  5030.000  1.26159e+00
  5032.500  1.24980e+00
  5035.000  1.24021e+00
  5037.500  1.23241e+00
  5040.000  1.22602e+00
  5042.500  1.22063e+00
  5045.000  1.21584e+00
  5047.500  1.21126e+00
  5050.000  1.20656e+00
  5052.500  1.20168e+00
  5055.000  1.19666e+00
  5057.500  1.19152e+00
  5060.000  1.18630e+00
  5062.500  1.18100e+00
  5065.000  1.17567e+00
  5067.500  1.17032e+00
  5070.000  1.16498e+00
  5072.500  1.15968e+00
  5075.000  1.15445e+00
  5077.500  1.14930e+00
  5080.000  1.14426e+00
  5082.500  1.13937e+00
  5085.000  1.13464e+00
  5087.500  1.13011e+00
  5090.000  1.12579e+00
  5092.500  1.12172e+00
  5095.000  1.11791e+00
  5097.500  1.11440e+00
  5100.000  1.11121e+00
  5102.500  1.10837e+00
  5105.000  1.10590e+00
  5107.500  1.10383e+00
  5110.000  1.10218e+00
  5112.500  1.10098e+00
  5115.000  1.10026e+00
  5117.500  1.10004e+00
  5120.000  1.10034e+00
  5122.500  1.10120e+00
  5125.000  1.10264e+00
  5127.500  1.10468e+00
  5130.000  1.10736e+00
  5132.500  1.11066e+00
  5135.000  1.11453e+00
  5137.500  1.11885e+00
  5140.000  1.12354e+00
  5142.500  1.12848e+00
  5145.000  1.13360e+00
  5147.500  1.13877e+00
  5150.000  1.14392e+00
  5152.500  1.14893e+00
  5155.000  1.15372e+00
  5157.500  1.15817e+00
  5160.000  1.16220e+00
  5162.500  1.16571e+00
  5165.000  1.16859e+00
  5167.500  1.17075e+00
  5170.000  1.17209e+00
  5172.500  1.17254e+00
  5175.000  1.17216e+00
  5177.500  1.17103e+00
  5180.000  1.16924e+00
  5182.500  1.16686e+00
  5185.000  1.16399e+00
  5187.500  1.16071e+00
  5190.000  1.15711e+00
  5192.500  1.15326e+00
  5195.000  1.14926e+00
  5197.500  1.14518e+00
  5200.000  1.14112e+00
  5202.500  1.13716e+00
  5205.000  1.13338e+00
  5207.500  1.12986e+00
  5210.000  1.12670e+00
  5212.500  1.12396e+00
  5215.000  1.12163e+00
  5217.500  1.11969e+00
  5220.000  1.11812e+00
  5222.500  1.11689e+00
  5225.000  1.11600e+00
  5227.500  1.11540e+00
  5230.000  1.11508e+00
  5232.500  1.11502e+00
  5235.000  1.11520e+00
  5237.500  1.11559e+00
  5240.000  1.11617e+00
  5242.500  1.11692e+00
  5245.000  1.11782e+00
  5247.500  1.11883e+00
  5250.000  1.11995e+00
  5252.500  1.12115e+00
  5255.000  1.12241e+00
  5257.500  1.12370e+00
  5260.000  1.12500e+00
  5262.500  1.12629e+00
  5265.000  1.12755e+00
  5267.500  1.12875e+00
  5270.000  1.12988e+00
  5272.500  1.13090e+00
  5275.000  1.13181e+00
  5277.500  1.13257e+00
  5280.000  1.13316e+00
  5282.500  1.13357e+00
  5285.000  1.13376e+00
  5287.500  1.13372e+00
  5290.000  1.13343e+00
  5292.500  1.13285e+00
  5295.000  1.13198e+00
  5297.500  1.13082e+00
  5300.000  1.12939e+00
  5302.500  1.12768e+00
  5305.000  1.12572e+00
  5307.500  1.12351e+00
  5310.000  1.12107e+00
  5312.500  1.11840e+00
  5315.000  1.11552e+00
  5317.500  1.11244e+00
  5320.000  1.10917e+00
  5322.500  1.10572e+00
  5325.000  1.10209e+00
  5327.500  1.09831e+00
  5330.000  1.09439e+00
  5332.500  1.09032e+00
  5335.000  1.08614e+00
  5337.500  1.08184e+00
  5340.000  1.07747e+00
  5342.500  1.07302e+00
  5345.000  1.06854e+00
  5347.500  1.06402e+00
  5350.000  1.05950e+00
  5352.500  1.05500e+00
  5355.000  1.05053e+00
  5357.500  1.04611e+00
  5360.000  1.04177e+00
  5362.500  1.03753e+00
  5365.000  1.03340e+00
  5367.500  1.02940e+00
  5370.000  1.02556e+00
  5372.500  1.02189e+00
  5375.000  1.01841e+00
  5377.500  1.01512e+00
  5380.000  1.01201e+00
  5382.500  1.00906e+00
  5385.000  1.00627e+00
  5387.500  1.00362e+00
  5390.000  1.00112e+00
  5392.500  9.98746e-01
  5395.000  9.96494e-01
  5397.500  9.94352e-01
  5400.000  9.92314e-01
  5402.500  9.90368e-01
  5405.000  9.88506e-01
  5407.500  9.86718e-01
  5410.000  9.84996e-01
  5412.500  9.83330e-01
  5415.000  9.81711e-01
  5417.500  9.80130e-01
  5420.000  9.78577e-01
  5422.500  9.77044e-01
  5425.000  9.75520e-01
  5427.500  9.73997e-01
  5430.000  9.72466e-01
  5432.500  9.70917e-01
  5435.000  9.69341e-01
  5437.500  9.67729e-01
  5440.000  9.66072e-01
  5442.500  9.64359e-01
  5445.000  9.62583e-01
  5447.500  9.60734e-01
  5450.000  9.58803e-01
  5452.500  9.56780e-01
  5455.000  9.54656e-01
  5457.500  9.52431e-01
  5460.000  9.50133e-01
  5462.500  9.47803e-01
  5465.000  9.45478e-01
  5467.500  9.43197e-01
  5470.000  9.40998e-01
  5472.500  9.38920e-01
  5475.000  9.37001e-01
  5477.500  9.35279e-01
  5480.000  9.33794e-01
  5482.500  9.32584e-01
  5485.000  9.31686e-01
  5487.500  9.31140e-01
  5490.000  9.30984e-01
  5492.500  9.31257e-01
  5495.000  9.31996e-01
  5497.500  9.33240e-01
  5500.000  9.35007e-01
  5502.500  9.37223e-01
  5505.000  9.39796e-01
  5507.500  9.42632e-01
  5510.000  9.45637e-01
  5512.500  9.48718e-01
  5515.000  9.51780e-01
  5517.500  9.54731e-01
  5520.000  9.57476e-01
  5522.500  9.59923e-01
  5525.000  9.61976e-01
  5527.500  9.63543e-01
  5530.000  9.64530e-01
  5532.500  9.64844e-01
  5535.000  9.64390e-01
  5537.500  9.63075e-01
  5540.000  9.60851e-01
  5542.500  9.57848e-01
  5545.000  9.54245e-01
  5547.500  9.50217e-01
  5550.000  9.45942e-01
  5552.500  9.41596e-01
  5555.000  9.37357e-01
  5557.500  9.33400e-01
  5560.000  9.29902e-01
  5562.500  9.27041e-01
  5565.000  9.24994e-01
  5567.500  9.23936e-01
  5570.000  9.24045e-01
  5572.500  9.25497e-01
  5575.000  9.28470e-01
  5577.500  9.33140e-01
  5580.000  9.39684e-01
  5582.500  9.48116e-01
  5585.000  9.57798e-01
  5587.500  9.67930e-01
  5590.000  9.77712e-01
  5592.500  9.86342e-01
  5595.000  9.93022e-01
  5597.500  9.96951e-01
  5600.000  9.97327e-01
  5602.500  9.93618e-01
  5605.000  9.86351e-01
  5607.500  9.76323e-01
  5610.000  9.64329e-01
  5612.500  9.51163e-01
  5615.000  9.37622e-01
  5617.500  9.24500e-01
  5620.000  9.12592e-01
  5622.500  9.02536e-01
  5625.000  8.94333e-01
  5627.500  8.87827e-01
  5630.000  8.82861e-01
  5632.500  8.79279e-01
  5635.000  8.76924e-01
  5637.500  8.75640e-01
  5640.000  8.75269e-01
  5642.500  8.75656e-01
  5645.000  8.76644e-01
  5647.500  8.78077e-01
  5650.000  8.79797e-01
  5652.500  8.81649e-01
  5655.000  8.83475e-01
  5657.500  8.85119e-01
  5660.000  8.86425e-01
  5662.500  8.87267e-01
  5665.000  8.87640e-01
  5667.500  8.87571e-01
  5670.000  8.87084e-01
  5672.500  8.86208e-01
  5675.000  8.84967e-01
  5677.500  8.83387e-01
  5680.000  8.81496e-01
  5682.500  8.79319e-01
  5685.000  8.76882e-01
  5687.500  8.74211e-01
  5690.000  8.71333e-01
  5692.500  8.68273e-01
  5695.000  8.65058e-01
  5697.500  8.61713e-01
  5700.000  8.58266e-01
  5702.500  8.54742e-01
  5705.000  8.51175e-01
  5707.500  8.47597e-01
  5710.000  8.44040e-01
  5712.500  8.40539e-01
  5715.000  8.37125e-01
  5717.500  8.33833e-01
  5720.000  8.30695e-01
  5722.500  8.27743e-01
  5725.000  8.25012e-01
  5727.500  8.22534e-01
  5730.000  8.20342e-01
  5732.500  8.18469e-01
  5735.000  8.16948e-01
  5737.500  8.15812e-01
  5740.000  8.15094e-01
  5742.500  8.14827e-01
  5745.000  8.15029e-01
  5747.500  8.15660e-01
  5750.000  8.16661e-01
  5752.500  8.17979e-01
  5755.000  8.19556e-01
  5757.500  8.21335e-01
  5760.000  8.23262e-01
  5762.500  8.25279e-01
  5765.000  8.27331e-01
  5767.500  8.29361e-01
  5770.000  8.31313e-01
  5772.500  8.33130e-01
  5775.000  8.34758e-01
  5777.500  8.36139e-01
  5780.000  8.37217e-01
  5782.500  8.37936e-01
  5785.000  8.38255e-01
  5787.500  8.38201e-01
  5790.000  8.37811e-01
  5792.500  8.37128e-01
  5795.000  8.36191e-01
  5797.500  8.35040e-01
  5800.000  8.33717e-01
  5802.500  8.32261e-01
  5805.000  8.30713e-01
  5807.500  8.29113e-01
  5810.000  8.27502e-01
  5812.500  8.25920e-01
  5815.000  8.24407e-01
  5817.500  8.23004e-01
  5820.000  8.21751e-01
  5822.500  8.20688e-01
  5825.000  8.19882e-01
  5827.500  8.19504e-01
  5830.000  8.19750e-01
  5832.500  8.20816e-01
  5835.000  8.22900e-01
  5837.500  8.26197e-01
  5840.000  8.30905e-01
  5842.500  8.37219e-01
  5845.000  8.45205e-01
  5847.500  8.54397e-01
  5850.000  8.64196e-01
  5852.500  8.74006e-01
  5855.000  8.83228e-01
  5857.500  8.91264e-01
  5860.000  8.97517e-01
  5862.500  9.01389e-01
  5865.000  9.02458e-01
  5867.500  9.01004e-01
  5870.000  8.97485e-01
  5872.500  8.92356e-01
  5875.000  8.86075e-01
  5877.500  8.79099e-01
  5880.000  8.71883e-01
  5882.500  8.64885e-01
  5885.000  8.58560e-01
  5887.500  8.53262e-01
  5890.000  8.48919e-01
  5892.500  8.45358e-01
  5895.000  8.42402e-01
  5897.500  8.39878e-01
  5900.000  8.37611e-01
  5902.500  8.35425e-01
  5905.000  8.33146e-01
  5907.500  8.30633e-01
  5910.000  8.27888e-01
  5912.500  8.24946e-01
  5915.000  8.21841e-01
  5917.500  8.18609e-01
  5920.000  8.15286e-01
  5922.500  8.11906e-01
  5925.000  8.08505e-01
  5927.500  8.05119e-01
  5930.000  8.01782e-01
  5932.500  7.98530e-01
  5935.000  7.95398e-01
  5937.500  7.92421e-01
  5940.000  7.89636e-01
  5942.500  7.87076e-01
  5945.000  7.84778e-01
  5947.500  7.82766e-01
  5950.000  7.81026e-01
  5952.500  7.79532e-01
  5955.000  7.78259e-01
  5957.500  7.77182e-01
  5960.000  7.76275e-01
  5962.500  7.75513e-01
  5965.000  7.74872e-01
  5967.500  7.74326e-01
  5970.000  7.73849e-01
  5972.500  7.73417e-01
  5975.000  7.73004e-01
  5977.500  7.72584e-01
  5980.000  7.72134e-01
  5982.500  7.71627e-01
  5985.000  7.71039e-01
  5987.500  7.70352e-01
  5990.000  7.69586e-01
  5992.500  7.68767e-01
  5995.000  7.67922e-01
  5997.500  7.67073e-01
  6000.000  7.66226e-01
  6002.500  7.65381e-01
  6005.000  7.64536e-01
  6007.500  7.63693e-01
  6010.000  7.62851e-01
  6012.500  7.62010e-01
  6015.000  7.61171e-01
  6017.500  7.60332e-01
  6020.000  7.59495e-01
  6022.500  7.58660e-01
  6025.000  7.57825e-01
  6027.500  7.56992e-01
  6030.000  7.56160e-01
  6032.500  7.55329e-01
  6035.000  7.54500e-01
  6037.500  7.53672e-01
  6040.000  7.52844e-01
  6042.500  7.52019e-01
  6045.000  7.51194e-01
  6047.500  7.50371e-01
  6050.000  7.49549e-01
  6052.500  7.48728e-01
  6055.000  7.47909e-01
  6057.500  7.47090e-01
  6060.000  7.46273e-01
  6062.500  7.45457e-01
  6065.000  7.44643e-01
  6067.500  7.43829e-01
  6070.000  7.43017e-01
  6072.500  7.42206e-01
  6075.000  7.41397e-01
  6077.500  7.40588e-01
  6080.000  7.39781e-01
  6082.500  7.38975e-01
  6085.000  7.38170e-01
  6087.500  7.37367e-01
  6090.000  7.36564e-01
  6092.500  7.35763e-01
  6095.000  7.34964e-01
  6097.500  7.34165e-01
  6100.000  7.33367e-01
  6102.500  7.32571e-01
  6105.000  7.31776e-01
  6107.500  7.30982e-01
  6110.000  7.30190e-01
  6112.500  7.29398e-01
  6115.000  7.28608e-01
  6117.500  7.27819e-01
  6120.000  7.27032e-01
  6122.500  7.26245e-01
  6125.000  7.25460e-01
  6127.500  7.24676e-01
  6130.000  7.23893e-01
  6132.500  7.23111e-01
  6135.000  7.22331e-01
  6137.500  7.21552e-01
  6140.000  7.20774e-01
  6142.500  7.19997e-01
  6145.000  7.19221e-01
  6147.500  7.18447e-01
  6150.000  7.17673e-01
  6152.500  7.16901e-01
  6155.000  7.16130e-01
  6157.500  7.15361e-01
  6160.000  7.14592e-01
  6162.500  7.13825e-01
  6165.000  7.13059e-01
  6167.500  7.12294e-01
  6170.000  7.11530e-01
  6172.500  7.10768e-01
  6175.000  7.10007e-01
  6177.500  7.09247e-01
  6180.000  7.08488e-01
  6182.500  7.07730e-01
  6185.000  7.06973e-01
  6187.500  7.06218e-01
  6190.000  7.05464e-01
  6192.500  7.04711e-01
  6195.000  7.03959e-01
  6197.500  7.03208e-01
  6200.000  7.02459e-01
  6202.500  7.01710e-01
  6205.000  7.00963e-01
  6207.500  7.00217e-01
  6210.000  6.99472e-01
  6212.500  6.98729e-01
  6215.000  6.97987e-01
  6217.500  6.97245e-01
  6220.000  6.96505e-01
  6222.500  6.95766e-01
  6225.000  6.95028e-01
  6227.500  6.94292e-01
  6230.000  6.93556e-01
  6232.500  6.92822e-01
  6235.000  6.92089e-01
  6237.500  6.91357e-01
  6240.000  6.90626e-01
  6242.500  6.89897e-01
  6245.000  6.89168e-01
  6247.500  6.88441e-01
  6250.000  6.87715e-01
  6252.500  6.86990e-01
  6255.000  6.86266e-01
  6257.500  6.85544e-01
  6260.000  6.84822e-01
  6262.500  6.84102e-01
  6265.000  6.83382e-01
  6267.500  6.82664e-01
  6270.000  6.81947e-01
  6272.500  6.81232e-01
  6275.000  6.80517e-01
  6277.500  6.79804e-01
  6280.000  6.79091e-01
  6282.500  6.78380e-01
  6285.000  6.77670e-01
  6287.500  6.76961e-01
  6290.000  6.76253e-01
  6292.500  6.75547e-01
  6295.000  6.74841e-01
  6297.500  6.74137e-01
  6300.000  6.73434e-01
  6302.500  6.72732e-01
  6305.000  6.72031e-01
  6307.500  6.71331e-01
  6310.000  6.70632e-01
  6312.500  6.69935e-01
  6315.000  6.69239e-01
  6317.500  6.68543e-01
  6320.000  6.67849e-01
  6322.500  6.67156e-01
  6325.000  6.66464e-01
  6327.500  6.65773e-01
  6330.000  6.65084e-01
  6332.500  6.64395e-01
  6335.000  6.63708e-01
  6337.500  6.63022e-01
  6340.000  6.62337e-01
  6342.500  6.61653e-01
  6345.000  6.60970e-01
  6347.500  6.60288e-01
  6350.000  6.59607e-01
  6352.500  6.58928e-01
  6355.000  6.58249e-01
  6357.500  6.57572e-01
  6360.000  6.56896e-01
  6362.500  6.56220e-01
  6365.000  6.55547e-01
  6367.500  6.54874e-01
  6370.000  6.54202e-01
  6372.500  6.53531e-01
  6375.000  6.52862e-01
  6377.500  6.52193e-01
  6380.000  6.51526e-01
  6382.500  6.50860e-01
  6385.000  6.50194e-01
  6387.500  6.49530e-01
  6390.000  6.48867e-01
  6392.500  6.48206e-01
  6395.000  6.47545e-01
  6397.500  6.46885e-01
  6400.000  6.46227e-01
  6402.500  6.45569e-01
  6405.000  6.44913e-01
  6407.500  6.44257e-01
  6410.000  6.43603e-01
  6412.500  6.42950e-01
  6415.000  6.42298e-01
  6417.500  6.41647e-01
  6420.000  6.40997e-01
  6422.500  6.40349e-01
  6425.000  6.39701e-01
  6427.500  6.39054e-01
  6430.000  6.38409e-01
  6432.500  6.37764e-01
  6435.000  6.37121e-01
  6437.500  6.36479e-01
  6440.000  6.35838e-01
  6442.500  6.35198e-01
  6445.000  6.34559e-01
  6447.500  6.33921e-01
  6450.000  6.33284e-01
  6452.500  6.32648e-01
  6455.000  6.32013e-01
  6457.500  6.31380e-01
  6460.000  6.30747e-01
  6462.500  6.30116e-01
  6465.000  6.29485e-01
  6467.500  6.28856e-01
  6470.000  6.28227e-01
  6472.500  6.27600e-01
  6475.000  6.26974e-01
  6477.500  6.26349e-01
  6480.000  6.25725e-01
  6482.500  6.25102e-01
  6485.000  6.24480e-01
  6487.500  6.23859e-01
  6490.000  6.23239e-01
  6492.500  6.22620e-01
  6495.000  6.22003e-01
  6497.500  6.21386e-01
  6500.000  6.20770e-01
  6502.500  6.20156e-01
  6505.000  6.19542e-01
  6507.500  6.18930e-01
  6510.000  6.18319e-01
  6512.500  6.17708e-01
  6515.000  6.17099e-01
  6517.500  6.16491e-01
  6520.000  6.15884e-01
  6522.500  6.15278e-01
  6525.000  6.14672e-01
  6527.500  6.14068e-01
  6530.000  6.13465e-01
  6532.500  6.12863e-01
  6535.000  6.12262e-01
  6537.500  6.11662e-01
  6540.000  6.11064e-01
  6542.500  6.10466e-01
  6545.000  6.09869e-01
  6547.500  6.09273e-01
  6550.000  6.08679e-01
  6552.500  6.08085e-01
  6555.000  6.07492e-01
  6557.500  6.06901e-01
  6560.000  6.06310e-01
  6562.500  6.05720e-01
  6565.000  6.05132e-01
  6567.500  6.04544e-01
  6570.000  6.03958e-01
  6572.500  6.03372e-01
  6575.000  6.02788e-01
  6577.500  6.02205e-01
  6580.000  6.01622e-01
  6582.500  6.01041e-01
  6585.000  6.00460e-01
  6587.500  5.99881e-01
  6590.000  5.99303e-01
  6592.500  5.98725e-01
  6595.000  5.98149e-01
  6597.500  5.97574e-01
  6600.000  5.96999e-01
  6602.500  5.96426e-01
  6605.000  5.95854e-01
  6607.500  5.95283e-01
  6610.000  5.94712e-01
  6612.500  5.94143e-01
  6615.000  5.93575e-01
  6617.500  5.93008e-01
  6620.000  5.92442e-01
  6622.500  5.91876e-01
  6625.000  5.91312e-01
  6627.500  5.90749e-01
  6630.000  5.90187e-01
  6632.500  5.89626e-01
  6635.000  5.89065e-01
  6637.500  5.88506e-01
  6640.000  5.87948e-01
  6642.500  5.87391e-01
  6645.000  5.86835e-01
  6647.500  5.86279e-01
  6650.000  5.85725e-01
  6652.500  5.85172e-01
  6655.000  5.84620e-01
  6657.500  5.84068e-01
  6660.000  5.83518e-01
  6662.500  5.82969e-01
  6665.000  5.82420e-01
  6667.500  5.81873e-01
  6670.000  5.81327e-01
  6672.500  5.80781e-01
  6675.000  5.80237e-01
  6677.500  5.79694e-01
  6680.000  5.79151e-01
  6682.500  5.78610e-01
  6685.000  5.78069e-01
  6687.500  5.77530e-01
  6690.000  5.76991e-01
  6692.500  5.76454e-01
  6695.000  5.75917e-01
  6697.500  5.75382e-01
  6700.000  5.74847e-01
  6702.500  5.74313e-01
  6705.000  5.73781e-01
  6707.500  5.73249e-01
  6710.000  5.72718e-01
  6712.500  5.72189e-01
  6715.000  5.71660e-01
  6717.500  5.71132e-01
  6720.000  5.70605e-01
  6722.500  5.70079e-01
  6725.000  5.69554e-01
  6727.500  5.69030e-01
  6730.000  5.68507e-01
  6732.500  5.67985e-01
  6735.000  5.67464e-01
  6737.500  5.66944e-01
  6740.000  5.66425e-01
  6742.500  5.65906e-01
  6745.000  5.65389e-01
  6747.500  5.64873e-01
  6750.000  5.64357e-01
  6752.500  5.63843e-01
  6755.000  5.63329e-01
  6757.500  5.62817e-01
  6760.000  5.62305e-01
  6762.500  5.61794e-01
  6765.000  5.61285e-01
  6767.500  5.60776e-01
  6770.000  5.60268e-01
  6772.500  5.59761e-01
  6775.000  5.59255e-01
  6777.500  5.58750e-01
  6780.000  5.58246e-01
  6782.500  5.57743e-01
  6785.000  5.57241e-01
  6787.500  5.56739e-01
  6790.000  5.56239e-01
  6792.500  5.55740e-01
  6795.000  5.55241e-01
  6797.500  5.54744e-01
  6800.000  5.54247e-01
  6802.500  5.53751e-01
  6805.000  5.53257e-01
  6807.500  5.52763e-01
  6810.000  5.52270e-01
  6812.500  5.51778e-01
  6815.000  5.51287e-01
  6817.500  5.50797e-01
  6820.000  5.50307e-01
  6822.500  5.49819e-01
  6825.000  5.49332e-01
  6827.500  5.48845e-01
  6830.000  5.48360e-01
  6832.500  5.47875e-01
  6835.000  5.47391e-01
  6837.500  5.46909e-01
  6840.000  5.46427e-01
  6842.500  5.45946e-01
  6845.000  5.45466e-01
  6847.500  5.44987e-01
  6850.000  5.44508e-01
  6852.500  5.44031e-01
  6855.000  5.43555e-01
  6857.500  5.43079e-01
  6860.000  5.42604e-01
  6862.500  5.42131e-01
  6865.000  5.41658e-01
  6867.500  5.41186e-01
  6870.000  5.40715e-01
  6872.500  5.40245e-01
  6875.000  5.39776e-01
  6877.500  5.39307e-01
  6880.000  5.38840e-01
  6882.500  5.38374e-01
  6885.000  5.37908e-01
  6887.500  5.37443e-01
  6890.000  5.36979e-01
  6892.500  5.36516e-01
  6895.000  5.36054e-01
  6897.500  5.35593e-01
  6900.000  5.35133e-01
  6902.500  5.34674e-01
  6905.000  5.34215e-01
  6907.500  5.33758e-01
  6910.000  5.33301e-01
  6912.500  5.32845e-01
  6915.000  5.32390e-01
  6917.500  5.31936e-01
  6920.000  5.31483e-01
  6922.500  5.31030e-01
  6925.000  5.30579e-01
  6927.500  5.30128e-01
  6930.000  5.29679e-01
  6932.500  5.29230e-01
  6935.000  5.28782e-01
  6937.500  5.28335e-01
  6940.000  5.27889e-01
  6942.500  5.27443e-01
  6945.000  5.26999e-01
  6947.500  5.26555e-01
  6950.000  5.26112e-01
  6952.500  5.25671e-01
  6955.000  5.25230e-01
  6957.500  5.24789e-01
  6960.000  5.24350e-01
  6962.500  5.23912e-01
  6965.000  5.23474e-01
  6967.500  5.23038e-01
  6970.000  5.22602e-01
  6972.500  5.22167e-01
  6975.000  5.21733e-01
  6977.500  5.21299e-01
  6980.000  5.20867e-01
  6982.500  5.20436e-01
  6985.000  5.20005e-01
  6987.500  5.19575e-01
  6990.000  5.19146e-01
  6992.500  5.18718e-01
  6995.000  5.18291e-01
  6997.500  5.17864e-01
  7000.000  5.17439e-01
  7002.500  5.17014e-01
  7005.000  5.16590e-01
  7007.500  5.16167e-01
  7010.000  5.15745e-01
  7012.500  5.15323e-01
  7015.000  5.14903e-01
  7017.500  5.14483e-01
  7020.000  5.14064e-01
  7022.500  5.13646e-01
  7025.000  5.13229e-01
  7027.500  5.12813e-01
  7030.000  5.12397e-01
  7032.500  5.11983e-01
  7035.000  5.11569e-01
  7037.500  5.11156e-01
  7040.000  5.10744e-01
  7042.500  5.10332e-01
  7045.000  5.09922e-01
  7047.500  5.09512e-01
  7050.000  5.09103e-01
  7052.500  5.08695e-01
  7055.000  5.08288e-01
  7057.500  5.07882e-01
  7060.000  5.07476e-01
  7062.500  5.07071e-01
  7065.000  5.06667e-01
  7067.500  5.06264e-01
  7070.000  5.05862e-01
  7072.500  5.05460e-01
  7075.000  5.05060e-01
  7077.500  5.04660e-01
  7080.000  5.04261e-01
  7082.500  5.03863e-01
  7085.000  5.03465e-01
  7087.500  5.03069e-01
  7090.000  5.02673e-01
  7092.500  5.02278e-01
  7095.000  5.01884e-01
  7097.500  5.01490e-01
  7100.000  5.01098e-01
  7102.500  5.00706e-01
  7105.000  5.00315e-01
  7107.500  4.99925e-01
  7110.000  4.99536e-01
  7112.500  4.99147e-01
  7115.000  4.98759e-01
  7117.500  4.98372e-01
  7120.000  4.97986e-01
  7122.500  4.97601e-01
  7125.000  4.97216e-01
  7127.500  4.96832e-01
  7130.000  4.96449e-01
  7132.500  4.96067e-01
  7135.000  4.95686e-01
  7137.500  4.95305e-01
  7140.000  4.94926e-01
  7142.500  4.94546e-01
  7145.000  4.94168e-01
  7147.500  4.93791e-01
  7150.000  4.93414e-01
  7152.500  4.93038e-01
  7155.000  4.92663e-01
  7157.500  4.92289e-01
  7160.000  4.91915e-01
  7162.500  4.91542e-01
  7165.000  4.91170e-01
  7167.500  4.90799e-01
  7170.000  4.90429e-01
  7172.500  4.90059e-01
  7175.000  4.89690e-01
  7177.500  4.89322e-01
  7180.000  4.88955e-01
  7182.500  4.88588e-01
  7185.000  4.88223e-01
  7187.500  4.87858e-01
  7190.000  4.87493e-01
  7192.500  4.87130e-01
  7195.000  4.86767e-01
  7197.500  4.86405e-01
  7200.000  4.86044e-01
  7202.500  4.85684e-01
  7205.000  4.85324e-01
  7207.500  4.84965e-01
  7210.000  4.84607e-01
  7212.500  4.84249e-01
  7215.000  4.83893e-01
  7217.500  4.83537e-01
  7220.000  4.83182e-01
  7222.500  4.82827e-01
  7225.000  4.82474e-01
  7227.500  4.82121e-01
  7230.000  4.81769e-01
  7232.500  4.81417e-01
  7235.000  4.81067e-01
  7237.500  4.80717e-01
  7240.000  4.80368e-01
  7242.500  4.80020e-01
  7245.000  4.79672e-01
  7247.500  4.79325e-01
  7250.000  4.78979e-01
  7252.500  4.78634e-01
  7255.000  4.78289e-01
  7257.500  4.77945e-01
  7260.000  4.77602e-01
  7262.500  4.77259e-01
  7265.000  4.76918e-01
  7267.500  4.76577e-01
  7270.000  4.76237e-01
  7272.500  4.75897e-01
  7275.000  4.75558e-01
  7277.500  4.75220e-01
  7280.000  4.74883e-01
  7282.500  4.74546e-01
  7285.000  4.74211e-01
  7287.500  4.73875e-01
  7290.000  4.73541e-01
  7292.500  4.73208e-01
  7295.000  4.72875e-01
  7297.500  4.72542e-01
  7300.000  4.72211e-01
  7302.500  4.71880e-01
  7305.000  4.71550e-01
  7307.500  4.71221e-01
  7310.000  4.70892e-01
  7312.500  4.70564e-01
  7315.000  4.70237e-01
  7317.500  4.69911e-01
  7320.000  4.69585e-01
  7322.500  4.69260e-01
  7325.000  4.68936e-01
  7327.500  4.68612e-01
  7330.000  4.68289e-01
  7332.500  4.67967e-01
  7335.000  4.67645e-01
  7337.500  4.67325e-01
  7340.000  4.67005e-01
  7342.500  4.66685e-01
  7345.000  4.66367e-01
  7347.500  4.66049e-01
  7350.000  4.65732e-01
  7352.500  4.65415e-01
  7355.000  4.65099e-01
  7357.500  4.64784e-01
  7360.000  4.64470e-01
  7362.500  4.64156e-01
  7365.000  4.63843e-01
  7367.500  4.63530e-01
  7370.000  4.63219e-01
  7372.500  4.62908e-01
  7375.000  4.62597e-01
  7377.500  4.62288e-01
  7380.000  4.61979e-01
  7382.500  4.61671e-01
  7385.000  4.61363e-01
  7387.500  4.61056e-01
  7390.000  4.60750e-01
  7392.500  4.60445e-01
  7395.000  4.60140e-01
  7397.500  4.59836e-01
  7400.000  4.59532e-01
  7402.500  4.59230e-01
  7405.000  4.58928e-01
  7407.500  4.58626e-01
  7410.000  4.58326e-01
  7412.500  4.58025e-01
  7415.000  4.57726e-01
  7417.500  4.57427e-01
  7420.000  4.57129e-01
  7422.500  4.56832e-01
  7425.000  4.56535e-01
  7427.500  4.56239e-01
  7430.000  4.55944e-01
  7432.500  4.55649e-01
  7435.000  4.55355e-01
  7437.500  4.55062e-01
  7440.000  4.54769e-01
  7442.500  4.54477e-01
  7445.000  4.54186e-01
  7447.500  4.53895e-01
  7450.000  4.53605e-01
  7452.500  4.53316e-01
  7455.000  4.53027e-01
  7457.500  4.52739e-01
  7460.000  4.52452e-01
  7462.500  4.52165e-01
  7465.000  4.51879e-01
  7467.500  4.51594e-01
  7470.000  4.51309e-01
  7472.500  4.51025e-01
  7475.000  4.50741e-01
  7477.500  4.50458e-01
  7480.000  4.50176e-01
  7482.500  4.49895e-01
  7485.000  4.49614e-01
  7487.500  4.49334e-01
  7490.000  4.49054e-01
  7492.500  4.48775e-01
  7495.000  4.48497e-01
  7497.500  4.48219e-01
  7500.000  4.47942e-01
  7502.500  4.47666e-01
  7505.000  4.47390e-01
  7507.500  4.47115e-01
  7510.000  4.46840e-01
  7512.500  4.46567e-01
  7515.000  4.46293e-01
  7517.500  4.46021e-01
  7520.000  4.45749e-01
  7522.500  4.45477e-01
  7525.000  4.45207e-01
  7527.500  4.44937e-01
  7530.000  4.44667e-01
  7532.500  4.44398e-01
  7535.000  4.44130e-01
  7537.500  4.43863e-01
  7540.000  4.43596e-01
  7542.500  4.43330e-01
  7545.000  4.43064e-01
  7547.500  4.42799e-01
  7550.000  4.42534e-01
  7552.500  4.42270e-01
  7555.000  4.42007e-01
  7557.500  4.41745e-01
  7560.000  4.41483e-01
  7562.500  4.41221e-01
  7565.000  4.40961e-01
  7567.500  4.40700e-01
  7570.000  4.40441e-01
  7572.500  4.40182e-01
  7575.000  4.39924e-01
  7577.500  4.39666e-01
  7580.000  4.39409e-01
  7582.500  4.39152e-01
  7585.000  4.38896e-01
  7587.500  4.38641e-01
  7590.000  4.38386e-01
  7592.500  4.38132e-01
  7595.000  4.37879e-01
  7597.500  4.37626e-01
  7600.000  4.37374e-01
  7602.500  4.37122e-01
  7605.000  4.36871e-01
  7607.500  4.36620e-01
  7610.000  4.36370e-01
  7612.500  4.36121e-01
  7615.000  4.35872e-01
  7617.500  4.35624e-01
  7620.000  4.35377e-01
  7622.500  4.35130e-01
  7625.000  4.34883e-01
  7627.500  4.34638e-01
  7630.000  4.34392e-01
  7632.500  4.34148e-01
  7635.000  4.33904e-01
  7637.500  4.33660e-01
  7640.000  4.33418e-01
  7642.500  4.33175e-01
  7645.000  4.32934e-01
  7647.500  4.32692e-01
  7650.000  4.32452e-01
  7652.500  4.32212e-01
  7655.000  4.31973e-01
  7657.500  4.31734e-01
  7660.000  4.31495e-01
  7662.500  4.31258e-01
  7665.000  4.31021e-01
  7667.500  4.30784e-01
  7670.000  4.30548e-01
  7672.500  4.30313e-01
  7675.000  4.30078e-01
  7677.500  4.29844e-01
  7680.000  4.29610e-01
  7682.500  4.29377e-01
  7685.000  4.29144e-01
  7687.500  4.28912e-01
  7690.000  4.28681e-01
  7692.500  4.28450e-01
  7695.000  4.28220e-01
  7697.500  4.27990e-01
  7700.000  4.27761e-01
  7702.500  4.27532e-01
  7705.000  4.27304e-01
  7707.500  4.27077e-01
  7710.000  4.26850e-01
  7712.500  4.26623e-01
  7715.000  4.26397e-01
  7717.500  4.26172e-01
  7720.000  4.25947e-01
  7722.500  4.25723e-01
  7725.000  4.25499e-01
  7727.500  4.25276e-01
  7730.000  4.25053e-01
  7732.500  4.24831e-01
  7735.000  4.24610e-01
  7737.500  4.24389e-01
  7740.000  4.24168e-01
  7742.500  4.23948e-01
  7745.000  4.23729e-01
  7747.500  4.23510e-01
  7750.000  4.23292e-01
  7752.500  4.23074e-01
  7755.000  4.22857e-01
  7757.500  4.22640e-01
  7760.000  4.22424e-01
  7762.500  4.22209e-01
  7765.000  4.21993e-01
  7767.500  4.21779e-01
  7770.000  4.21565e-01
  7772.500  4.21351e-01
  7775.000  4.21138e-01
  7777.500  4.20926e-01
  7780.000  4.20714e-01
  7782.500  4.20503e-01
  7785.000  4.20292e-01
  7787.500  4.20081e-01
  7790.000  4.19871e-01
  7792.500  4.19662e-01
  7795.000  4.19453e-01
  7797.500  4.19245e-01
  7800.000  4.19037e-01
  7802.500  4.18830e-01
  7805.000  4.18623e-01
  7807.500  4.18417e-01
  7810.000  4.18211e-01
  7812.500  4.18006e-01
  7815.000  4.17801e-01
  7817.500  4.17597e-01
  7820.000  4.17393e-01
  7822.500  4.17190e-01
  7825.000  4.16987e-01
  7827.500  4.16785e-01
  7830.000  4.16584e-01
  7832.500  4.16382e-01
  7835.000  4.16182e-01
  7837.500  4.15982e-01
  7840.000  4.15782e-01
  7842.500  4.15583e-01
  7845.000  4.15384e-01
  7847.500  4.15186e-01
  7850.000  4.14988e-01
  7852.500  4.14791e-01
  7855.000  4.14594e-01
  7857.500  4.14398e-01
  7860.000  4.14202e-01
  7862.500  4.14007e-01
  7865.000  4.13812e-01
  7867.500  4.13618e-01
  7870.000  4.13424e-01
  7872.500  4.13231e-01
  7875.000  4.13038e-01
  7877.500  4.12846e-01
  7880.000  4.12654e-01
  7882.500  4.12463e-01
  7885.000  4.12272e-01
  7887.500  4.12081e-01
  7890.000  4.11891e-01
  7892.500  4.11702e-01
  7895.000  4.11513e-01
  7897.500  4.11325e-01
  7900.000  4.11137e-01
  7902.500  4.10949e-01
  7905.000  4.10762e-01
  7907.500  4.10575e-01
  7910.000  4.10389e-01
  7912.500  4.10204e-01
  7915.000  4.10018e-01
  7917.500  4.09834e-01
  7920.000  4.09649e-01
  7922.500  4.09466e-01
  7925.000  4.09282e-01
  7927.500  4.09099e-01
  7930.000  4.08917e-01
  7932.500  4.08735e-01
  7935.000  4.08553e-01
  7937.500  4.08372e-01
  7940.000  4.08192e-01
  7942.500  4.08012e-01
  7945.000  4.07832e-01
  7947.500  4.07653e-01
  7950.000  4.07474e-01
  7952.500  4.07296e-01
  7955.000  4.07118e-01
  7957.500  4.06941e-01
  7960.000  4.06764e-01
  7962.500  4.06587e-01
  7965.000  4.06411e-01
  7967.500  4.06235e-01
  7970.000  4.06060e-01
  7972.500  4.05886e-01
  7975.000  4.05711e-01
  7977.500  4.05537e-01
  7980.000  4.05364e-01
  7982.500  4.05191e-01
  7985.000  4.05019e-01
  7987.500  4.04846e-01
  7990.000  4.04675e-01
  7992.500  4.04504e-01
  7995.000  4.04333e-01
  7997.500  4.04162e-01
  8000.000  4.03993e-01
  8002.500  4.03823e-01
  8005.000  4.03654e-01
  8007.500  4.03485e-01
  8010.000  4.03317e-01
  8012.500  4.03149e-01
  8015.000  4.02982e-01
  8017.500  4.02815e-01
  8020.000  4.02649e-01
  8022.500  4.02483e-01
  8025.000  4.02317e-01
  8027.500  4.02152e-01
  8030.000  4.01987e-01
  8032.500  4.01823e-01
  8035.000  4.01659e-01
  8037.500  4.01495e-01
  8040.000  4.01332e-01
  8042.500  4.01169e-01
  8045.000  4.01007e-01
  8047.500  4.00845e-01
  8050.000  4.00684e-01
  8052.500  4.00523e-01
  8055.000  4.00362e-01
  8057.500  4.00202e-01
  8060.000  4.00042e-01
  8062.500  3.99882e-01
  8065.000  3.99723e-01
  8067.500  3.99565e-01
  8070.000  3.99406e-01
  8072.500  3.99249e-01
  8075.000  3.99091e-01
  8077.500  3.98934e-01
  8080.000  3.98778e-01
  8082.500  3.98621e-01
  8085.000  3.98466e-01
  8087.500  3.98310e-01
  8090.000  3.98155e-01
  8092.500  3.98001e-01
  8095.000  3.97846e-01
  8097.500  3.97692e-01
  8100.000  3.97539e-01
  8102.500  3.97386e-01
  8105.000  3.97233e-01
  8107.500  3.97081e-01
  8110.000  3.96929e-01
  8112.500  3.96777e-01
  8115.000  3.96626e-01
  8117.500  3.96476e-01
  8120.000  3.96325e-01
  8122.500  3.96175e-01
  8125.000  3.96026e-01
  8127.500  3.95876e-01
  8130.000  3.95728e-01
  8132.500  3.95579e-01
  8135.000  3.95431e-01
  8137.500  3.95283e-01
  8140.000  3.95136e-01
  8142.500  3.94989e-01
  8145.000  3.94842e-01
  8147.500  3.94696e-01
  8150.000  3.94550e-01
  8152.500  3.94405e-01
  8155.000  3.94260e-01
  8157.500  3.94115e-01
  8160.000  3.93971e-01
  8162.500  3.93826e-01
  8165.000  3.93683e-01
  8167.500  3.93540e-01
  8170.000  3.93397e-01
  8172.500  3.93254e-01
  8175.000  3.93112e-01
  8177.500  3.92970e-01
  8180.000  3.92829e-01
  8182.500  3.92687e-01
  8185.000  3.92547e-01
  8187.500  3.92406e-01
  8190.000  3.92266e-01
  8192.500  3.92126e-01
  8195.000  3.91987e-01
  8197.500  3.91848e-01
  8200.000  3.91709e-01
  8202.500  3.91571e-01
  8205.000  3.91433e-01
  8207.500  3.91295e-01
  8210.000  3.91158e-01
  8212.500  3.91021e-01
  8215.000  3.90885e-01
  8217.500  3.90748e-01
  8220.000  3.90612e-01
  8222.500  3.90477e-01
  8225.000  3.90342e-01
  8227.500  3.90207e-01
  8230.000  3.90072e-01
  8232.500  3.89938e-01
  8235.000  3.89804e-01
  8237.500  3.89671e-01
  8240.000  3.89537e-01
  8242.500  3.89404e-01
  8245.000  3.89272e-01
  8247.500  3.89140e-01
  8250.000  3.89008e-01
  8252.500  3.88876e-01
  8255.000  3.88745e-01
  8257.500  3.88614e-01
  8260.000  3.88483e-01
  8262.500  3.88353e-01
  8265.000  3.88223e-01
  8267.500  3.88094e-01
  8270.000  3.87964e-01
  8272.500  3.87835e-01
  8275.000  3.87707e-01
  8277.500  3.87578e-01
  8280.000  3.87450e-01
  8282.500  3.87323e-01
  8285.000  3.87195e-01
  8287.500  3.87068e-01
  8290.000  3.86941e-01
  8292.500  3.86815e-01
  8295.000  3.86689e-01
  8297.500  3.86563e-01
  8300.000  3.86437e-01
  8302.500  3.86312e-01
  8305.000  3.86187e-01
  8307.500  3.86063e-01
  8310.000  3.85938e-01
  8312.500  3.85814e-01
  8315.000  3.85691e-01
  8317.500  3.85567e-01
  8320.000  3.85444e-01
  8322.500  3.85321e-01
  8325.000  3.85199e-01
  8327.500  3.85077e-01
  8330.000  3.84955e-01
  8332.500  3.84833e-01
  8335.000  3.84712e-01
  8337.500  3.84591e-01
  8340.000  3.84470e-01
  8342.500  3.84350e-01
  8345.000  3.84229e-01
  8347.500  3.84110e-01
  8350.000  3.83990e-01
  8352.500  3.83871e-01
  8355.000  3.83752e-01
  8357.500  3.83633e-01
  8360.000  3.83514e-01
  8362.500  3.83396e-01
  8365.000  3.83278e-01
  8367.500  3.83161e-01
  8370.000  3.83044e-01
  8372.500  3.82926e-01
  8375.000  3.82810e-01
  8377.500  3.82693e-01
  8380.000  3.82577e-01
  8382.500  3.82461e-01
  8385.000  3.82345e-01
  8387.500  3.82230e-01
  8390.000  3.82115e-01
  8392.500  3.82000e-01
  8395.000  3.81885e-01
  8397.500  3.81771e-01
  8400.000  3.81657e-01
  8402.500  3.81543e-01
  8405.000  3.81430e-01
  8407.500  3.81316e-01
  8410.000  3.81203e-01
  8412.500  3.81091e-01
  8415.000  3.80978e-01
  8417.500  3.80866e-01
  8420.000  3.80754e-01
  8422.500  3.80642e-01
  8425.000  3.80531e-01
  8427.500  3.80420e-01
  8430.000  3.80309e-01
  8432.500  3.80198e-01
  8435.000  3.80088e-01
  8437.500  3.79977e-01
  8440.000  3.79868e-01
  8442.500  3.79758e-01
  8445.000  3.79648e-01
  8447.500  3.79539e-01
  8450.000  3.79430e-01
  8452.500  3.79322e-01
  8455.000  3.79213e-01
  8457.500  3.79105e-01
  8460.000  3.78997e-01
  8462.500  3.78889e-01
  8465.000  3.78782e-01
  8467.500  3.78675e-01
  8470.000  3.78568e-01
  8472.500  3.78461e-01
  8475.000  3.78354e-01
  8477.500  3.78248e-01
  8480.000  3.78142e-01
  8482.500  3.78036e-01
  8485.000  3.77930e-01
  8487.500  3.77825e-01
  8490.000  3.77720e-01
  8492.500  3.77615e-01
  8495.000  3.77510e-01
  8497.500  3.77406e-01
  8500.000  3.77302e-01
  8502.500  3.77198e-01
  8505.000  3.77094e-01
  8507.500  3.76990e-01
  8510.000  3.76887e-01
  8512.500  3.76784e-01
  8515.000  3.76681e-01
  8517.500  3.76578e-01
  8520.000  3.76476e-01
  8522.500  3.76373e-01
  8525.000  3.76271e-01
  8527.500  3.76170e-01
  8530.000  3.76068e-01
  8532.500  3.75967e-01
  8535.000  3.75865e-01
  8537.500  3.75764e-01
  8540.000  3.75664e-01
  8542.500  3.75563e-01
  8545.000  3.75463e-01
  8547.500  3.75363e-01
  8550.000  3.75263e-01
  8552.500  3.75163e-01
  8555.000  3.75063e-01
  8557.500  3.74964e-01
  8560.000  3.74865e-01
  8562.500  3.74766e-01
  8565.000  3.74667e-01
  8567.500  3.74569e-01
  8570.000  3.74470e-01
  8572.500  3.74372e-01
  8575.000  3.74274e-01
  8577.500  3.74176e-01
  8580.000  3.74079e-01
  8582.500  3.73982e-01
  8585.000  3.73884e-01
  8587.500  3.73787e-01
  8590.000  3.73690e-01
  8592.500  3.73594e-01
  8595.000  3.73497e-01
  8597.500  3.73401e-01
  8600.000  3.73305e-01
  8602.500  3.73209e-01
  8605.000  3.73113e-01
  8607.500  3.73018e-01
  8610.000  3.72923e-01
  8612.500  3.72827e-01
  8615.000  3.72732e-01
  8617.500  3.72638e-01
  8620.000  3.72543e-01
  8622.500  3.72449e-01
  8625.000  3.72354e-01
  8627.500  3.72260e-01
  8630.000  3.72166e-01
  8632.500  3.72072e-01
  8635.000  3.71979e-01
  8637.500  3.71885e-01
  8640.000  3.71792e-01
  8642.500  3.71699e-01
  8645.000  3.71606e-01
  8647.500  3.71513e-01
  8650.000  3.71421e-01
  8652.500  3.71328e-01
  8655.000  3.71236e-01
  8657.500  3.71144e-01
  8660.000  3.71052e-01
  8662.500  3.70960e-01
  8665.000  3.70868e-01
  8667.500  3.70777e-01
  8670.000  3.70685e-01
  8672.500  3.70594e-01
  8675.000  3.70503e-01
  8677.500  3.70412e-01
  8680.000  3.70322e-01
  8682.500  3.70231e-01
  8685.000  3.70141e-01
  8687.500  3.70050e-01
  8690.000  3.69960e-01
  8692.500  3.69870e-01
  8695.000  3.69780e-01
  8697.500  3.69691e-01
  8700.000  3.69601e-01
  8702.500  3.69512e-01
  8705.000  3.69422e-01
  8707.500  3.69333e-01
  8710.000  3.69244e-01
  8712.500  3.69155e-01
  8715.000  3.69067e-01
  8717.500  3.68978e-01
  8720.000  3.68890e-01
  8722.500  3.68801e-01
  8725.000  3.68713e-01
  8727.500  3.68625e-01
  8730.000  3.68537e-01
  8732.500  3.68449e-01
  8735.000  3.68361e-01
  8737.500  3.68274e-01
  8740.000  3.68186e-01
  8742.500  3.68099e-01
  8745.000  3.68012e-01
  8747.500  3.67925e-01
  8750.000  3.67838e-01
  8752.500  3.67751e-01
  8755.000  3.67664e-01
  8757.500  3.67578e-01
  8760.000  3.67492e-01
  8762.500  3.67405e-01
  8765.000  3.67319e-01
  8767.500  3.67233e-01
  8770.000  3.67147e-01
  8772.500  3.67061e-01
  8775.000  3.66975e-01
  8777.500  3.66889e-01
  8780.000  3.66804e-01
  8782.500  3.66718e-01
  8785.000  3.66633e-01
  8787.500  3.66548e-01
  8790.000  3.66463e-01
  8792.500  3.66378e-01
  8795.000  3.66293e-01
  8797.500  3.66208e-01
  8800.000  3.66123e-01
  8802.500  3.66039e-01
  8805.000  3.65954e-01
  8807.500  3.65870e-01
  8810.000  3.65785e-01
  8812.500  3.65701e-01
  8815.000  3.65617e-01
  8817.500  3.65533e-01
  8820.000  3.65449e-01
  8822.500  3.65365e-01
  8825.000  3.65281e-01
  8827.500  3.65198e-01
  8830.000  3.65114e-01
  8832.500  3.65031e-01
  8835.000  3.64947e-01
  8837.500  3.64864e-01
  8840.000  3.64781e-01
  8842.500  3.64697e-01
  8845.000  3.64614e-01
  8847.500  3.64531e-01
  8850.000  3.64448e-01
  8852.500  3.64366e-01
  8855.000  3.64283e-01
  8857.500  3.64200e-01
  8860.000  3.64118e-01
  8862.500  3.64035e-01
  8865.000  3.63952e-01
  8867.500  3.63870e-01
  8870.000  3.63788e-01
  8872.500  3.63706e-01
  8875.000  3.63623e-01
  8877.500  3.63541e-01
  8880.000  3.63459e-01
  8882.500  3.63377e-01
  8885.000  3.63295e-01
  8887.500  3.63214e-01
  8890.000  3.63132e-01
  8892.500  3.63050e-01
  8895.000  3.62968e-01
  8897.500  3.62887e-01
  8900.000  3.62805e-01
  8902.500  3.62724e-01
  8905.000  3.62642e-01
  8907.500  3.62561e-01
  8910.000  3.62480e-01
  8912.500  3.62398e-01
  8915.000  3.62317e-01
  8917.500  3.62236e-01
  8920.000  3.62155e-01
  8922.500  3.62074e-01
  8925.000  3.61993e-01
  8927.500  3.61912e-01
  8930.000  3.61831e-01
  8932.500  3.61750e-01
  8935.000  3.61669e-01
  8937.500  3.61589e-01
  8940.000  3.61508e-01
  8942.500  3.61427e-01
  8945.000  3.61347e-01
  8947.500  3.61266e-01
  8950.000  3.61186e-01
  8952.500  3.61105e-01
  8955.000  3.61024e-01
  8957.500  3.60944e-01
  8960.000  3.60864e-01
  8962.500  3.60783e-01
  8965.000  3.60703e-01
  8967.500  3.60623e-01
  8970.000  3.60542e-01
  8972.500  3.60462e-01
  8975.000  3.60382e-01
  8977.500  3.60302e-01
  8980.000  3.60221e-01
  8982.500  3.60141e-01
  8985.000  3.60061e-01
  8987.500  3.59981e-01
  8990.000  3.59901e-01
  8992.500  3.59821e-01
  8995.000  3.59741e-01
  8997.500  3.59661e-01
  9000.000  3.59581e-01
  9002.500  3.59501e-01
  9005.000  3.59421e-01
  9007.500  3.59341e-01
  9010.000  3.59261e-01
  9012.500  3.59181e-01
  9015.000  3.59101e-01
  9017.500  3.59021e-01
  9020.000  3.58941e-01
  9022.500  3.58862e-01
  9025.000  3.58782e-01
  9027.500  3.58702e-01
  9030.000  3.58622e-01
  9032.500  3.58542e-01
  9035.000  3.58463e-01
  9037.500  3.58383e-01
  9040.000  3.58303e-01
  9042.500  3.58223e-01
  9045.000  3.58144e-01
  9047.500  3.58064e-01
  9050.000  3.57984e-01
  9052.500  3.57905e-01
  9055.000  3.57825e-01
  9057.500  3.57746e-01
  9060.000  3.57666e-01
  9062.500  3.57586e-01
  9065.000  3.57507e-01
  9067.500  3.57427e-01
  9070.000  3.57348e-01
  9072.500  3.57268e-01
  9075.000  3.57189e-01
  9077.500  3.57109e-01
  9080.000  3.57030e-01
  9082.500  3.56950e-01
  9085.000  3.56871e-01
  9087.500  3.56792e-01
  9090.000  3.56712e-01
  9092.500  3.56633e-01
  9095.000  3.56553e-01
  9097.500  3.56474e-01
  9100.000  3.56395e-01
  9102.500  3.56315e-01
  9105.000  3.56236e-01
  9107.500  3.56157e-01
  9110.000  3.56078e-01
  9112.500  3.55998e-01
  9115.000  3.55919e-01
  9117.500  3.55840e-01
  9120.000  3.55761e-01
  9122.500  3.55682e-01
  9125.000  3.55603e-01
  9127.500  3.55523e-01
  9130.000  3.55444e-01
  9132.500  3.55365e-01
  9135.000  3.55286e-01
  9137.500  3.55207e-01
  9140.000  3.55128e-01
  9142.500  3.55049e-01
  9145.000  3.54970e-01
  9147.500  3.54891e-01
  9150.000  3.54812e-01
  9152.500  3.54733e-01
  9155.000  3.54654e-01
  9157.500  3.54575e-01
  9160.000  3.54496e-01
  9162.500  3.54417e-01
  9165.000  3.54338e-01
  9167.500  3.54260e-01
  9170.000  3.54181e-01
  9172.500  3.54102e-01
  9175.000  3.54023e-01
  9177.500  3.53944e-01
  9180.000  3.53866e-01
  9182.500  3.53787e-01
  9185.000  3.53708e-01
  9187.500  3.53629e-01
  9190.000  3.53551e-01
  9192.500  3.53472e-01
  9195.000  3.53393e-01
  9197.500  3.53315e-01
  9200.000  3.53236e-01
  9202.500  3.53157e-01
  9205.000  3.53079e-01
  9207.500  3.53000e-01
  9210.000  3.52922e-01
  9212.500  3.52843e-01
  9215.000  3.52764e-01
  9217.500  3.52686e-01
  9220.000  3.52607e-01
  9222.500  3.52529e-01
  9225.000  3.52450e-01
  9227.500  3.52372e-01
  9230.000  3.52293e-01
  9232.500  3.52215e-01
  9235.000  3.52137e-01
  9237.500  3.52058e-01
  9240.000  3.51980e-01
  9242.500  3.51902e-01
  9245.000  3.51823e-01
  9247.500  3.51745e-01
  9250.000  3.51667e-01
  9252.500  3.51588e-01
  9255.000  3.51510e-01
  9257.500  3.51432e-01
  9260.000  3.51353e-01
  9262.500  3.51275e-01
  9265.000  3.51197e-01
  9267.500  3.51119e-01
  9270.000  3.51041e-01
  9272.500  3.50963e-01
  9275.000  3.50884e-01
  9277.500  3.50806e-01
  9280.000  3.50728e-01
  9282.500  3.50650e-01
  9285.000  3.50572e-01
  9287.500  3.50494e-01
  9290.000  3.50416e-01
  9292.500  3.50338e-01
  9295.000  3.50260e-01
  9297.500  3.50182e-01
  9300.000  3.50104e-01
  9302.500  3.50026e-01
  9305.000  3.49948e-01
  9307.500  3.49870e-01
  9310.000  3.49792e-01
  9312.500  3.49714e-01
  9315.000  3.49637e-01
  9317.500  3.49559e-01
  9320.000  3.49481e-01
  9322.500  3.49403e-01
  9325.000  3.49325e-01
  9327.500  3.49247e-01
  9330.000  3.49170e-01
  9332.500  3.49092e-01
  9335.000  3.49014e-01
  9337.500  3.48936e-01
  9340.000  3.48859e-01
  9342.500  3.48781e-01
  9345.000  3.48703e-01
  9347.500  3.48626e-01
  9350.000  3.48548e-01
  9352.500  3.48471e-01
  9355.000  3.48393e-01
  9357.500  3.48315e-01
  9360.000  3.48238e-01
  9362.500  3.48160e-01
  9365.000  3.48083e-01
  9367.500  3.48005e-01
  9370.000  3.47928e-01
  9372.500  3.47850e-01
  9375.000  3.47773e-01
  9377.500  3.47695e-01
  9380.000  3.47618e-01
  9382.500  3.47540e-01
  9385.000  3.47463e-01
  9387.500  3.47386e-01
  9390.000  3.47308e-01
  9392.500  3.47231e-01
  9395.000  3.47154e-01
  9397.500  3.47076e-01
  9400.000  3.46999e-01
  9402.500  3.46922e-01
  9405.000  3.46844e-01
  9407.500  3.46767e-01
  9410.000  3.46690e-01
  9412.500  3.46613e-01
  9415.000  3.46536e-01
  9417.500  3.46458e-01
  9420.000  3.46381e-01
  9422.500  3.46304e-01
  9425.000  3.46227e-01
  9427.500  3.46150e-01
  9430.000  3.46073e-01
  9432.500  3.45996e-01
  9435.000  3.45919e-01
  9437.500  3.45842e-01
  9440.000  3.45765e-01
  9442.500  3.45688e-01
  9445.000  3.45611e-01
  9447.500  3.45534e-01
  9450.000  3.45457e-01
  9452.500  3.45380e-01
  9455.000  3.45303e-01
  9457.500  3.45226e-01
  9460.000  3.45149e-01
  9462.500  3.45072e-01
  9465.000  3.44995e-01
  9467.500  3.44918e-01
  9470.000  3.44842e-01
  9472.500  3.44765e-01
  9475.000  3.44688e-01
  9477.500  3.44611e-01
  9480.000  3.44534e-01
  9482.500  3.44458e-01
  9485.000  3.44381e-01
  9487.500  3.44304e-01
  9490.000  3.44228e-01
  9492.500  3.44151e-01
  9495.000  3.44074e-01
  9497.500  3.43998e-01
  9500.000  3.43921e-01
  9502.500  3.43844e-01
  9505.000  3.43768e-01
  9507.500  3.43691e-01
  9510.000  3.43615e-01
  9512.500  3.43538e-01
  9515.000  3.43462e-01
  9517.500  3.43385e-01
  9520.000  3.43309e-01
  9522.500  3.43232e-01
  9525.000  3.43156e-01
  9527.500  3.43079e-01
  9530.000  3.43003e-01
  9532.500  3.42926e-01
  9535.000  3.42850e-01
  9537.500  3.42774e-01
  9540.000  3.42697e-01
  9542.500  3.42621e-01
  9545.000  3.42545e-01
  9547.500  3.42468e-01
  9550.000  3.42392e-01
  9552.500  3.42316e-01
  9555.000  3.42239e-01
  9557.500  3.42163e-01
  9560.000  3.42087e-01
  9562.500  3.42011e-01
  9565.000  3.41935e-01
  9567.500  3.41858e-01
  9570.000  3.41782e-01
  9572.500  3.41706e-01
  9575.000  3.41630e-01
  9577.500  3.41554e-01
  9580.000  3.41478e-01
  9582.500  3.41402e-01
  9585.000  3.41326e-01
  9587.500  3.41250e-01
  9590.000  3.41174e-01
  9592.500  3.41098e-01
  9595.000  3.41022e-01
  9597.500  3.40946e-01
  9600.000  3.40870e-01
  9602.500  3.40794e-01
  9605.000  3.40718e-01
  9607.500  3.40642e-01
  9610.000  3.40566e-01
  9612.500  3.40490e-01
  9615.000  3.40414e-01
  9617.500  3.40338e-01
  9620.000  3.40263e-01
  9622.500  3.40187e-01
  9625.000  3.40111e-01
  9627.500  3.40035e-01
  9630.000  3.39959e-01
  9632.500  3.39884e-01
  9635.000  3.39808e-01
  9637.500  3.39732e-01
  9640.000  3.39657e-01
  9642.500  3.39581e-01
  9645.000  3.39505e-01
  9647.500  3.39429e-01
  9650.000  3.39354e-01
  9652.500  3.39278e-01
  9655.000  3.39203e-01
  9657.500  3.39127e-01
  9660.000  3.39052e-01
  9662.500  3.38976e-01
  9665.000  3.38900e-01
  9667.500  3.38825e-01
  9670.000  3.38749e-01
  9672.500  3.38674e-01
  9675.000  3.38599e-01
  9677.500  3.38523e-01
  9680.000  3.38448e-01
  9682.500  3.38372e-01
  9685.000  3.38297e-01
  9687.500  3.38221e-01
  9690.000  3.38146e-01
  9692.500  3.38071e-01
  9695.000  3.37995e-01
  9697.500  3.37920e-01
  9700.000  3.37845e-01
  9702.500  3.37769e-01
  9705.000  3.37694e-01
  9707.500  3.37619e-01
  9710.000  3.37544e-01
  9712.500  3.37469e-01
  9715.000  3.37393e-01
  9717.500  3.37318e-01
  9720.000  3.37243e-01
  9722.500  3.37168e-01
  9725.000  3.37093e-01
  9727.500  3.37018e-01
  9730.000  3.36943e-01
  9732.500  3.36867e-01
  9735.000  3.36792e-01
  9737.500  3.36717e-01
  9740.000  3.36642e-01
  9742.500  3.36567e-01
  9745.000  3.36492e-01
  9747.500  3.36417e-01
  9750.000  3.36342e-01
  9752.500  3.36267e-01
  9755.000  3.36192e-01
  9757.500  3.36118e-01
  9760.000  3.36043e-01
  9762.500  3.35968e-01
  9765.000  3.35893e-01
  9767.500  3.35818e-01
  9770.000  3.35743e-01
  9772.500  3.35668e-01
  9775.000  3.35594e-01
  9777.500  3.35519e-01
  9780.000  3.35444e-01
  9782.500  3.35369e-01
  9785.000  3.35295e-01
  9787.500  3.35220e-01
  9790.000  3.35145e-01
  9792.500  3.35070e-01
  9795.000  3.34996e-01
  9797.500  3.34921e-01
  9800.000  3.34846e-01
  9802.500  3.34772e-01
  9805.000  3.34697e-01
  9807.500  3.34623e-01
  9810.000  3.34548e-01
  9812.500  3.34474e-01
  9815.000  3.34399e-01
  9817.500  3.34325e-01
  9820.000  3.34250e-01
  9822.500  3.34176e-01
  9825.000  3.34101e-01
  9827.500  3.34027e-01
  9830.000  3.33952e-01
  9832.500  3.33878e-01
  9835.000  3.33803e-01
  9837.500  3.33729e-01
  9840.000  3.33655e-01
  9842.500  3.33580e-01
  9845.000  3.33506e-01
  9847.500  3.33432e-01
  9850.000  3.33357e-01
  9852.500  3.33283e-01
  9855.000  3.33209e-01
  9857.500  3.33134e-01
  9860.000  3.33060e-01
  9862.500  3.32986e-01
  9865.000  3.32912e-01
  9867.500  3.32838e-01
  9870.000  3.32763e-01
  9872.500  3.32689e-01
  9875.000  3.32615e-01
  9877.500  3.32541e-01
  9880.000  3.32467e-01
  9882.500  3.32393e-01
  9885.000  3.32319e-01
  9887.500  3.32245e-01
  9890.000  3.32171e-01
  9892.500  3.32097e-01
  9895.000  3.32023e-01
  9897.500  3.31949e-01
  9900.000  3.31875e-01
  9902.500  3.31801e-01
  9905.000  3.31727e-01
  9907.500  3.31653e-01
  9910.000  3.31579e-01
  9912.500  3.31505e-01
  9915.000  3.31431e-01
  9917.500  3.31357e-01
  9920.000  3.31283e-01
  9922.500  3.31210e-01
  9925.000  3.31136e-01
  9927.500  3.31062e-01
  9930.000  3.30988e-01
  9932.500  3.30914e-01
  9935.000  3.30841e-01
  9937.500  3.30767e-01
  9940.000  3.30693e-01
  9942.500  3.30619e-01
  9945.000  3.30546e-01
  9947.500  3.30472e-01
  9950.000  3.30398e-01
  9952.500  3.30325e-01
  9955.000  3.30251e-01
  9957.500  3.30178e-01
  9960.000  3.30104e-01
  9962.500  3.30031e-01
  9965.000  3.29957e-01
  9967.500  3.29883e-01
  9970.000  3.29810e-01
  9972.500  3.29736e-01
  9975.000  3.29663e-01
  9977.500  3.29589e-01
  9980.000  3.29516e-01
  9982.500  3.29443e-01
  9985.000  3.29369e-01
  9987.500  3.29296e-01
  9990.000  3.29222e-01
  9992.500  3.29149e-01
  9995.000  3.29076e-01
  9997.500  3.29002e-01
 10000.000  3.28929e-01
 10002.500  3.28856e-01
 10005.000  3.28782e-01
 10007.500  3.28709e-01
 10010.000  3.28636e-01
 10012.500  3.28563e-01
 10015.000  3.28489e-01
 10017.500  3.28416e-01
 10020.000  3.28343e-01
 10022.500  3.28270e-01
 10025.000  3.28197e-01
 10027.500  3.28123e-01
 10030.000  3.28050e-01
 10032.500  3.27977e-01
 10035.000  3.27904e-01
 10037.500  3.27831e-01
 10040.000  3.27758e-01
 10042.500  3.27685e-01
 10045.000  3.27612e-01
 10047.500  3.27539e-01
 10050.000  3.27466e-01
 10052.500  3.27393e-01
 10055.000  3.27320e-01
 10057.500  3.27247e-01
 10060.000  3.27174e-01
 10062.500  3.27101e-01
 10065.000  3.27028e-01
 10067.500  3.26955e-01
 10070.000  3.26883e-01
 10072.500  3.26810e-01
 10075.000  3.26737e-01
 10077.500  3.26664e-01
 10080.000  3.26591e-01
 10082.500  3.26519e-01
 10085.000  3.26446e-01
 10087.500  3.26373e-01
 10090.000  3.26300e-01
 10092.500  3.26228e-01
 10095.000  3.26155e-01
 10097.500  3.26082e-01
 10100.000  3.26009e-01
 10102.500  3.25937e-01
 10105.000  3.25864e-01
 10107.500  3.25792e-01
 10110.000  3.25719e-01
 10112.500  3.25646e-01
 10115.000  3.25574e-01
 10117.500  3.25501e-01
 10120.000  3.25429e-01
 10122.500  3.25356e-01
 10125.000  3.25284e-01
 10127.500  3.25211e-01
 10130.000  3.25139e-01
 10132.500  3.25066e-01
 10135.000  3.24994e-01
 10137.500  3.24921e-01
 10140.000  3.24849e-01
 10142.500  3.24777e-01
 10145.000  3.24704e-01
 10147.500  3.24632e-01
 10150.000  3.24560e-01
 10152.500  3.24487e-01
 10155.000  3.24415e-01
 10157.500  3.24343e-01
 10160.000  3.24270e-01
 10162.500  3.24198e-01
 10165.000  3.24126e-01
 10167.500  3.24054e-01
 10170.000  3.23981e-01
 10172.500  3.23909e-01
 10175.000  3.23837e-01
 10177.500  3.23765e-01
 10180.000  3.23693e-01
 10182.500  3.23620e-01
 10185.000  3.23548e-01
 10187.500  3.23476e-01
 10190.000  3.23404e-01
 10192.500  3.23332e-01
 10195.000  3.23260e-01
 10197.500  3.23188e-01
 10200.000  3.23116e-01
 10202.500  3.23044e-01
 10205.000  3.22972e-01
 10207.500  3.22900e-01
 10210.000  3.22828e-01
 10212.500  3.22756e-01
 10215.000  3.22684e-01
 10217.500  3.22612e-01
 10220.000  3.22540e-01
 10222.500  3.22469e-01
 10225.000  3.22397e-01
 10227.500  3.22325e-01
 10230.000  3.22253e-01
 10232.500  3.22181e-01
 10235.000  3.22109e-01
 10237.500  3.22038e-01
 10240.000  3.21966e-01
 10242.500  3.21894e-01
 10245.000  3.21822e-01
 10247.500  3.21751e-01
 10250.000  3.21679e-01
 10252.500  3.21607e-01
 10255.000  3.21536e-01
 10257.500  3.21464e-01
 10260.000  3.21392e-01
 10262.500  3.21321e-01
 10265.000  3.21249e-01
 10267.500  3.21178e-01
 10270.000  3.21106e-01
 10272.500  3.21034e-01
 10275.000  3.20963e-01
 10277.500  3.20891e-01
 10280.000  3.20820e-01
 10282.500  3.20748e-01
 10285.000  3.20677e-01
 10287.500  3.20606e-01
 10290.000  3.20534e-01
 10292.500  3.20463e-01
 10295.000  3.20391e-01
 10297.500  3.20320e-01
 10300.000  3.20248e-01
 10302.500  3.20177e-01
 10305.000  3.20106e-01
 10307.500  3.20034e-01
 10310.000  3.19963e-01
 10312.500  3.19892e-01
 10315.000  3.19821e-01
 10317.500  3.19749e-01
 10320.000  3.19678e-01
 10322.500  3.19607e-01
 10325.000  3.19536e-01
 10327.500  3.19464e-01
 10330.000  3.19393e-01
 10332.500  3.19322e-01
 10335.000  3.19251e-01
 10337.500  3.19180e-01
 10340.000  3.19109e-01
 10342.500  3.19038e-01
 10345.000  3.18967e-01
 10347.500  3.18895e-01
 10350.000  3.18824e-01
 10352.500  3.18753e-01
 10355.000  3.18682e-01
 10357.500  3.18611e-01
 10360.000  3.18540e-01
 10362.500  3.18469e-01
 10365.000  3.18398e-01
 10367.500  3.18328e-01
 10370.000  3.18257e-01
 10372.500  3.18186e-01
 10375.000  3.18115e-01
 10377.500  3.18044e-01
 10380.000  3.17973e-01
 10382.500  3.17902e-01
 10385.000  3.17831e-01
 10387.500  3.17761e-01
 10390.000  3.17690e-01
 10392.500  3.17619e-01
 10395.000  3.17548e-01
 10397.500  3.17478e-01
 10400.000  3.17407e-01
 10402.500  3.17336e-01
 10405.000  3.17265e-01
 10407.500  3.17195e-01
 10410.000  3.17124e-01
 10412.500  3.17053e-01
 10415.000  3.16983e-01
 10417.500  3.16912e-01
 10420.000  3.16842e-01
 10422.500  3.16771e-01
 10425.000  3.16700e-01
 10427.500  3.16630e-01
 10430.000  3.16559e-01
 10432.500  3.16489e-01
 10435.000  3.16418e-01
 10437.500  3.16348e-01
 10440.000  3.16277e-01
 10442.500  3.16207e-01
 10445.000  3.16136e-01
 10447.500  3.16066e-01
 10450.000  3.15996e-01
 10452.500  3.15925e-01
 10455.000  3.15855e-01
 10457.500  3.15784e-01
 10460.000  3.15714e-01
 10462.500  3.15644e-01
 10465.000  3.15573e-01
 10467.500  3.15503e-01
 10470.000  3.15433e-01
 10472.500  3.15363e-01
 10475.000  3.15292e-01
 10477.500  3.15222e-01
 10480.000  3.15152e-01
 10482.500  3.15082e-01
 10485.000  3.15012e-01
 10487.500  3.14941e-01
 10490.000  3.14871e-01
 10492.500  3.14801e-01
 10495.000  3.14731e-01
 10497.500  3.14661e-01
 10500.000  3.14591e-01
