# brown/NGC4579  |  Brown+14 atlas: NGC 4579, LINER/Sy1.9
# columns: wavelength_Angstrom  flam_erg_s_cm2_A (absolute scale arbitrary - ETC renormalizes)
   805.020  7.63760e-16
   814.340  7.58500e-16
   825.670  7.63760e-16
   835.230  6.94960e-16
   844.910  7.49820e-16
   854.690  7.42950e-16
   864.590  7.49820e-16
   874.600  7.56760e-16
   884.720  7.65520e-16
   894.970  7.70830e-16
   905.330  7.58500e-16
   915.820  9.79400e-16
   924.290  3.74070e-15
   934.990  7.60250e-15
   945.820  1.40270e-14
   954.570  1.95420e-14
   965.620  2.21800e-14
   974.560  4.26540e-15
   985.840  1.92730e-14
   994.970  2.01350e-14
  1004.170  2.87050e-14
  1015.800  2.73500e-14
  1025.200  1.16940e-14
  1034.680  1.93180e-14
  1044.260  3.63880e-14
  1053.920  3.57240e-14
  1066.120  2.84420e-14
  1075.990  3.36480e-14
  1085.950  2.66050e-14
  1095.990  3.50720e-14
  1106.130  3.36480e-14
  1113.800  3.23560e-14
  1124.110  2.91710e-14
  1134.510  3.66400e-14
  1145.010  3.32630e-14
  1155.600  3.52340e-14
  1166.290  3.63040e-14
  1174.380  2.54660e-14
  1185.240  3.49910e-14
  1196.210  2.40410e-14
  1204.500  1.73760e-14
  1215.650  1.11420e-14
  1224.070  2.32250e-14
  1235.400  3.52340e-14
  1243.960  3.88110e-14
  1255.480  3.71500e-14
  1264.180  3.17660e-14
  1275.870  4.10160e-14
  1284.720  4.29490e-14
  1293.620  3.41160e-14
  1305.590  3.34930e-14
  1314.640  4.17790e-14
  1323.760  3.98990e-14
  1336.000  3.53150e-14
  1345.270  4.18750e-14
  1354.590  4.04540e-14
  1363.980  3.61380e-14
  1373.440  3.79280e-14
  1386.140  3.82790e-14
  1395.750  3.34930e-14
  1405.430  3.47500e-14
  1415.170  3.53150e-14
  1424.980  3.61380e-14
  1434.850  3.58060e-14
  1441.480  3.77540e-14
  1448.130  3.83670e-14
  1454.820  3.72360e-14
  1464.900  3.42730e-14
  1475.050  3.41160e-14
  1485.280  3.46700e-14
  1495.570  3.52340e-14
  1505.940  3.33390e-14
  1512.890  2.96450e-14
  1516.380  3.16930e-14
  1523.380  3.06870e-14
  1533.940  2.67270e-14
  1544.570  2.94410e-14
  1555.280  2.77310e-14
  1566.060  2.80520e-14
  1573.290  2.98510e-14
  1584.190  3.12580e-14
  1595.170  3.19120e-14
  1606.230  3.11140e-14
  1613.650  3.11860e-14
  1624.830  2.93740e-14
  1636.090  3.11860e-14
  1643.640  3.16200e-14
  1655.040  2.90370e-14
  1666.510  3.17660e-14
  1670.350  2.82460e-14
  1678.060  3.19120e-14
  1685.810  3.32630e-14
  1693.590  3.11140e-14
  1705.330  2.98510e-14
  1713.200  2.84420e-14
  1725.080  2.82460e-14
  1733.040  3.00580e-14
  1745.050  2.93060e-14
  1753.110  3.12580e-14
  1765.260  2.84420e-14
  1773.400  2.93060e-14
  1785.700  2.97140e-14
  1793.940  3.18390e-14
  1806.380  3.14020e-14
  1814.710  2.91040e-14
  1823.090  2.95770e-14
  1835.730  2.83110e-14
  1844.200  2.59390e-14
  1856.980  2.61790e-14
  1865.550  2.70990e-14
  1874.170  2.91040e-14
  1887.160  2.69130e-14
  1895.870  2.59990e-14
  1904.620  2.72870e-14
  1913.410  2.64220e-14
  1926.670  2.57610e-14
  1935.570  2.59390e-14
  1944.500  2.77310e-14
  1953.480  2.61190e-14
  1967.020  2.85730e-14
  1976.100  2.90370e-14
  1985.220  2.77940e-14
  1994.380  2.70370e-14
  2003.590  2.74760e-14
  2012.830  2.66660e-14
  2026.790  2.74130e-14
  2036.140  2.66050e-14
  2045.540  2.77310e-14
  2054.980  2.64820e-14
  2064.470  2.64220e-14
  2074.000  2.83760e-14
  2078.780  2.91710e-14
  2083.570  3.09000e-14
  2093.190  2.90370e-14
  2102.850  2.88380e-14
  2117.430  2.95770e-14
  2127.200  2.93740e-14
  2137.020  2.71620e-14
  2146.880  2.90370e-14
  2156.790  2.98510e-14
  2166.750  2.82460e-14
  2176.750  2.81160e-14
  2186.790  2.90370e-14
  2196.890  3.00580e-14
  2207.030  2.91040e-14
  2217.220  2.65440e-14
  2227.450  2.65440e-14
  2232.590  2.99200e-14
  2242.890  2.84420e-14
  2253.240  2.58800e-14
  2263.640  2.59390e-14
  2274.090  2.70990e-14
  2284.590  2.95090e-14
  2295.130  2.69830e-14
  2305.730  2.83980e-14
  2316.370  2.62720e-14
  2327.060  2.07820e-14
  2332.430  2.28980e-14
  2343.190  2.07490e-14
  2354.010  2.51310e-14
  2364.870  2.09610e-14
  2375.790  2.26790e-14
  2386.760  1.94010e-14
  2392.260  2.12290e-14
  2403.300  2.05180e-14
  2414.390  2.15450e-14
  2425.540  2.56780e-14
  2436.730  2.50480e-14
  2442.350  2.74720e-14
  2453.620  2.77400e-14
  2464.950  2.62610e-14
  2476.330  2.46340e-14
  2487.760  2.24770e-14
  2493.490  2.24310e-14
  2505.000  2.74840e-14
  2510.780  2.04730e-14
  2516.560  2.00120e-14
  2522.370  1.96520e-14
  2534.010  2.19590e-14
  2545.700  2.21230e-14
  2557.460  2.81880e-14
  2563.350  2.48410e-14
  2575.180  2.80800e-14
  2587.070  2.66450e-14
  2593.030  2.53940e-14
  2605.000  2.36570e-14
  2617.030  2.26560e-14
  2623.060  2.59600e-14
  2635.170  3.30770e-14
  2647.330  4.02490e-14
  2653.430  4.86260e-14
  2665.680  3.60660e-14
  2677.980  3.95670e-14
  2684.160  4.28000e-14
  2696.550  3.54550e-14
  2702.760  4.02530e-14
  2715.240  3.31150e-14
  2727.770  3.00790e-14
  2734.060  3.43860e-14
  2746.680  2.44130e-14
  2753.010  2.81670e-14
  2765.720  3.27320e-14
  2772.090  3.47610e-14
  2784.890  2.65050e-14
  2797.740  1.74810e-14
  2804.190  1.94400e-14
  2817.140  3.25790e-14
  2823.630  4.11200e-14
  2836.660  3.95640e-14
  2843.200  3.33750e-14
  2856.330  2.56840e-14
  2862.910  4.06240e-14
  2876.130  4.80880e-14
  2882.760  4.48910e-14
  2896.060  5.05130e-14
  2909.430  6.36290e-14
  2929.600  5.71510e-14
  2949.900  5.42500e-14
  2970.350  5.68570e-14
  2990.940  5.75660e-14
  3011.670  5.84180e-14
  3032.550  6.08040e-14
  3046.550  6.28340e-14
  3067.670  6.66170e-14
  3088.930  6.62180e-14
  3110.340  7.30080e-14
  3131.900  6.91460e-14
  3153.610  6.92090e-14
  3168.170  7.42050e-14
  3190.130  6.58930e-14
  3212.240  7.21510e-14
  3227.070  6.27360e-14
  3249.440  8.18320e-14
  3271.960  9.31830e-14
  3287.060  9.15400e-14
  3309.850  8.77060e-14
  3325.120  8.45880e-14
  3332.790  8.63870e-14
  3340.470  7.97240e-14
  3348.170  9.72140e-14
  3355.890  9.32970e-14
  3363.630  6.50140e-14
  3371.380  7.31390e-14
  3379.150  9.33880e-14
  3386.940  8.92140e-14
  3394.750  8.68110e-14
  3402.580  1.04160e-13
  3410.420  8.60720e-14
  3418.280  8.10970e-14
  3426.160  9.03960e-14
  3434.060  1.00760e-13
  3441.980  7.91470e-14
  3449.910  8.25240e-14
  3457.860  9.17750e-14
  3465.840  8.23890e-14
  3473.830  9.77270e-14
  3481.830  8.67280e-14
  3489.860  9.46900e-14
  3497.910  8.55950e-14
  3505.970  1.02710e-13
  3514.050  8.84590e-14
  3522.150  1.00670e-13
  3530.270  8.45350e-14
  3538.410  1.02370e-13
  3546.570  1.05030e-13
  3554.740  1.04110e-13
  3562.940  9.74150e-14
  3571.150  8.10540e-14
  3579.380  8.93150e-14
  3587.630  6.91950e-14
  3595.900  9.40210e-14
  3604.190  1.05770e-13
  3612.500  8.11940e-14
  3620.800  8.84680e-14
  3623.540  8.46030e-14
  3626.270  8.92850e-14
  3629.010  1.02290e-13
  3631.740  9.93130e-14
  3634.480  1.00240e-13
  3637.220  1.06190e-13
  3639.950  1.01070e-13
  3642.690  1.05720e-13
  3645.420  9.37620e-14
  3648.160  9.57840e-14
  3650.900  9.89110e-14
  3653.630  1.13780e-13
  3656.370  1.15650e-13
  3659.110  1.23290e-13
  3661.840  1.22890e-13
  3664.580  1.20590e-13
  3667.310  1.19520e-13
  3670.050  1.19670e-13
  3672.790  1.14560e-13
  3675.520  1.08780e-13
  3678.260  1.18280e-13
  3680.990  1.04860e-13
  3683.730  1.01640e-13
  3686.470  1.00980e-13
  3689.200  1.01770e-13
  3691.940  1.05310e-13
  3694.680  1.15620e-13
  3697.410  1.19420e-13
  3700.150  1.19470e-13
  3702.880  1.13230e-13
  3705.620  1.07050e-13
  3708.360  1.02930e-13
  3711.090  1.12270e-13
  3713.830  1.08840e-13
  3716.560  1.15290e-13
  3719.300  1.26570e-13
  3722.040  1.39860e-13
  3724.770  1.59190e-13
  3727.510  1.82670e-13
  3730.250  1.69800e-13
  3732.980  1.32890e-13
  3735.720  1.13650e-13
  3738.450  9.70630e-14
  3741.190  1.07600e-13
  3743.930  9.52200e-14
  3746.660  9.37750e-14
  3749.400  9.28260e-14
  3752.130  9.57980e-14
  3754.870  1.08830e-13
  3757.610  1.11560e-13
  3760.340  1.09080e-13
  3763.080  1.04520e-13
  3765.820  1.04040e-13
  3768.550  1.07640e-13
  3771.290  1.06920e-13
  3774.020  1.18970e-13
  3776.760  1.27870e-13
  3779.500  1.33050e-13
  3782.230  1.38720e-13
  3784.970  1.27620e-13
  3787.700  1.23030e-13
  3790.440  1.14950e-13
  3793.180  1.07160e-13
  3795.910  1.04030e-13
  3798.650  1.03070e-13
  3801.390  1.11110e-13
  3804.120  1.13050e-13
  3806.860  1.22690e-13
  3809.590  1.19860e-13
  3812.330  1.15130e-13
  3815.070  1.14110e-13
  3817.800  1.01030e-13
  3820.540  9.50690e-14
  3823.270  9.22350e-14
  3826.010  8.97240e-14
  3828.750  8.39740e-14
  3831.480  7.49150e-14
  3834.220  7.54040e-14
  3836.960  7.97270e-14
  3839.690  8.20670e-14
  3842.430  9.66980e-14
  3845.160  1.03790e-13
  3847.900  1.08000e-13
  3850.640  1.10810e-13
  3853.370  1.10370e-13
  3856.110  1.07320e-13
  3858.840  1.05030e-13
  3861.580  1.11440e-13
  3864.320  1.18460e-13
  3867.050  1.18670e-13
  3869.790  1.16830e-13
  3872.530  1.13310e-13
  3875.260  1.08920e-13
  3878.000  1.06770e-13
  3880.730  1.07730e-13
  3883.470  1.05010e-13
  3886.210  1.06490e-13
  3888.940  1.08250e-13
  3891.680  1.14210e-13
  3894.410  1.19910e-13
  3897.150  1.21990e-13
  3899.890  1.26830e-13
  3902.620  1.27660e-13
  3905.360  1.30350e-13
  3908.100  1.36090e-13
  3910.830  1.37840e-13
  3913.570  1.41590e-13
  3916.300  1.38620e-13
  3919.040  1.31870e-13
  3921.780  1.21400e-13
  3924.510  1.13500e-13
  3927.250  9.81830e-14
  3929.980  8.19060e-14
  3932.720  7.52500e-14
  3935.460  7.21270e-14
  3938.190  8.03270e-14
  3940.930  9.37420e-14
  3943.670  1.10970e-13
  3946.400  1.20830e-13
  3949.140  1.32900e-13
  3951.870  1.36540e-13
  3954.610  1.38620e-13
  3957.350  1.28110e-13
  3960.080  1.21140e-13
  3962.820  1.02220e-13
  3965.550  8.00760e-14
  3968.290  7.24390e-14
  3971.030  7.67740e-14
  3973.760  9.11220e-14
  3976.500  1.13570e-13
  3979.240  1.33210e-13
  3981.970  1.44400e-13
  3984.710  1.54070e-13
  3987.440  1.58400e-13
  3990.180  1.64020e-13
  3992.920  1.65890e-13
  3995.650  1.69930e-13
  3998.390  1.71770e-13
  4001.120  1.74240e-13
  4003.860  1.73890e-13
  4006.600  1.76720e-13
  4009.330  1.77920e-13
  4012.070  1.83590e-13
  4014.810  1.88530e-13
  4017.540  1.89510e-13
  4020.280  1.88650e-13
  4023.010  1.86510e-13
  4025.750  1.88230e-13
  4028.490  1.84990e-13
  4031.220  1.76270e-13
  4033.960  1.73430e-13
  4036.690  1.79170e-13
  4039.430  1.80740e-13
  4042.170  1.80210e-13
  4044.900  1.76260e-13
  4047.640  1.76220e-13
  4050.380  1.77550e-13
  4053.110  1.79520e-13
  4055.850  1.78880e-13
  4058.580  1.72710e-13
  4061.320  1.71390e-13
  4064.060  1.69840e-13
  4066.790  1.71930e-13
  4069.530  1.75870e-13
  4072.260  1.75770e-13
  4075.000  1.73640e-13
  4077.740  1.73120e-13
  4080.470  1.77010e-13
  4083.210  1.81690e-13
  4085.950  1.87940e-13
  4088.680  1.92970e-13
  4091.420  1.91570e-13
  4094.150  1.83230e-13
  4096.890  1.74430e-13
  4099.630  1.64670e-13
  4102.360  1.63280e-13
  4105.100  1.67080e-13
  4107.830  1.71710e-13
  4110.570  1.79050e-13
  4113.310  1.85430e-13
  4116.040  1.83930e-13
  4118.780  1.85100e-13
  4121.520  1.85690e-13
  4124.250  1.83760e-13
  4126.990  1.84070e-13
  4129.720  1.79170e-13
  4132.460  1.77470e-13
  4135.200  1.81080e-13
  4137.930  1.84040e-13
  4140.670  1.83930e-13
  4143.400  1.80710e-13
  4146.140  1.79840e-13
  4148.880  1.75950e-13
  4151.610  1.77700e-13
  4154.350  1.80460e-13
  4157.090  1.79670e-13
  4159.820  1.79970e-13
  4162.560  1.84150e-13
  4165.290  1.84770e-13
  4168.030  1.78910e-13
  4170.770  1.74310e-13
  4173.500  1.68660e-13
  4176.240  1.70610e-13
  4178.970  1.74190e-13
  4181.710  1.73190e-13
  4184.450  1.79060e-13
  4187.180  1.81440e-13
  4189.920  1.78230e-13
  4192.660  1.80560e-13
  4195.390  1.79250e-13
  4198.130  1.75000e-13
  4200.860  1.70680e-13
  4203.600  1.77860e-13
  4206.340  1.84010e-13
  4209.070  1.90590e-13
  4211.810  1.90070e-13
  4214.540  1.89290e-13
  4217.280  1.90010e-13
  4220.020  1.86500e-13
  4222.750  1.80570e-13
  4225.490  1.71130e-13
  4228.230  1.67090e-13
  4230.960  1.75160e-13
  4233.700  1.82040e-13
  4236.430  1.87890e-13
  4239.170  1.90360e-13
  4241.910  1.91410e-13
  4244.640  1.94750e-13
  4247.380  1.90820e-13
  4250.110  1.86460e-13
  4252.850  1.85200e-13
  4255.590  1.89280e-13
  4258.320  1.88020e-13
  4261.060  1.90220e-13
  4263.800  1.91950e-13
  4266.530  1.93790e-13
  4269.270  1.86180e-13
  4272.000  1.77960e-13
  4274.740  1.80130e-13
  4277.480  1.83950e-13
  4280.210  1.87550e-13
  4282.950  1.88490e-13
  4285.680  1.84530e-13
  4288.420  1.77450e-13
  4291.160  1.73130e-13
  4293.890  1.73570e-13
  4296.630  1.66500e-13
  4299.370  1.57020e-13
  4302.100  1.48880e-13
  4304.840  1.43090e-13
  4307.570  1.42120e-13
  4310.310  1.53480e-13
  4313.050  1.68780e-13
  4315.780  1.87420e-13
  4318.520  2.03580e-13
  4321.250  2.01010e-13
  4323.990  1.94000e-13
  4326.730  1.87230e-13
  4329.460  1.96700e-13
  4332.200  2.04330e-13
  4334.940  2.08760e-13
  4337.670  1.95130e-13
  4340.410  1.88550e-13
  4343.140  1.90550e-13
  4345.880  1.97700e-13
  4348.620  2.00870e-13
  4351.350  2.06640e-13
  4354.090  2.03780e-13
  4356.820  2.09990e-13
  4359.560  2.15600e-13
  4362.300  2.21460e-13
  4365.030  2.23080e-13
  4367.770  2.22050e-13
  4370.510  2.16480e-13
  4373.240  2.11320e-13
  4375.980  2.06880e-13
  4378.710  2.06970e-13
  4381.450  1.94030e-13
  4384.190  1.88880e-13
  4386.920  1.90570e-13
  4389.660  1.94800e-13
  4392.390  2.01870e-13
  4395.130  2.08560e-13
  4397.870  2.06790e-13
  4400.600  2.05700e-13
  4403.340  2.03910e-13
  4406.080  2.02450e-13
  4408.810  2.05410e-13
  4411.550  2.10250e-13
  4414.280  2.12400e-13
  4417.020  2.19650e-13
  4419.760  2.18580e-13
  4422.490  2.20850e-13
  4425.230  2.20730e-13
  4427.960  2.20020e-13
  4430.700  2.18770e-13
  4433.440  2.18640e-13
  4436.170  2.22960e-13
  4438.910  2.21290e-13
  4441.650  2.27870e-13
  4444.380  2.29340e-13
  4447.120  2.30860e-13
  4449.850  2.33220e-13
  4452.590  2.32150e-13
  4455.330  2.17630e-13
  4458.060  2.11520e-13
  4460.800  2.13110e-13
  4463.530  2.15620e-13
  4466.270  2.21100e-13
  4469.010  2.26100e-13
  4471.740  2.30560e-13
  4474.480  2.41280e-13
  4477.220  2.42800e-13
  4479.950  2.41880e-13
  4482.690  2.38820e-13
  4485.420  2.38670e-13
  4488.160  2.41920e-13
  4490.900  2.38200e-13
  4493.630  2.35500e-13
  4496.370  2.36740e-13
  4499.100  2.42360e-13
  4501.840  2.48310e-13
  4504.580  2.56230e-13
  4507.310  2.59660e-13
  4510.050  2.56510e-13
  4512.790  2.53360e-13
  4515.520  2.49250e-13
  4518.260  2.47840e-13
  4520.990  2.45340e-13
  4523.730  2.36870e-13
  4526.470  2.32800e-13
  4529.200  2.23740e-13
  4531.940  2.21550e-13
  4534.670  2.26480e-13
  4537.410  2.34130e-13
  4540.150  2.37530e-13
  4542.880  2.39180e-13
  4545.620  2.38020e-13
  4548.360  2.38930e-13
  4551.090  2.39750e-13
  4553.830  2.41210e-13
  4556.560  2.46340e-13
  4559.300  2.52500e-13
  4562.040  2.53970e-13
  4564.770  2.53620e-13
  4567.510  2.54800e-13
  4570.240  2.52030e-13
  4572.980  2.52020e-13
  4575.720  2.51560e-13
  4578.450  2.46870e-13
  4581.190  2.45730e-13
  4583.930  2.43020e-13
  4586.660  2.47930e-13
  4589.400  2.49060e-13
  4592.130  2.47200e-13
  4594.870  2.44440e-13
  4597.610  2.44300e-13
  4600.340  2.46000e-13
  4603.080  2.47510e-13
  4605.810  2.51400e-13
  4608.550  2.57240e-13
  4611.290  2.60190e-13
  4614.020  2.61940e-13
  4616.760  2.61690e-13
  4619.500  2.60650e-13
  4622.230  2.60840e-13
  4624.970  2.61430e-13
  4627.700  2.63170e-13
  4630.440  2.63340e-13
  4633.180  2.58380e-13
  4635.910  2.52200e-13
  4638.650  2.48430e-13
  4641.380  2.45520e-13
  4644.120  2.42560e-13
  4646.860  2.39190e-13
  4649.590  2.41150e-13
  4652.330  2.41240e-13
  4655.070  2.45980e-13
  4657.800  2.49610e-13
  4660.540  2.47730e-13
  4663.270  2.47990e-13
  4666.010  2.41040e-13
  4668.750  2.33980e-13
  4671.480  2.36530e-13
  4674.220  2.40450e-13
  4676.950  2.43030e-13
  4679.690  2.43920e-13
  4682.430  2.44600e-13
  4685.160  2.45780e-13
  4687.900  2.45260e-13
  4690.640  2.44550e-13
  4693.370  2.44280e-13
  4696.110  2.42130e-13
  4698.840  2.40270e-13
  4701.580  2.36560e-13
  4704.320  2.35010e-13
  4707.050  2.37630e-13
  4709.790  2.40260e-13
  4712.520  2.42960e-13
  4715.260  2.47310e-13
  4718.000  2.52280e-13
  4720.730  2.56390e-13
  4723.470  2.56250e-13
  4726.210  2.52070e-13
  4728.940  2.47060e-13
  4731.680  2.43420e-13
  4734.410  2.44450e-13
  4737.150  2.47140e-13
  4739.890  2.52390e-13
  4742.620  2.56580e-13
  4745.360  2.57410e-13
  4748.090  2.58250e-13
  4750.830  2.58440e-13
  4753.570  2.57840e-13
  4756.300  2.55460e-13
  4759.040  2.52080e-13
  4761.780  2.47330e-13
  4764.510  2.45490e-13
  4767.250  2.47110e-13
  4769.980  2.48640e-13
  4772.720  2.55250e-13
  4775.460  2.59910e-13
  4778.190  2.61820e-13
  4780.930  2.60930e-13
  4783.660  2.56500e-13
  4786.400  2.55790e-13
  4789.140  2.54250e-13
  4791.870  2.58230e-13
  4794.610  2.62810e-13
  4797.350  2.61060e-13
  4800.080  2.64180e-13
  4802.820  2.66060e-13
  4805.550  2.64580e-13
  4808.290  2.63890e-13
  4811.030  2.65300e-13
  4813.760  2.67160e-13
  4816.500  2.68300e-13
  4819.230  2.72380e-13
  4821.970  2.71870e-13
  4824.710  2.65470e-13
  4827.440  2.63180e-13
  4830.180  2.64070e-13
  4832.920  2.62490e-13
  4835.650  2.59770e-13
  4838.390  2.58930e-13
  4841.120  2.59190e-13
  4843.860  2.57500e-13
  4846.600  2.55370e-13
  4849.330  2.53720e-13
  4852.070  2.50920e-13
  4854.800  2.48890e-13
  4857.540  2.43040e-13
  4860.280  2.37860e-13
  4863.010  2.35100e-13
  4865.750  2.33010e-13
  4868.490  2.35070e-13
  4871.220  2.35940e-13
  4873.960  2.39030e-13
  4876.690  2.42560e-13
  4879.430  2.48370e-13
  4882.170  2.51740e-13
  4884.900  2.48510e-13
  4887.640  2.46410e-13
  4890.370  2.46130e-13
  4893.110  2.50980e-13
  4895.850  2.58490e-13
  4898.580  2.63720e-13
  4901.320  2.64520e-13
  4904.060  2.62850e-13
  4906.790  2.60770e-13
  4909.530  2.58950e-13
  4912.260  2.58660e-13
  4915.000  2.55620e-13
  4917.740  2.45450e-13
  4920.470  2.39650e-13
  4923.210  2.43480e-13
  4925.940  2.51020e-13
  4928.680  2.58060e-13
  4931.420  2.62310e-13
  4934.150  2.60720e-13
  4936.890  2.56600e-13
  4939.630  2.55710e-13
  4942.360  2.60790e-13
  4945.100  2.66840e-13
  4947.830  2.71110e-13
  4950.570  2.71680e-13
  4953.310  2.68710e-13
  4956.040  2.65700e-13
  4958.780  2.63160e-13
  4961.510  2.63660e-13
  4964.250  2.63230e-13
  4966.990  2.57740e-13
  4969.720  2.58350e-13
  4972.460  2.58590e-13
  4975.200  2.56580e-13
  4977.930  2.53180e-13
  4980.670  2.47480e-13
  4983.400  2.41570e-13
  4986.140  2.44230e-13
  4988.880  2.49760e-13
  4991.610  2.51930e-13
  4994.350  2.54580e-13
  4997.080  2.55860e-13
  4999.820  2.57510e-13
  5002.560  2.58130e-13
  5005.290  2.59930e-13
  5008.030  2.59700e-13
  5010.770  2.53090e-13
  5013.500  2.46300e-13
  5016.240  2.36920e-13
  5018.970  2.36900e-13
  5021.710  2.39020e-13
  5024.450  2.41290e-13
  5027.180  2.43190e-13
  5029.920  2.47150e-13
  5032.650  2.50490e-13
  5035.390  2.47500e-13
  5038.130  2.43600e-13
  5040.860  2.39160e-13
  5043.600  2.41660e-13
  5046.340  2.46270e-13
  5049.070  2.51760e-13
  5051.810  2.52610e-13
  5054.540  2.53980e-13
  5057.280  2.57760e-13
  5060.020  2.58620e-13
  5062.750  2.58270e-13
  5065.490  2.55300e-13
  5068.220  2.51460e-13
  5070.960  2.48220e-13
  5073.700  2.45210e-13
  5076.430  2.44100e-13
  5079.170  2.40460e-13
  5081.910  2.36460e-13
  5084.640  2.39400e-13
  5087.380  2.46080e-13
  5090.110  2.51040e-13
  5092.850  2.51440e-13
  5095.590  2.49210e-13
  5098.320  2.49000e-13
  5101.060  2.44840e-13
  5103.790  2.40900e-13
  5106.530  2.43410e-13
  5109.270  2.41530e-13
  5112.000  2.45160e-13
  5114.740  2.48210e-13
  5117.480  2.51220e-13
  5120.210  2.48110e-13
  5122.950  2.40790e-13
  5125.680  2.37290e-13
  5128.420  2.37290e-13
  5131.160  2.36900e-13
  5133.890  2.40600e-13
  5136.630  2.37690e-13
  5139.360  2.41050e-13
  5142.100  2.34340e-13
  5144.840  2.31090e-13
  5147.570  2.32350e-13
  5150.310  2.32160e-13
  5153.050  2.36290e-13
  5155.780  2.40580e-13
  5158.520  2.41960e-13
  5161.250  2.38450e-13
  5163.990  2.25650e-13
  5166.730  2.12720e-13
  5169.460  1.99850e-13
  5172.200  1.94350e-13
  5174.930  2.00480e-13
  5177.670  2.09620e-13
  5180.410  2.11020e-13
  5183.140  2.10890e-13
  5185.880  2.11360e-13
  5188.620  2.17710e-13
  5191.350  2.30520e-13
  5194.090  2.37630e-13
  5196.820  2.42010e-13
  5199.560  2.42070e-13
  5202.300  2.43580e-13
  5205.030  2.37050e-13
  5207.770  2.30490e-13
  5210.500  2.31920e-13
  5213.240  2.36270e-13
  5215.980  2.44120e-13
  5218.710  2.46510e-13
  5221.450  2.46910e-13
  5224.190  2.44420e-13
  5226.920  2.42960e-13
  5229.660  2.44540e-13
  5232.390  2.46960e-13
  5235.130  2.51070e-13
  5237.870  2.58180e-13
  5240.600  2.60810e-13
  5243.340  2.61750e-13
  5246.070  2.59110e-13
  5248.810  2.54000e-13
  5251.550  2.51960e-13
  5254.280  2.53640e-13
  5257.020  2.53590e-13
  5259.760  2.50930e-13
  5262.490  2.43390e-13
  5265.230  2.29440e-13
  5267.960  2.25250e-13
  5270.700  2.29390e-13
  5273.440  2.36940e-13
  5276.170  2.50480e-13
  5278.910  2.56880e-13
  5281.640  2.63490e-13
  5284.380  2.67460e-13
  5287.120  2.70970e-13
  5289.850  2.77300e-13
  5292.590  2.74610e-13
  5295.330  2.71930e-13
  5298.060  2.69890e-13
  5300.800  2.68750e-13
  5303.530  2.70960e-13
  5306.270  2.77240e-13
  5309.010  2.83430e-13
  5311.740  2.85790e-13
  5314.480  2.83100e-13
  5317.220  2.79910e-13
  5319.950  2.73720e-13
  5322.690  2.69680e-13
  5325.420  2.61380e-13
  5328.160  2.56590e-13
  5330.900  2.57290e-13
  5333.630  2.65020e-13
  5336.370  2.69920e-13
  5339.100  2.69950e-13
  5341.840  2.67450e-13
  5344.580  2.67340e-13
  5347.310  2.71160e-13
  5350.050  2.75330e-13
  5352.790  2.81160e-13
  5355.520  2.87610e-13
  5358.260  2.88740e-13
  5360.990  2.85040e-13
  5363.730  2.80810e-13
  5366.470  2.74440e-13
  5369.200  2.68740e-13
  5371.940  2.65490e-13
  5374.670  2.67940e-13
  5377.410  2.73590e-13
  5380.150  2.77400e-13
  5382.880  2.77330e-13
  5385.620  2.76030e-13
  5388.360  2.72440e-13
  5391.090  2.68890e-13
  5393.830  2.62760e-13
  5396.560  2.60400e-13
  5399.300  2.56600e-13
  5402.040  2.54720e-13
  5404.770  2.55610e-13
  5407.510  2.54820e-13
  5410.240  2.58980e-13
  5412.980  2.65280e-13
  5415.720  2.69500e-13
  5418.450  2.70530e-13
  5421.190  2.72500e-13
  5423.930  2.71680e-13
  5426.660  2.68920e-13
  5429.400  2.68710e-13
  5432.130  2.66210e-13
  5434.870  2.65990e-13
  5437.610  2.70490e-13
  5440.340  2.74500e-13
  5443.080  2.76330e-13
  5445.810  2.72600e-13
  5448.550  2.70340e-13
  5451.290  2.69150e-13
  5454.020  2.69180e-13
  5456.760  2.65800e-13
  5459.500  2.66350e-13
  5462.230  2.68160e-13
  5464.970  2.69790e-13
  5467.700  2.71350e-13
  5470.440  2.69870e-13
  5473.180  2.66600e-13
  5475.910  2.63470e-13
  5478.650  2.62560e-13
  5481.380  2.64780e-13
  5484.120  2.65950e-13
  5486.860  2.68160e-13
  5489.590  2.71840e-13
  5492.330  2.72430e-13
  5495.070  2.71000e-13
  5497.800  2.72300e-13
  5500.540  2.72740e-13
  5503.270  2.69440e-13
  5506.010  2.66990e-13
  5508.750  2.66290e-13
  5511.480  2.65160e-13
  5514.220  2.67040e-13
  5516.950  2.69810e-13
  5519.690  2.70980e-13
  5522.430  2.72480e-13
  5525.160  2.69690e-13
  5527.900  2.64300e-13
  5530.640  2.69180e-13
  5533.370  2.68390e-13
  5536.110  2.71240e-13
  5538.840  2.71180e-13
  5541.580  2.79400e-13
  5544.320  2.74850e-13
  5547.050  2.80530e-13
  5549.790  2.73880e-13
  5552.520  2.77440e-13
  5555.260  2.75250e-13
  5558.000  2.76360e-13
  5560.730  2.70260e-13
  5563.470  2.71990e-13
  5566.210  2.71840e-13
  5568.940  2.72450e-13
  5571.680  2.64680e-13
  5574.410  2.68900e-13
  5577.150  2.68980e-13
  5579.890  2.69530e-13
  5582.620  2.68780e-13
  5585.360  2.64580e-13
  5588.090  2.62000e-13
  5590.830  2.61370e-13
  5593.570  2.63430e-13
  5596.300  2.65500e-13
  5599.040  2.65990e-13
  5601.780  2.63960e-13
  5604.510  2.67790e-13
  5607.250  2.74510e-13
  5609.980  2.75630e-13
  5612.720  2.74950e-13
  5615.460  2.71630e-13
  5618.190  2.66830e-13
  5620.930  2.66770e-13
  5623.660  2.67370e-13
  5626.400  2.69360e-13
  5629.140  2.73140e-13
  5631.870  2.75370e-13
  5634.610  2.73210e-13
  5637.350  2.72200e-13
  5640.080  2.69990e-13
  5642.820  2.71600e-13
  5645.550  2.74170e-13
  5648.290  2.75330e-13
  5651.030  2.72410e-13
  5653.760  2.73010e-13
  5656.500  2.70640e-13
  5659.230  2.64430e-13
  5661.970  2.64430e-13
  5664.710  2.66590e-13
  5667.440  2.71120e-13
  5670.180  2.74530e-13
  5672.920  2.78390e-13
  5675.650  2.81950e-13
  5678.390  2.79230e-13
  5681.120  2.78220e-13
  5683.860  2.75560e-13
  5686.600  2.75770e-13
  5689.330  2.72580e-13
  5692.070  2.75890e-13
  5694.800  2.77610e-13
  5697.540  2.79520e-13
  5700.280  2.75700e-13
  5703.010  2.68010e-13
  5705.750  2.66450e-13
  5708.490  2.64690e-13
  5711.220  2.66590e-13
  5713.960  2.70900e-13
  5716.690  2.73790e-13
  5719.430  2.82440e-13
  5722.170  2.84320e-13
  5724.900  2.85470e-13
  5727.640  2.83980e-13
  5730.370  2.84270e-13
  5733.110  2.82590e-13
  5735.850  2.83010e-13
  5738.580  2.85430e-13
  5741.320  2.84690e-13
  5744.060  2.84190e-13
  5746.790  2.83860e-13
  5749.530  2.81640e-13
  5752.260  2.78120e-13
  5755.000  2.79380e-13
  5757.740  2.77870e-13
  5760.470  2.79020e-13
  5763.210  2.78830e-13
  5765.940  2.81630e-13
  5768.680  2.83080e-13
  5771.420  2.83190e-13
  5774.150  2.80970e-13
  5776.890  2.78980e-13
  5779.630  2.74960e-13
  5782.360  2.70870e-13
  5785.100  2.68240e-13
  5787.830  2.70620e-13
  5790.570  2.74790e-13
  5793.310  2.80510e-13
  5796.040  2.82020e-13
  5798.780  2.85910e-13
  5801.510  2.89300e-13
  5804.250  2.86600e-13
  5806.990  2.82110e-13
  5809.720  2.86040e-13
  5812.460  2.84490e-13
  5815.200  2.85340e-13
  5817.930  2.84800e-13
  5820.670  2.85640e-13
  5823.400  2.90170e-13
  5826.140  2.88580e-13
  5828.880  2.88440e-13
  5831.610  2.92880e-13
  5834.350  2.88970e-13
  5837.080  2.88330e-13
  5839.820  2.89710e-13
  5842.560  2.93380e-13
  5845.290  2.89580e-13
  5848.030  2.86850e-13
  5850.770  2.81430e-13
  5853.500  2.73150e-13
  5856.240  2.73210e-13
  5858.970  2.69750e-13
  5861.710  2.69290e-13
  5864.450  2.65450e-13
  5867.180  2.66300e-13
  5869.920  2.73230e-13
  5872.650  2.75610e-13
  5875.390  2.78130e-13
  5878.130  2.78920e-13
  5880.860  2.69830e-13
  5883.600  2.66210e-13
  5886.340  2.57950e-13
  5889.070  2.47350e-13
  5891.810  2.38110e-13
  5894.540  2.37140e-13
  5897.280  2.44710e-13
  5900.020  2.55530e-13
  5902.750  2.64350e-13
  5905.490  2.67930e-13
  5908.220  2.70770e-13
  5910.960  2.74170e-13
  5913.700  2.73460e-13
  5916.430  2.74010e-13
  5919.170  2.74580e-13
  5921.910  2.73220e-13
  5924.640  2.74430e-13
  5927.380  2.75020e-13
  5930.110  2.72030e-13
  5932.850  2.72540e-13
  5935.590  2.74020e-13
  5938.320  2.76660e-13
  5941.060  2.78720e-13
  5943.790  2.77490e-13
  5946.530  2.73720e-13
  5949.270  2.73370e-13
  5952.000  2.71240e-13
  5954.740  2.70750e-13
  5957.480  2.71930e-13
  5960.210  2.74440e-13
  5962.950  2.78210e-13
  5965.680  2.81330e-13
  5968.420  2.83320e-13
  5971.160  2.82500e-13
  5973.890  2.81470e-13
  5976.630  2.77620e-13
  5979.360  2.74330e-13
  5982.100  2.73250e-13
  5984.840  2.72570e-13
  5987.570  2.72820e-13
  5990.310  2.74350e-13
  5993.050  2.74190e-13
  5995.780  2.74890e-13
  5998.520  2.74730e-13
  6001.250  2.73680e-13
  6003.990  2.70920e-13
  6006.730  2.69270e-13
  6009.460  2.68230e-13
  6012.200  2.69620e-13
  6014.930  2.69230e-13
  6017.670  2.67090e-13
  6020.410  2.68170e-13
  6023.140  2.72090e-13
  6025.880  2.74210e-13
  6028.620  2.75010e-13
  6031.350  2.78860e-13
  6034.090  2.82110e-13
  6036.820  2.80820e-13
  6039.560  2.80170e-13
  6042.300  2.80450e-13
  6045.030  2.80890e-13
  6047.770  2.81710e-13
  6050.500  2.81780e-13
  6053.240  2.81150e-13
  6055.980  2.79290e-13
  6058.710  2.77540e-13
  6061.450  2.76060e-13
  6064.190  2.76400e-13
  6066.920  2.78790e-13
  6069.660  2.82270e-13
  6072.390  2.83980e-13
  6075.130  2.83580e-13
  6077.870  2.80520e-13
  6080.600  2.79160e-13
  6083.340  2.73060e-13
  6086.070  2.75600e-13
  6088.810  2.73230e-13
  6091.550  2.74210e-13
  6094.280  2.75250e-13
  6097.020  2.75110e-13
  6099.760  2.75810e-13
  6102.490  2.71300e-13
  6105.230  2.74530e-13
  6107.960  2.74830e-13
  6110.700  2.72510e-13
  6113.440  2.76430e-13
  6116.170  2.73680e-13
  6118.910  2.72120e-13
  6121.640  2.71360e-13
  6124.380  2.71740e-13
  6127.120  2.73640e-13
  6129.850  2.74160e-13
  6132.590  2.71000e-13
  6135.330  2.68940e-13
  6138.060  2.70170e-13
  6140.800  2.68890e-13
  6143.530  2.71800e-13
  6146.270  2.71470e-13
  6149.010  2.75440e-13
  6151.740  2.70230e-13
  6154.480  2.68110e-13
  6157.210  2.63580e-13
  6159.950  2.55510e-13
  6162.690  2.51490e-13
  6165.420  2.52660e-13
  6168.160  2.53100e-13
  6170.900  2.56340e-13
  6173.630  2.59630e-13
  6176.370  2.62870e-13
  6179.100  2.64560e-13
  6181.840  2.63600e-13
  6184.580  2.65180e-13
  6187.310  2.62820e-13
  6190.050  2.62300e-13
  6192.780  2.61990e-13
  6195.520  2.62440e-13
  6198.260  2.63260e-13
  6200.990  2.70270e-13
  6203.730  2.70920e-13
  6206.470  2.69650e-13
  6209.200  2.61900e-13
  6211.940  2.60240e-13
  6214.670  2.56400e-13
  6217.410  2.55110e-13
  6220.150  2.58280e-13
  6222.880  2.60370e-13
  6225.620  2.61030e-13
  6228.350  2.58850e-13
  6231.090  2.53890e-13
  6233.830  2.54850e-13
  6236.560  2.56080e-13
  6239.300  2.52690e-13
  6242.040  2.52040e-13
  6244.770  2.52520e-13
  6247.510  2.55710e-13
  6250.240  2.47060e-13
  6252.980  2.50700e-13
  6255.720  2.53590e-13
  6258.450  2.52980e-13
  6261.190  2.49290e-13
  6263.920  2.57830e-13
  6266.660  2.60450e-13
  6269.400  2.60170e-13
  6272.130  2.66120e-13
  6274.870  2.60430e-13
  6277.610  2.60670e-13
  6280.340  2.58620e-13
  6283.080  2.58770e-13
  6285.810  2.66510e-13
  6288.550  2.71020e-13
  6291.290  2.70230e-13
  6294.020  2.72710e-13
  6296.760  2.71710e-13
  6299.490  2.73000e-13
  6302.230  2.70710e-13
  6304.970  2.66480e-13
  6307.700  2.67600e-13
  6310.440  2.69880e-13
  6313.180  2.66290e-13
  6315.910  2.70740e-13
  6318.650  2.57020e-13
  6321.380  2.65170e-13
  6324.120  2.61960e-13
  6326.860  2.68370e-13
  6329.590  2.72180e-13
  6332.330  2.70120e-13
  6335.060  2.67530e-13
  6337.800  2.66150e-13
  6340.540  2.65560e-13
  6343.270  2.69170e-13
  6346.010  2.68600e-13
  6348.750  2.68600e-13
  6351.480  2.69510e-13
  6354.220  2.75150e-13
  6356.950  2.64880e-13
  6359.690  2.61320e-13
  6362.430  2.61290e-13
  6365.160  2.63510e-13
  6367.900  2.69460e-13
  6370.630  2.73470e-13
  6373.370  2.74640e-13
  6376.110  2.76430e-13
  6378.840  2.74340e-13
  6381.580  2.73520e-13
  6384.320  2.75090e-13
  6387.050  2.76560e-13
  6389.790  2.74890e-13
  6392.520  2.72480e-13
  6395.260  2.70430e-13
  6398.000  2.67180e-13
  6400.730  2.65730e-13
  6403.470  2.72270e-13
  6406.200  2.73650e-13
  6408.940  2.72410e-13
  6411.680  2.67510e-13
  6414.410  2.67550e-13
  6417.150  2.69280e-13
  6419.890  2.66410e-13
  6422.620  2.72840e-13
  6425.360  2.72930e-13
  6428.090  2.74280e-13
  6430.830  2.75960e-13
  6433.570  2.71900e-13
  6436.300  2.70650e-13
  6439.040  2.72590e-13
  6441.770  2.74580e-13
  6444.510  2.71930e-13
  6447.250  2.73480e-13
  6449.980  2.71240e-13
  6452.720  2.68170e-13
  6455.460  2.72410e-13
  6458.190  2.76500e-13
  6460.930  2.77080e-13
  6463.660  2.79880e-13
  6466.400  2.76440e-13
  6469.140  2.75740e-13
  6471.870  2.76950e-13
  6474.610  2.79650e-13
  6477.340  2.76480e-13
  6480.080  2.78660e-13
  6482.820  2.74490e-13
  6485.550  2.73520e-13
  6488.290  2.72950e-13
  6491.030  2.67280e-13
  6493.760  2.59960e-13
  6496.500  2.58890e-13
  6499.230  2.60910e-13
  6501.970  2.61500e-13
  6504.710  2.66170e-13
  6507.440  2.74870e-13
  6510.180  2.77560e-13
  6512.910  2.77610e-13
  6515.650  2.77660e-13
  6518.390  2.80100e-13
  6521.120  2.78500e-13
  6523.860  2.75320e-13
  6526.600  2.75690e-13
  6529.330  2.79290e-13
  6532.070  2.77180e-13
  6534.800  2.77430e-13
  6537.540  2.82620e-13
  6540.280  2.90930e-13
  6543.010  2.95470e-13
  6545.750  2.99270e-13
  6548.480  2.97600e-13
  6551.220  2.95600e-13
  6553.960  2.91510e-13
  6556.690  2.93880e-13
  6559.430  3.03110e-13
  6562.170  3.15200e-13
  6564.900  3.12620e-13
  6567.640  2.93930e-13
  6570.370  2.86220e-13
  6573.110  2.81110e-13
  6575.850  2.92780e-13
  6578.580  3.10160e-13
  6581.320  3.41690e-13
  6584.050  3.50260e-13
  6586.790  3.41800e-13
  6589.530  3.13470e-13
  6592.260  2.94250e-13
  6595.000  2.79350e-13
  6597.740  2.74090e-13
  6600.470  2.73550e-13
  6603.210  2.73560e-13
  6605.940  2.68670e-13
  6608.680  2.69910e-13
  6611.420  2.71790e-13
  6614.150  2.72590e-13
  6616.890  2.75960e-13
  6619.620  2.76730e-13
  6622.360  2.75640e-13
  6625.100  2.72830e-13
  6627.830  2.73290e-13
  6630.570  2.69380e-13
  6633.310  2.65620e-13
  6636.040  2.66010e-13
  6638.780  2.65500e-13
  6641.510  2.71260e-13
  6644.250  2.70220e-13
  6646.990  2.69910e-13
  6649.720  2.68300e-13
  6652.460  2.65250e-13
  6655.190  2.67230e-13
  6657.930  2.71270e-13
  6660.670  2.65670e-13
  6663.400  2.65160e-13
  6666.140  2.66190e-13
  6668.880  2.65220e-13
  6671.610  2.64210e-13
  6674.350  2.64600e-13
  6677.080  2.64580e-13
  6679.820  2.64450e-13
  6682.560  2.65830e-13
  6685.290  2.66740e-13
  6688.030  2.65320e-13
  6690.760  2.66540e-13
  6693.500  2.66840e-13
  6696.240  2.67240e-13
  6698.970  2.67960e-13
  6701.710  2.66350e-13
  6704.450  2.65230e-13
  6707.180  2.68500e-13
  6709.920  2.75730e-13
  6712.650  2.83430e-13
  6715.390  2.87490e-13
  6718.130  2.86800e-13
  6720.860  2.84090e-13
  6723.600  2.80330e-13
  6726.330  2.82020e-13
  6729.070  2.84840e-13
  6731.810  2.84650e-13
  6734.540  2.76840e-13
  6737.280  2.69930e-13
  6740.020  2.66130e-13
  6742.750  2.62340e-13
  6745.490  2.58370e-13
  6748.220  2.59040e-13
  6750.960  2.57190e-13
  6753.700  2.54870e-13
  6756.430  2.56670e-13
  6759.170  2.59630e-13
  6761.900  2.60600e-13
  6764.640  2.61210e-13
  6767.380  2.58610e-13
  6770.110  2.57940e-13
  6772.850  2.60530e-13
  6775.590  2.60060e-13
  6778.320  2.62040e-13
  6781.060  2.62540e-13
  6783.790  2.56440e-13
  6786.530  2.54130e-13
  6789.270  2.56500e-13
  6792.000  2.67990e-13
  6794.740  2.62890e-13
  6804.690  2.63650e-13
  6820.370  2.63630e-13
  6836.090  2.64820e-13
  6851.850  2.64190e-13
  6867.650  2.53450e-13
  6883.480  2.59920e-13
  6899.350  2.62910e-13
  6915.250  2.62280e-13
  6931.190  2.64080e-13
  6947.170  2.68970e-13
  6963.190  2.67710e-13
  6979.240  2.72030e-13
  6995.320  2.67660e-13
  7011.450  2.61550e-13
  7027.620  2.71960e-13
  7043.810  2.68210e-13
  7060.050  2.65110e-13
  7076.330  2.56090e-13
  7092.640  2.51980e-13
  7108.990  2.53120e-13
  7125.380  2.53090e-13
  7141.800  2.49600e-13
  7158.270  2.51310e-13
  7174.770  2.49550e-13
  7191.310  2.41060e-13
  7207.890  2.41590e-13
  7224.500  2.56480e-13
  7241.160  2.52940e-13
  7257.850  2.52330e-13
  7274.580  2.64810e-13
  7291.350  2.52290e-13
  7308.160  2.58730e-13
  7325.010  2.60500e-13
  7341.890  2.68390e-13
  7358.820  2.65300e-13
  7375.780  2.70830e-13
  7392.780  2.63420e-13
  7409.830  2.75810e-13
  7426.910  2.70750e-13
  7444.030  2.78310e-13
  7461.190  2.80220e-13
  7478.390  2.73180e-13
  7495.630  2.76960e-13
  7512.910  2.73760e-13
  7530.230  2.74370e-13
  7547.590  2.80730e-13
  7564.980  2.73060e-13
  7582.420  2.76190e-13
  7599.900  2.66790e-13
  7617.420  2.66150e-13
  7634.980  2.73580e-13
  7652.580  2.67940e-13
  7670.220  2.46610e-13
  7687.910  2.58800e-13
  7705.630  2.58770e-13
  7723.390  2.52860e-13
  7741.200  2.56940e-13
  7759.040  2.49920e-13
  7776.920  2.56300e-13
  7794.860  2.51600e-13
  7812.820  2.58030e-13
  7830.830  2.61590e-13
  7848.890  2.59170e-13
  7866.980  2.63350e-13
  7885.110  2.57930e-13
  7903.290  2.49150e-13
  7921.510  2.44580e-13
  7939.770  2.46250e-13
  7958.080  2.49650e-13
  7976.420  2.56620e-13
  7994.810  2.51330e-13
  8013.240  2.57160e-13
  8031.710  2.57720e-13
  8050.220  2.63090e-13
  8068.780  2.63670e-13
  8087.380  2.57050e-13
  8106.030  2.50020e-13
  8124.710  2.52890e-13
  8143.440  2.56380e-13
  8162.210  2.53420e-13
  8181.030  2.61100e-13
  8199.890  2.59870e-13
  8218.790  2.61040e-13
  8237.740  2.26290e-13
  8256.730  2.65840e-13
  8275.760  2.67040e-13
  8294.840  2.54410e-13
  8313.960  2.41820e-13
  8333.130  2.53770e-13
  8352.340  2.54920e-13
  8371.590  2.53140e-13
  8390.890  2.40610e-13
  8410.230  2.51920e-13
  8429.620  2.51890e-13
  8449.050  2.42760e-13
  8468.530  2.45540e-13
  8488.050  2.46080e-13
  8507.620  1.81150e-13
  8527.230  2.37680e-13
  8546.890  2.02740e-13
  8566.590  2.40930e-13
  8586.340  2.45950e-13
  8606.130  2.37570e-13
  8625.970  2.44200e-13
  8645.850  2.45870e-13
  8665.790  2.31030e-13
  8685.760  2.31530e-13
  8705.780  2.40750e-13
  8725.860  2.45200e-13
  8745.970  2.37940e-13
  8766.130  2.40670e-13
  8786.340  2.47960e-13
  8806.590  2.46220e-13
  8826.900  2.48470e-13
  8847.240  2.36720e-13
  8867.640  2.41090e-13
  8888.080  2.27060e-13
  8908.570  2.33390e-13
  8929.110  2.31230e-13
  8949.690  2.33340e-13
  8970.320  2.28000e-13
  8991.000  2.30620e-13
  9011.730  2.20210e-13
  9032.500  2.16170e-13
  9053.320  2.48170e-13
  9074.190  2.41380e-13
  9095.110  2.27320e-13
  9116.080  2.24700e-13
  9137.090  2.37440e-13
  9158.150  2.32000e-13
  9179.270  2.20010e-13
  9200.430  2.33020e-13
  9221.640  2.20980e-13
  9242.890  2.24540e-13
  9264.200  2.25030e-13
  9285.560  2.33990e-13
  9306.960  2.07560e-13
  9328.420  2.37190e-13
  9349.920  2.36610e-13
  9371.480  2.32800e-13
  9393.080  2.36010e-13
  9414.730  2.31680e-13
  9436.440  2.37050e-13
  9458.190  2.34310e-13
  9480.000  2.38630e-13
  9501.850  2.34250e-13
  9523.750  2.35300e-13
  9545.710  2.30450e-13
  9567.710  2.34170e-13
  9589.760  2.37400e-13
  9611.870  2.34650e-13
  9634.030  2.35700e-13
  9656.240  2.31910e-13
  9678.500  2.31880e-13
  9700.810  2.34540e-13
  9723.170  2.28640e-13
  9745.590  2.28090e-13
  9768.060  2.29110e-13
  9790.570  2.25940e-13
  9813.140  2.30640e-13
  9835.760  2.29030e-13
  9858.440  2.29530e-13
  9881.160  2.27920e-13
  9903.940  2.25280e-13
  9926.770  2.26810e-13
  9949.650  2.27310e-13
  9972.590  2.27280e-13
  9995.580  2.26210e-13
 10018.620  2.26180e-13
 10064.870  2.23020e-13
 10134.630  2.25000e-13
 10181.420  2.22880e-13
 10228.410  2.22820e-13
 10275.620  2.23280e-13
 10299.300  2.21710e-13
 10490.780  2.14950e-13
