# brown/NGC4450  |  Brown+14 atlas: NGC 4450, Sab bulge-dominated
# columns: wavelength_Angstrom  flam_erg_s_cm2_A (absolute scale arbitrary - ETC renormalizes)
   805.710  1.42560e-15
   815.040  1.39640e-15
   824.480  1.37410e-15
   835.950  1.25890e-15
   845.630  1.30920e-15
   855.420  1.27650e-15
   865.320  1.26180e-15
   875.340  1.24450e-15
   885.480  1.22180e-15
   895.730  1.20230e-15
   904.020  1.17220e-15
   914.490  1.33660e-15
   925.080  2.91750e-15
   935.790  4.89790e-15
   944.450  7.76260e-15
   955.390  1.00230e-14
   964.230  1.12460e-14
   975.390  3.39630e-15
   984.420  1.00690e-14
   995.810  1.01160e-14
  1005.030  1.32740e-14
  1014.330  1.25890e-14
  1026.070  5.95670e-15
  1035.570  9.48440e-15
  1045.150  1.58860e-14
  1054.820  1.55240e-14
  1064.580  1.27650e-14
  1074.430  1.46220e-14
  1084.370  1.18030e-14
  1094.410  1.49280e-14
  1104.530  1.43220e-14
  1114.750  1.38040e-14
  1125.070  1.24740e-14
  1135.480  1.50320e-14
  1145.980  1.37410e-14
  1153.930  1.43220e-14
  1164.600  1.45880e-14
  1175.380  1.05930e-14
  1186.260  1.39000e-14
  1194.480  1.01630e-14
  1205.530  7.76260e-15
  1213.890  4.93180e-15
  1225.120  9.50620e-15
  1233.610  1.34590e-14
  1245.030  1.45880e-14
  1253.660  1.40280e-14
  1265.260  1.22750e-14
  1274.030  1.51360e-14
  1285.810  1.56320e-14
  1294.730  1.28240e-14
  1303.700  1.25890e-14
  1315.770  1.50660e-14
  1324.890  1.44210e-14
  1334.070  1.29420e-14
  1346.410  1.48600e-14
  1355.750  1.43550e-14
  1365.140  1.30020e-14
  1374.610  1.34280e-14
  1384.140  1.34900e-14
  1393.730  1.17490e-14
  1403.390  1.20510e-14
  1416.380  1.24170e-14
  1426.190  1.25610e-14
  1436.080  1.24450e-14
  1442.710  1.29720e-14
  1446.030  1.30920e-14
  1456.060  1.27060e-14
  1466.150  1.18030e-14
  1476.310  1.16950e-14
  1486.550  1.18030e-14
  1493.410  1.18850e-14
  1503.760  1.12720e-14
  1510.700  1.01630e-14
  1517.670  1.07400e-14
  1524.680  1.04230e-14
  1535.250  9.18350e-15
  1545.890  9.81770e-15
  1556.600  9.28980e-15
  1563.790  9.44080e-15
  1574.630  9.95420e-15
  1585.540  1.02800e-14
  1596.540  1.04710e-14
  1603.900  1.01630e-14
  1615.020  1.01160e-14
  1626.220  9.59420e-15
  1633.720  1.00690e-14
  1645.050  1.01390e-14
  1656.450  9.39740e-15
  1664.100  1.01390e-14
  1671.780  9.12030e-15
  1675.630  1.01630e-14
  1683.370  1.04710e-14
  1695.030  9.86300e-15
  1706.780  9.46250e-15
  1714.660  9.03660e-15
  1726.550  8.95380e-15
  1734.520  9.46250e-15
  1746.540  9.20470e-15
  1754.600  9.75010e-15
  1766.760  8.91270e-15
  1774.920  9.14130e-15
  1783.110  9.24710e-15
  1795.470  9.81770e-15
  1803.760  9.66070e-15
  1816.260  8.99510e-15
  1824.650  9.12030e-15
  1833.070  8.77020e-15
  1845.770  8.01690e-15
  1854.290  8.12840e-15
  1867.150  8.41410e-15
  1875.770  8.91270e-15
  1884.420  8.29870e-15
  1893.120  8.07250e-15
  1906.240  8.39470e-15
  1915.040  8.16600e-15
  1923.880  7.90690e-15
  1937.220  7.81640e-15
  1946.160  8.51150e-15
  1955.140  8.05390e-15
  1968.690  8.79040e-15
  1977.780  8.85130e-15
  1982.340  8.57050e-15
  1996.080  8.37540e-15
  2005.300  8.45290e-15
  2014.550  8.27960e-15
  2023.850  8.29870e-15
  2033.190  8.27960e-15
  2047.290  8.64980e-15
  2056.740  8.24150e-15
  2066.230  8.20370e-15
  2075.770  8.83100e-15
  2085.350  1.09900e-14
  2094.970  1.03040e-14
  2104.640  1.01390e-14
  2114.360  1.06660e-14
  2124.120  1.02100e-14
  2133.920  9.57210e-15
  2143.770  1.07150e-14
  2153.670  1.08390e-14
  2163.610  1.00230e-14
  2173.590  1.00000e-14
  2183.630  1.10160e-14
  2193.710  1.12200e-14
  2203.830  1.08640e-14
  2214.000  9.41910e-15
  2224.220  9.93130e-15
  2234.490  1.18030e-14
  2244.800  1.12200e-14
  2255.170  9.59420e-15
  2265.580  9.35420e-15
  2276.030  9.90850e-15
  2286.540  1.16680e-14
  2297.090  1.02550e-14
  2302.390  1.14260e-14
  2313.020  1.02280e-14
  2323.690  8.25530e-15
  2334.420  8.33030e-15
  2345.190  6.94360e-15
  2356.020  9.64950e-15
  2366.890  7.20160e-15
  2372.350  8.22980e-15
  2383.300  6.35790e-15
  2394.300  7.18180e-15
  2405.350  7.01710e-15
  2416.450  7.63970e-15
  2427.610  1.03990e-14
  2433.200  1.02790e-14
  2444.430  1.17190e-14
  2455.720  1.21000e-14
  2467.050  1.09320e-14
  2472.740  9.94670e-15
  2484.150  7.70190e-15
  2495.620  8.32750e-15
  2507.140  1.12830e-14
  2512.920  6.89270e-15
  2518.710  6.28570e-15
  2524.520  6.41670e-15
  2536.170  8.28370e-15
  2547.880  8.55350e-15
  2553.750  1.29150e-14
  2565.540  1.04000e-14
  2577.380  1.25010e-14
  2583.320  1.14260e-14
  2595.250  1.05390e-14
  2607.220  9.41290e-15
  2613.240  8.76350e-15
  2625.300  1.09550e-14
  2637.420  1.65770e-14
  2643.490  2.15510e-14
  2655.700  2.84690e-14
  2667.950  1.91550e-14
  2674.110  2.14410e-14
  2686.450  2.42750e-14
  2692.640  1.84130e-14
  2705.070  2.20810e-14
  2717.560  1.66700e-14
  2723.820  1.39600e-14
  2736.390  1.70530e-14
  2742.700  1.05620e-14
  2755.360  1.34790e-14
  2768.080  1.69270e-14
  2774.460  1.80110e-14
  2787.270  1.17880e-14
  2793.690  6.38840e-15
  2806.590  7.36720e-15
  2813.060  1.61530e-14
  2826.040  2.24990e-14
  2832.560  2.12870e-14
  2845.630  1.61440e-14
  2852.190  1.03750e-14
  2865.360  2.14720e-14
  2871.960  2.78510e-14
  2885.220  2.53940e-14
  2891.870  3.02480e-14
  2911.910  3.99530e-14
  2932.100  3.51080e-14
  2952.420  3.26780e-14
  2972.890  3.42070e-14
  2986.610  3.46750e-14
  3007.310  3.49840e-14
  3028.160  3.69590e-14
  3049.150  3.85980e-14
  3070.280  4.14390e-14
  3091.570  4.05750e-14
  3113.000  4.62500e-14
  3127.360  4.30530e-14
  3149.040  4.28400e-14
  3170.870  4.69560e-14
  3192.850  4.09760e-14
  3207.590  4.53340e-14
  3229.820  3.85720e-14
  3252.210  5.29790e-14
  3267.220  6.13760e-14
  3289.870  6.00950e-14
  3312.670  5.65810e-14
  3320.310  5.32870e-14
  3327.960  5.77510e-14
  3335.630  6.08850e-14
  3343.320  5.55200e-14
  3351.030  5.47520e-14
  3358.760  6.14240e-14
  3366.500  5.13200e-14
  3374.260  4.18050e-14
  3382.040  4.95650e-14
  3389.830  5.91720e-14
  3397.650  5.20070e-14
  3405.480  6.22310e-14
  3413.330  5.72730e-14
  3421.200  6.12200e-14
  3429.090  5.92700e-14
  3436.990  5.99480e-14
  3444.910  4.02460e-14
  3452.860  6.18960e-14
  3460.820  5.65720e-14
  3468.790  5.70880e-14
  3476.790  5.36400e-14
  3484.810  5.85370e-14
  3492.840  5.44970e-14
  3500.890  5.17980e-14
  3508.960  6.38640e-14
  3517.050  5.17840e-14
  3525.160  5.35970e-14
  3533.280  6.39860e-14
  3541.430  6.90280e-14
  3549.590  6.91770e-14
  3557.770  6.10810e-14
  3565.980  6.75840e-14
  3574.200  4.74010e-14
  3582.440  4.73940e-14
  3590.700  4.04270e-14
  3598.970  6.40630e-14
  3607.270  5.64350e-14
  3611.100  5.09170e-14
  3613.830  5.38870e-14
  3616.570  5.69620e-14
  3619.300  5.92280e-14
  3622.030  5.89870e-14
  3624.760  5.71140e-14
  3627.500  5.93930e-14
  3630.230  6.49160e-14
  3632.960  6.04570e-14
  3635.690  6.18440e-14
  3638.420  6.65910e-14
  3641.160  6.81500e-14
  3643.890  6.30270e-14
  3646.620  6.02660e-14
  3649.350  6.51380e-14
  3652.090  7.42810e-14
  3654.820  8.02060e-14
  3657.550  7.84790e-14
  3660.280  7.84940e-14
  3663.010  7.98880e-14
  3665.750  8.00830e-14
  3668.480  7.68010e-14
  3671.210  7.43650e-14
  3673.940  7.75390e-14
  3676.680  7.11620e-14
  3679.410  6.85420e-14
  3682.140  6.48930e-14
  3684.870  6.57560e-14
  3687.600  6.70760e-14
  3690.340  6.77740e-14
  3693.070  7.51490e-14
  3695.800  8.48830e-14
  3698.530  8.33230e-14
  3701.270  7.85980e-14
  3704.000  7.44360e-14
  3706.730  6.82720e-14
  3709.460  6.45790e-14
  3712.190  7.35740e-14
  3714.930  7.95900e-14
  3717.660  7.55550e-14
  3720.390  7.10480e-14
  3723.120  8.10050e-14
  3725.850  9.58900e-14
  3728.590  9.82230e-14
  3731.320  8.80640e-14
  3734.050  7.30530e-14
  3736.780  6.23080e-14
  3739.520  5.89850e-14
  3742.250  6.27120e-14
  3744.980  5.93330e-14
  3747.710  5.65510e-14
  3750.440  5.98090e-14
  3753.180  6.80810e-14
  3755.910  6.96330e-14
  3758.640  6.76120e-14
  3761.370  6.41590e-14
  3764.110  6.65480e-14
  3766.840  7.01070e-14
  3769.570  7.62610e-14
  3772.300  7.76620e-14
  3775.030  8.06120e-14
  3777.770  8.25240e-14
  3780.500  8.97890e-14
  3783.230  9.14330e-14
  3785.960  8.28480e-14
  3788.700  7.82830e-14
  3791.430  7.55710e-14
  3794.160  6.75480e-14
  3796.890  7.01360e-14
  3799.620  7.03510e-14
  3802.360  7.38740e-14
  3805.090  8.51390e-14
  3807.820  8.07380e-14
  3810.550  7.87520e-14
  3813.280  8.12310e-14
  3816.020  7.17140e-14
  3818.750  6.57020e-14
  3821.480  6.44200e-14
  3824.210  5.90230e-14
  3826.950  5.58780e-14
  3829.680  5.10670e-14
  3832.410  5.72130e-14
  3835.140  4.73360e-14
  3837.870  4.94350e-14
  3840.610  5.94880e-14
  3843.340  6.37640e-14
  3846.070  7.19820e-14
  3848.800  6.86250e-14
  3851.540  7.25600e-14
  3854.270  7.11860e-14
  3857.000  6.76810e-14
  3859.730  7.10760e-14
  3862.460  7.18080e-14
  3865.200  7.71580e-14
  3867.930  7.80320e-14
  3870.660  7.43200e-14
  3873.390  7.48310e-14
  3876.130  7.04710e-14
  3878.860  6.87680e-14
  3881.590  6.69550e-14
  3884.320  7.25140e-14
  3887.050  6.93610e-14
  3889.790  7.03080e-14
  3892.520  7.46730e-14
  3895.250  7.82890e-14
  3897.980  8.30470e-14
  3900.720  8.03450e-14
  3903.450  8.16360e-14
  3906.180  7.69170e-14
  3908.910  8.70260e-14
  3911.640  9.07760e-14
  3914.380  8.92470e-14
  3917.110  9.08740e-14
  3919.840  7.91530e-14
  3922.570  7.15180e-14
  3925.300  6.64770e-14
  3928.040  5.70010e-14
  3930.770  4.61030e-14
  3933.500  3.93350e-14
  3936.230  4.31920e-14
  3938.970  5.31460e-14
  3941.700  6.13890e-14
  3944.430  7.22900e-14
  3947.160  7.94810e-14
  3949.890  8.39930e-14
  3952.630  9.19320e-14
  3955.360  8.54660e-14
  3958.090  7.83510e-14
  3960.820  7.23890e-14
  3963.560  5.88050e-14
  3966.290  5.03170e-14
  3969.020  4.40460e-14
  3971.750  5.43890e-14
  3974.480  6.41370e-14
  3977.220  8.00560e-14
  3979.950  8.99780e-14
  3982.680  9.74070e-14
  3985.410  1.04000e-13
  3988.150  1.09980e-13
  3990.880  1.11540e-13
  3993.610  1.10300e-13
  3996.340  1.10770e-13
  3999.070  1.13590e-13
  4001.810  1.14290e-13
  4004.540  1.13270e-13
  4007.270  1.14300e-13
  4010.000  1.17230e-13
  4012.730  1.17960e-13
  4015.470  1.20890e-13
  4018.200  1.25820e-13
  4020.930  1.22370e-13
  4023.660  1.20040e-13
  4026.400  1.19090e-13
  4029.130  1.17800e-13
  4031.860  1.13630e-13
  4034.590  1.13550e-13
  4037.320  1.19900e-13
  4040.060  1.19520e-13
  4042.790  1.13850e-13
  4045.520  1.12240e-13
  4048.250  1.16820e-13
  4050.990  1.17890e-13
  4053.720  1.15620e-13
  4056.450  1.11660e-13
  4059.180  1.08370e-13
  4061.910  1.07940e-13
  4064.650  1.08920e-13
  4067.380  1.09990e-13
  4070.110  1.14750e-13
  4072.840  1.16050e-13
  4075.580  1.13850e-13
  4078.310  1.17000e-13
  4081.040  1.20290e-13
  4083.770  1.22450e-13
  4086.500  1.27170e-13
  4089.240  1.29070e-13
  4091.970  1.25420e-13
  4094.700  1.19710e-13
  4097.430  1.11440e-13
  4100.170  1.06860e-13
  4102.900  1.10100e-13
  4105.630  1.14650e-13
  4108.360  1.20910e-13
  4111.090  1.22240e-13
  4113.830  1.23190e-13
  4116.560  1.24250e-13
  4119.290  1.22470e-13
  4122.020  1.22560e-13
  4124.750  1.23120e-13
  4127.490  1.19760e-13
  4130.220  1.15980e-13
  4132.950  1.17460e-13
  4135.680  1.21910e-13
  4138.420  1.22560e-13
  4141.150  1.18400e-13
  4143.880  1.16670e-13
  4146.610  1.13890e-13
  4149.340  1.16550e-13
  4152.080  1.19100e-13
  4154.810  1.16970e-13
  4157.540  1.20960e-13
  4160.270  1.24340e-13
  4163.010  1.23170e-13
  4165.740  1.22500e-13
  4168.470  1.20620e-13
  4171.200  1.14740e-13
  4173.930  1.13420e-13
  4176.670  1.15150e-13
  4179.400  1.15410e-13
  4182.130  1.16550e-13
  4184.860  1.19330e-13
  4187.600  1.21230e-13
  4190.330  1.23680e-13
  4193.060  1.23140e-13
  4195.790  1.22000e-13
  4198.520  1.15460e-13
  4201.260  1.17670e-13
  4203.990  1.21180e-13
  4206.720  1.22810e-13
  4209.450  1.24130e-13
  4212.190  1.25580e-13
  4214.920  1.24940e-13
  4217.650  1.24660e-13
  4220.380  1.24160e-13
  4223.110  1.21320e-13
  4225.850  1.12960e-13
  4228.580  1.11720e-13
  4231.310  1.18960e-13
  4234.040  1.22930e-13
  4236.770  1.24250e-13
  4239.510  1.26110e-13
  4242.240  1.30750e-13
  4244.970  1.26410e-13
  4247.700  1.25610e-13
  4250.440  1.23220e-13
  4253.170  1.19210e-13
  4255.900  1.24510e-13
  4258.630  1.26130e-13
  4261.360  1.24380e-13
  4264.100  1.27350e-13
  4266.830  1.27120e-13
  4269.560  1.20630e-13
  4272.290  1.17630e-13
  4275.030  1.17880e-13
  4277.760  1.21630e-13
  4280.490  1.23010e-13
  4283.220  1.24220e-13
  4285.950  1.22750e-13
  4288.690  1.18610e-13
  4291.420  1.16560e-13
  4294.150  1.14430e-13
  4296.880  1.07220e-13
  4299.620  9.97560e-14
  4302.350  9.61910e-14
  4305.080  9.21030e-14
  4307.810  9.27590e-14
  4310.540  1.01180e-13
  4313.280  1.16270e-13
  4316.010  1.31130e-13
  4318.740  1.35660e-13
  4321.470  1.33550e-13
  4324.200  1.29620e-13
  4326.940  1.27370e-13
  4329.670  1.36250e-13
  4332.400  1.39530e-13
  4335.130  1.33440e-13
  4337.870  1.27570e-13
  4340.600  1.28280e-13
  4343.330  1.33040e-13
  4346.060  1.36060e-13
  4348.790  1.36020e-13
  4351.530  1.34940e-13
  4354.260  1.37850e-13
  4356.990  1.39860e-13
  4359.720  1.42860e-13
  4362.460  1.50570e-13
  4365.190  1.48830e-13
  4367.920  1.41930e-13
  4370.650  1.39190e-13
  4373.380  1.36880e-13
  4376.120  1.36400e-13
  4378.850  1.31470e-13
  4381.580  1.26330e-13
  4384.310  1.19810e-13
  4387.050  1.22190e-13
  4389.780  1.27740e-13
  4392.510  1.31290e-13
  4395.240  1.39730e-13
  4397.970  1.39530e-13
  4400.710  1.40580e-13
  4403.440  1.34880e-13
  4406.170  1.34590e-13
  4408.900  1.40660e-13
  4411.640  1.42410e-13
  4414.370  1.44510e-13
  4417.100  1.48730e-13
  4419.830  1.48720e-13
  4422.560  1.49460e-13
  4425.300  1.49850e-13
  4428.030  1.48310e-13
  4430.760  1.50870e-13
  4433.490  1.45930e-13
  4436.220  1.49940e-13
  4438.960  1.49560e-13
  4441.690  1.53270e-13
  4444.420  1.56580e-13
  4447.150  1.57100e-13
  4449.890  1.56810e-13
  4452.620  1.50940e-13
  4455.350  1.45270e-13
  4458.080  1.44690e-13
  4460.810  1.44350e-13
  4463.550  1.46310e-13
  4466.280  1.51290e-13
  4469.010  1.53300e-13
  4471.740  1.59370e-13
  4474.480  1.62950e-13
  4477.210  1.64350e-13
  4479.940  1.62910e-13
  4482.670  1.60360e-13
  4485.400  1.63270e-13
  4488.140  1.61910e-13
  4490.870  1.61470e-13
  4493.600  1.58920e-13
  4496.330  1.59260e-13
  4499.070  1.65570e-13
  4501.800  1.68090e-13
  4504.530  1.73540e-13
  4507.260  1.71650e-13
  4509.990  1.72140e-13
  4512.730  1.70690e-13
  4515.460  1.68270e-13
  4518.190  1.66460e-13
  4520.920  1.64670e-13
  4523.650  1.60010e-13
  4526.390  1.53340e-13
  4529.120  1.49380e-13
  4531.850  1.49790e-13
  4534.580  1.53390e-13
  4537.320  1.58320e-13
  4540.050  1.62290e-13
  4542.780  1.63300e-13
  4545.510  1.61970e-13
  4548.240  1.64030e-13
  4550.980  1.57650e-13
  4553.710  1.59720e-13
  4556.440  1.64590e-13
  4559.170  1.68090e-13
  4561.910  1.69810e-13
  4564.640  1.66680e-13
  4567.370  1.71730e-13
  4570.100  1.71920e-13
  4572.830  1.69450e-13
  4575.570  1.68940e-13
  4578.300  1.68480e-13
  4581.030  1.64600e-13
  4583.760  1.63300e-13
  4586.500  1.66870e-13
  4589.230  1.68300e-13
  4591.960  1.68950e-13
  4594.690  1.65250e-13
  4597.420  1.66040e-13
  4600.160  1.65690e-13
  4602.890  1.65010e-13
  4605.620  1.67860e-13
  4608.350  1.74520e-13
  4611.090  1.79610e-13
  4613.820  1.78450e-13
  4616.550  1.77960e-13
  4619.280  1.78130e-13
  4622.010  1.77010e-13
  4624.750  1.75040e-13
  4627.480  1.77150e-13
  4630.210  1.76350e-13
  4632.940  1.72360e-13
  4635.670  1.71920e-13
  4638.410  1.69420e-13
  4641.140  1.66480e-13
  4643.870  1.62820e-13
  4646.600  1.63750e-13
  4649.340  1.65400e-13
  4652.070  1.65000e-13
  4654.800  1.69440e-13
  4657.530  1.70490e-13
  4660.260  1.71740e-13
  4663.000  1.71620e-13
  4665.730  1.64970e-13
  4668.460  1.59660e-13
  4671.190  1.62780e-13
  4673.930  1.66180e-13
  4676.660  1.64410e-13
  4679.390  1.63220e-13
  4682.120  1.67840e-13
  4684.850  1.67750e-13
  4687.590  1.68680e-13
  4690.320  1.67810e-13
  4693.050  1.66640e-13
  4695.780  1.64750e-13
  4698.520  1.63640e-13
  4701.250  1.63800e-13
  4703.980  1.60140e-13
  4706.710  1.62300e-13
  4709.440  1.62550e-13
  4712.180  1.65610e-13
  4714.910  1.70750e-13
  4717.640  1.72210e-13
  4720.370  1.77730e-13
  4723.100  1.77120e-13
  4725.840  1.72450e-13
  4728.570  1.70840e-13
  4731.300  1.67850e-13
  4734.030  1.70130e-13
  4736.770  1.73830e-13
  4739.500  1.71820e-13
  4742.230  1.74910e-13
  4744.960  1.80720e-13
  4747.690  1.79450e-13
  4750.430  1.78920e-13
  4753.160  1.78640e-13
  4755.890  1.74780e-13
  4758.620  1.74290e-13
  4761.360  1.71690e-13
  4764.090  1.69980e-13
  4766.820  1.69440e-13
  4769.550  1.72240e-13
  4772.280  1.75940e-13
  4775.020  1.80520e-13
  4777.750  1.79600e-13
  4780.480  1.76820e-13
  4783.210  1.77320e-13
  4785.950  1.75970e-13
  4788.680  1.76100e-13
  4791.410  1.78100e-13
  4794.140  1.81400e-13
  4796.870  1.79690e-13
  4799.610  1.79080e-13
  4802.340  1.81010e-13
  4805.070  1.79840e-13
  4807.800  1.80190e-13
  4810.540  1.79240e-13
  4813.270  1.82610e-13
  4816.000  1.83470e-13
  4818.730  1.83290e-13
  4821.460  1.83770e-13
  4824.200  1.80090e-13
  4826.930  1.77580e-13
  4829.660  1.78680e-13
  4832.390  1.79240e-13
  4835.120  1.76720e-13
  4837.860  1.73950e-13
  4840.590  1.77820e-13
  4843.320  1.78580e-13
  4846.050  1.75210e-13
  4848.790  1.74110e-13
  4851.520  1.71050e-13
  4854.250  1.68230e-13
  4856.980  1.62420e-13
  4859.710  1.56100e-13
  4862.450  1.55740e-13
  4865.180  1.59480e-13
  4867.910  1.60290e-13
  4870.640  1.58920e-13
  4873.380  1.61810e-13
  4876.110  1.64970e-13
  4878.840  1.68020e-13
  4881.570  1.69960e-13
  4884.300  1.68050e-13
  4887.040  1.64540e-13
  4889.770  1.66970e-13
  4892.500  1.69860e-13
  4895.230  1.78460e-13
  4897.970  1.82860e-13
  4900.700  1.82170e-13
  4903.430  1.82760e-13
  4906.160  1.79100e-13
  4908.890  1.75420e-13
  4911.630  1.76750e-13
  4914.360  1.76000e-13
  4917.090  1.68800e-13
  4919.820  1.66280e-13
  4922.550  1.65070e-13
  4925.290  1.71660e-13
  4928.020  1.77590e-13
  4930.750  1.79660e-13
  4933.480  1.78500e-13
  4936.220  1.73780e-13
  4938.950  1.76200e-13
  4941.680  1.79310e-13
  4944.410  1.83110e-13
  4947.140  1.85510e-13
  4949.880  1.85810e-13
  4952.610  1.81890e-13
  4955.340  1.82310e-13
  4958.070  1.80760e-13
  4960.810  1.78520e-13
  4963.540  1.76870e-13
  4966.270  1.76350e-13
  4969.000  1.78190e-13
  4971.730  1.79710e-13
  4974.470  1.79770e-13
  4977.200  1.76650e-13
  4979.930  1.71130e-13
  4982.660  1.65770e-13
  4985.400  1.64590e-13
  4988.130  1.70870e-13
  4990.860  1.73130e-13
  4993.590  1.73300e-13
  4996.320  1.73680e-13
  4999.060  1.73070e-13
  5001.790  1.71870e-13
  5004.520  1.76090e-13
  5007.250  1.77470e-13
  5009.990  1.72810e-13
  5012.720  1.66130e-13
  5015.450  1.61980e-13
  5018.180  1.58250e-13
  5020.910  1.61170e-13
  5023.650  1.63730e-13
  5026.380  1.67540e-13
  5029.110  1.70860e-13
  5031.840  1.73610e-13
  5034.570  1.69040e-13
  5037.310  1.66160e-13
  5040.040  1.63520e-13
  5042.770  1.66650e-13
  5045.500  1.69990e-13
  5048.240  1.71840e-13
  5050.970  1.72650e-13
  5053.700  1.73270e-13
  5056.430  1.77850e-13
  5059.160  1.79460e-13
  5061.900  1.78920e-13
  5064.630  1.74720e-13
  5067.360  1.72500e-13
  5070.090  1.69050e-13
  5072.830  1.70200e-13
  5075.560  1.68210e-13
  5078.290  1.65470e-13
  5081.020  1.65660e-13
  5083.750  1.66070e-13
  5086.490  1.70220e-13
  5089.220  1.72990e-13
  5091.950  1.75320e-13
  5094.680  1.73130e-13
  5097.420  1.70140e-13
  5100.150  1.69260e-13
  5102.880  1.67470e-13
  5105.610  1.66550e-13
  5108.340  1.67120e-13
  5111.080  1.68710e-13
  5113.810  1.72580e-13
  5116.540  1.72090e-13
  5119.270  1.69740e-13
  5122.000  1.70470e-13
  5124.740  1.65390e-13
  5127.470  1.62240e-13
  5130.200  1.63530e-13
  5132.930  1.63720e-13
  5135.670  1.66050e-13
  5138.400  1.66830e-13
  5141.130  1.64960e-13
  5143.860  1.64590e-13
  5146.590  1.64450e-13
  5149.330  1.60170e-13
  5152.060  1.60040e-13
  5154.790  1.64190e-13
  5157.520  1.64310e-13
  5160.260  1.64830e-13
  5162.990  1.57190e-13
  5165.720  1.49130e-13
  5168.450  1.41290e-13
  5171.180  1.35180e-13
  5173.920  1.37240e-13
  5176.650  1.43570e-13
  5179.380  1.46600e-13
  5182.110  1.44910e-13
  5184.850  1.45480e-13
  5187.580  1.50770e-13
  5190.310  1.54930e-13
  5193.040  1.60720e-13
  5195.770  1.64000e-13
  5198.510  1.67030e-13
  5201.240  1.67650e-13
  5203.970  1.64410e-13
  5206.700  1.59440e-13
  5209.440  1.58800e-13
  5212.170  1.63400e-13
  5214.900  1.69910e-13
  5217.630  1.75310e-13
  5220.360  1.73530e-13
  5223.100  1.72000e-13
  5225.830  1.67100e-13
  5228.560  1.66520e-13
  5231.290  1.69350e-13
  5234.020  1.73790e-13
  5236.760  1.77630e-13
  5239.490  1.79990e-13
  5242.220  1.81710e-13
  5244.950  1.79850e-13
  5247.690  1.75900e-13
  5250.420  1.75080e-13
  5253.150  1.76060e-13
  5255.880  1.79320e-13
  5258.610  1.78330e-13
  5261.350  1.71210e-13
  5264.080  1.62710e-13
  5266.810  1.56130e-13
  5269.540  1.53910e-13
  5272.280  1.59220e-13
  5275.010  1.68010e-13
  5277.740  1.78180e-13
  5280.470  1.79880e-13
  5283.200  1.82700e-13
  5285.940  1.85730e-13
  5288.670  1.88210e-13
  5291.400  1.92000e-13
  5294.130  1.88010e-13
  5296.870  1.82760e-13
  5299.600  1.79660e-13
  5302.330  1.83440e-13
  5305.060  1.89220e-13
  5307.790  1.95710e-13
  5310.530  1.98580e-13
  5313.260  1.95980e-13
  5315.990  1.90980e-13
  5318.720  1.91990e-13
  5321.450  1.90020e-13
  5324.190  1.78960e-13
  5326.920  1.72460e-13
  5329.650  1.72690e-13
  5332.380  1.76650e-13
  5335.120  1.82900e-13
  5337.850  1.85560e-13
  5340.580  1.84070e-13
  5343.310  1.84490e-13
  5346.040  1.83670e-13
  5348.780  1.87230e-13
  5351.510  1.90150e-13
  5354.240  1.93590e-13
  5356.970  1.95630e-13
  5359.710  1.96590e-13
  5362.440  1.93240e-13
  5365.170  1.86640e-13
  5367.900  1.81730e-13
  5370.630  1.79620e-13
  5373.370  1.84290e-13
  5376.100  1.88020e-13
  5378.830  1.89150e-13
  5381.560  1.88710e-13
  5384.300  1.87220e-13
  5387.030  1.87560e-13
  5389.760  1.84550e-13
  5392.490  1.81610e-13
  5395.220  1.78420e-13
  5397.960  1.76260e-13
  5400.690  1.76330e-13
  5403.420  1.76480e-13
  5406.150  1.76940e-13
  5408.890  1.75740e-13
  5411.620  1.79790e-13
  5414.350  1.85800e-13
  5417.080  1.87440e-13
  5419.810  1.88300e-13
  5422.550  1.88390e-13
  5425.280  1.87950e-13
  5428.010  1.84790e-13
  5430.740  1.79680e-13
  5433.470  1.79700e-13
  5436.210  1.83960e-13
  5438.940  1.89840e-13
  5441.670  1.92180e-13
  5444.400  1.88590e-13
  5447.140  1.85350e-13
  5449.870  1.82960e-13
  5452.600  1.82910e-13
  5455.330  1.83200e-13
  5458.060  1.83020e-13
  5460.800  1.82690e-13
  5463.530  1.84370e-13
  5466.260  1.85760e-13
  5468.990  1.87770e-13
  5471.730  1.88230e-13
  5474.460  1.85740e-13
  5477.190  1.81130e-13
  5479.920  1.80820e-13
  5482.650  1.83240e-13
  5485.390  1.84650e-13
  5488.120  1.84870e-13
  5490.850  1.86550e-13
  5493.580  1.86040e-13
  5496.320  1.86160e-13
  5499.050  1.87660e-13
  5501.780  1.87160e-13
  5504.510  1.82530e-13
  5507.240  1.82240e-13
  5509.980  1.84350e-13
  5512.710  1.80220e-13
  5515.440  1.80000e-13
  5518.170  1.82870e-13
  5520.900  1.91370e-13
  5523.640  1.87190e-13
  5526.370  1.84250e-13
  5529.100  1.80990e-13
  5531.830  1.83200e-13
  5534.570  1.83480e-13
  5537.300  1.88200e-13
  5540.030  1.86870e-13
  5542.760  1.91460e-13
  5545.490  1.87520e-13
  5548.230  1.88800e-13
  5550.960  1.94140e-13
  5553.690  1.88520e-13
  5556.420  1.92550e-13
  5559.160  1.87810e-13
  5561.890  1.86930e-13
  5564.620  1.85220e-13
  5567.350  1.88550e-13
  5570.080  1.84720e-13
  5572.820  1.87160e-13
  5575.550  1.86760e-13
  5578.280  1.87440e-13
  5581.010  1.87790e-13
  5583.750  1.85860e-13
  5586.480  1.79980e-13
  5589.210  1.78190e-13
  5591.940  1.77720e-13
  5594.670  1.78050e-13
  5597.410  1.79620e-13
  5600.140  1.80290e-13
  5602.870  1.83470e-13
  5605.600  1.86300e-13
  5608.340  1.88660e-13
  5611.070  1.89670e-13
  5613.800  1.86640e-13
  5616.530  1.83870e-13
  5619.260  1.82150e-13
  5622.000  1.81910e-13
  5624.730  1.83510e-13
  5627.460  1.86650e-13
  5630.190  1.91490e-13
  5632.920  1.91810e-13
  5635.660  1.89980e-13
  5638.390  1.85720e-13
  5641.120  1.86380e-13
  5643.850  1.86690e-13
  5646.590  1.87890e-13
  5649.320  1.91910e-13
  5652.050  1.88560e-13
  5654.780  1.83850e-13
  5657.510  1.82570e-13
  5660.250  1.82710e-13
  5662.980  1.83360e-13
  5665.710  1.87160e-13
  5668.440  1.86830e-13
  5671.180  1.90290e-13
  5673.910  1.92220e-13
  5676.640  1.92250e-13
  5679.370  1.92470e-13
  5682.100  1.90780e-13
  5684.840  1.91830e-13
  5687.570  1.90750e-13
  5690.300  1.90640e-13
  5693.030  1.91130e-13
  5695.770  1.92330e-13
  5698.500  1.88140e-13
  5701.230  1.82950e-13
  5703.960  1.85480e-13
  5706.690  1.81730e-13
  5709.430  1.79550e-13
  5712.160  1.82660e-13
  5714.890  1.88420e-13
  5717.620  1.93870e-13
  5720.350  1.94270e-13
  5723.090  1.95580e-13
  5725.820  1.93990e-13
  5728.550  1.93690e-13
  5731.280  1.94820e-13
  5734.020  1.94220e-13
  5736.750  1.94050e-13
  5739.480  1.91660e-13
  5742.210  1.94300e-13
  5744.940  1.94800e-13
  5747.680  1.95210e-13
  5750.410  1.92000e-13
  5753.140  1.89440e-13
  5755.870  1.92260e-13
  5758.610  1.92090e-13
  5761.340  1.91560e-13
  5764.070  1.90650e-13
  5766.800  1.93160e-13
  5769.530  1.96140e-13
  5772.270  1.95820e-13
  5775.000  1.92340e-13
  5777.730  1.92860e-13
  5780.460  1.85270e-13
  5783.200  1.85670e-13
  5785.930  1.83200e-13
  5788.660  1.87590e-13
  5791.390  1.91420e-13
  5794.120  1.92240e-13
  5796.860  1.95290e-13
  5799.590  1.93100e-13
  5802.320  1.96250e-13
  5805.050  1.98670e-13
  5807.780  1.97100e-13
  5810.520  1.95330e-13
  5813.250  1.96300e-13
  5815.980  1.95450e-13
  5818.710  1.97380e-13
  5821.450  1.99440e-13
  5824.180  1.99340e-13
  5826.910  1.97010e-13
  5829.640  1.98380e-13
  5832.370  1.98920e-13
  5835.110  2.04700e-13
  5837.840  2.03040e-13
  5840.570  2.01130e-13
  5843.300  1.99340e-13
  5846.040  1.95620e-13
  5848.770  1.99440e-13
  5851.500  1.94990e-13
  5854.230  1.88920e-13
  5856.960  1.92510e-13
  5859.700  1.88500e-13
  5862.430  1.83490e-13
  5865.160  1.92040e-13
  5867.890  1.90600e-13
  5870.630  1.93370e-13
  5873.360  1.92950e-13
  5876.090  1.93180e-13
  5878.820  1.91340e-13
  5881.550  1.88000e-13
  5884.290  1.84410e-13
  5887.020  1.74290e-13
  5889.750  1.66140e-13
  5892.480  1.63760e-13
  5895.220  1.69000e-13
  5897.950  1.72820e-13
  5900.680  1.77720e-13
  5903.410  1.82790e-13
  5906.140  1.86690e-13
  5908.880  1.86640e-13
  5911.610  1.86530e-13
  5914.340  1.87000e-13
  5917.070  1.84910e-13
  5919.800  1.89020e-13
  5922.540  1.90320e-13
  5925.270  1.90500e-13
  5928.000  1.89430e-13
  5930.730  1.91390e-13
  5933.470  1.89640e-13
  5936.200  1.90840e-13
  5938.930  1.90990e-13
  5941.660  1.91180e-13
  5944.390  1.88890e-13
  5947.130  1.89690e-13
  5949.860  1.88930e-13
  5952.590  1.86950e-13
  5955.320  1.87740e-13
  5958.060  1.88520e-13
  5960.790  1.91700e-13
  5963.520  1.90020e-13
  5966.250  1.89380e-13
  5968.980  1.91560e-13
  5971.720  1.92060e-13
  5974.450  1.90700e-13
  5977.180  1.87920e-13
  5979.910  1.85100e-13
  5982.650  1.87890e-13
  5985.380  1.87880e-13
  5988.110  1.85140e-13
  5990.840  1.85820e-13
  5993.570  1.88800e-13
  5996.310  1.90380e-13
  5999.040  1.87610e-13
  6001.770  1.86790e-13
  6004.500  1.86090e-13
  6007.230  1.85690e-13
  6009.970  1.85030e-13
  6012.700  1.85650e-13
  6015.430  1.86070e-13
  6018.160  1.85640e-13
  6020.900  1.84960e-13
  6023.630  1.86530e-13
  6026.360  1.89590e-13
  6029.090  1.88830e-13
  6031.820  1.90730e-13
  6034.560  1.94360e-13
  6037.290  1.96030e-13
  6040.020  1.96820e-13
  6042.750  1.96420e-13
  6045.490  1.97990e-13
  6048.220  1.96320e-13
  6050.950  1.96910e-13
  6053.680  1.89270e-13
  6056.410  1.89900e-13
  6059.150  1.92620e-13
  6061.880  1.92410e-13
  6064.610  1.94030e-13
  6067.340  1.91760e-13
  6070.080  1.96360e-13
  6072.810  1.95190e-13
  6075.540  1.95470e-13
  6078.270  1.93400e-13
  6081.000  1.90410e-13
  6083.740  1.90840e-13
  6086.470  1.91650e-13
  6089.200  1.86630e-13
  6091.930  1.90120e-13
  6094.670  1.89020e-13
  6097.400  1.90960e-13
  6100.130  1.88830e-13
  6102.860  1.92370e-13
  6105.590  1.87900e-13
  6108.330  1.92880e-13
  6111.060  1.90110e-13
  6113.790  1.90940e-13
  6116.520  1.95920e-13
  6119.250  1.87340e-13
  6121.990  1.86750e-13
  6124.720  1.84550e-13
  6127.450  1.87700e-13
  6130.180  1.88950e-13
  6132.920  1.87470e-13
  6135.650  1.83770e-13
  6138.380  1.85950e-13
  6141.110  1.86920e-13
  6143.840  1.89200e-13
  6146.580  1.88740e-13
  6149.310  1.87040e-13
  6152.040  1.85590e-13
  6154.770  1.84340e-13
  6157.510  1.76670e-13
  6160.240  1.76150e-13
  6162.970  1.70810e-13
  6165.700  1.71210e-13
  6168.430  1.76150e-13
  6171.170  1.75780e-13
  6173.900  1.79540e-13
  6176.630  1.80260e-13
  6179.360  1.83930e-13
  6182.100  1.83960e-13
  6184.830  1.79720e-13
  6187.560  1.77940e-13
  6190.290  1.78960e-13
  6193.020  1.80440e-13
  6195.760  1.84920e-13
  6198.490  1.84590e-13
  6201.220  1.83390e-13
  6203.950  1.84880e-13
  6206.680  1.86600e-13
  6209.420  1.85440e-13
  6212.150  1.85560e-13
  6214.880  1.82090e-13
  6217.610  1.77080e-13
  6220.350  1.77490e-13
  6223.080  1.79210e-13
  6225.810  1.78590e-13
  6228.540  1.76900e-13
  6231.270  1.75040e-13
  6234.010  1.74460e-13
  6236.740  1.72310e-13
  6239.470  1.76360e-13
  6242.200  1.74420e-13
  6244.940  1.71720e-13
  6247.670  1.70750e-13
  6250.400  1.74680e-13
  6253.130  1.74980e-13
  6255.860  1.75740e-13
  6258.600  1.72080e-13
  6261.330  1.75880e-13
  6264.060  1.81480e-13
  6266.790  1.76900e-13
  6269.530  1.79150e-13
  6272.260  1.81390e-13
  6274.990  1.76230e-13
  6277.720  1.74950e-13
  6280.450  1.78650e-13
  6283.190  1.79800e-13
  6285.920  1.86260e-13
  6288.650  1.85410e-13
  6291.380  1.83300e-13
  6294.120  1.81210e-13
  6296.850  1.81590e-13
  6299.580  1.81660e-13
  6302.310  1.83610e-13
  6305.040  1.84830e-13
  6307.780  1.84750e-13
  6310.510  1.82760e-13
  6313.240  1.80510e-13
  6315.970  1.82450e-13
  6318.700  1.78990e-13
  6321.440  1.79940e-13
  6324.170  1.81840e-13
  6326.900  1.79750e-13
  6329.630  1.85640e-13
  6332.370  1.85300e-13
  6335.100  1.89260e-13
  6337.830  1.84330e-13
  6340.560  1.85990e-13
  6343.290  1.85760e-13
  6346.030  1.87950e-13
  6348.760  1.87810e-13
  6351.490  1.81970e-13
  6354.220  1.77400e-13
  6356.960  1.80610e-13
  6359.690  1.79230e-13
  6362.420  1.77910e-13
  6365.150  1.80590e-13
  6367.880  1.85900e-13
  6370.620  1.88990e-13
  6373.350  1.87490e-13
  6376.080  1.88550e-13
  6378.810  1.91250e-13
  6381.550  1.88660e-13
  6384.280  1.87570e-13
  6387.010  1.86540e-13
  6389.740  1.84330e-13
  6392.470  1.86850e-13
  6395.210  1.86320e-13
  6397.940  1.83390e-13
  6400.670  1.82710e-13
  6403.400  1.86960e-13
  6406.130  1.85700e-13
  6408.870  1.86650e-13
  6411.600  1.84210e-13
  6414.330  1.86110e-13
  6417.060  1.83710e-13
  6419.800  1.85380e-13
  6422.530  1.85730e-13
  6425.260  1.88030e-13
  6427.990  1.89740e-13
  6430.720  1.88080e-13
  6433.460  1.85530e-13
  6436.190  1.85010e-13
  6438.920  1.84770e-13
  6441.650  1.85880e-13
  6444.390  1.90160e-13
  6447.120  1.86650e-13
  6449.850  1.87290e-13
  6452.580  1.90190e-13
  6455.310  1.88640e-13
  6458.050  1.91190e-13
  6460.780  1.89240e-13
  6463.510  1.90730e-13
  6466.240  1.90950e-13
  6468.980  1.91090e-13
  6471.710  1.90550e-13
  6474.440  1.87490e-13
  6477.170  1.90330e-13
  6479.900  1.91790e-13
  6482.640  1.89940e-13
  6485.370  1.87250e-13
  6488.100  1.85790e-13
  6490.830  1.83250e-13
  6493.570  1.75670e-13
  6496.300  1.72000e-13
  6499.030  1.76830e-13
  6501.760  1.82690e-13
  6504.490  1.86230e-13
  6507.230  1.92700e-13
  6509.960  1.94170e-13
  6512.690  1.90670e-13
  6515.420  1.92280e-13
  6518.150  1.88870e-13
  6520.890  1.89010e-13
  6523.620  1.90960e-13
  6526.350  1.90610e-13
  6529.080  1.90190e-13
  6531.820  1.90000e-13
  6534.550  1.93620e-13
  6537.280  1.92840e-13
  6540.010  1.91590e-13
  6542.740  1.94360e-13
  6545.480  1.96540e-13
  6548.210  2.00200e-13
  6550.940  1.98260e-13
  6553.670  1.90530e-13
  6556.410  1.88470e-13
  6559.140  1.87730e-13
  6561.870  1.94370e-13
  6564.600  1.96220e-13
  6567.330  1.95550e-13
  6570.070  1.89380e-13
  6572.800  1.86580e-13
  6575.530  1.89790e-13
  6578.260  1.95880e-13
  6581.000  2.11250e-13
  6583.730  2.15650e-13
  6586.460  2.13420e-13
  6589.190  2.00210e-13
  6591.920  1.87150e-13
  6594.660  1.84260e-13
  6597.390  1.84620e-13
  6600.120  1.86900e-13
  6602.850  1.89560e-13
  6605.580  1.88500e-13
  6608.320  1.85150e-13
  6611.050  1.83580e-13
  6613.780  1.85330e-13
  6616.510  1.84640e-13
  6619.250  1.89890e-13
  6621.980  1.92110e-13
  6624.710  1.89290e-13
  6627.440  1.85840e-13
  6630.170  1.85120e-13
  6632.910  1.85620e-13
  6635.640  1.85340e-13
  6638.370  1.82170e-13
  6641.100  1.85100e-13
  6643.840  1.86000e-13
  6646.570  1.83770e-13
  6649.300  1.82120e-13
  6652.030  1.80670e-13
  6654.760  1.84670e-13
  6657.500  1.86590e-13
  6660.230  1.82840e-13
  6662.960  1.80710e-13
  6665.690  1.81050e-13
  6668.430  1.80080e-13
  6671.160  1.80730e-13
  6673.890  1.83000e-13
  6676.620  1.82990e-13
  6679.350  1.80350e-13
  6682.090  1.80520e-13
  6684.820  1.82280e-13
  6687.550  1.79930e-13
  6690.280  1.78850e-13
  6693.020  1.81620e-13
  6695.750  1.79300e-13
  6698.480  1.77810e-13
  6701.210  1.76360e-13
  6703.940  1.80620e-13
  6706.680  1.79740e-13
  6709.410  1.83580e-13
  6712.140  1.86740e-13
  6714.870  1.91010e-13
  6717.600  1.90470e-13
  6720.340  1.87670e-13
  6723.070  1.84030e-13
  6725.800  1.84800e-13
  6728.530  1.86020e-13
  6731.270  1.90040e-13
  6734.000  1.83640e-13
  6736.730  1.81470e-13
  6739.460  1.77740e-13
  6742.190  1.78690e-13
  6744.930  1.76460e-13
  6747.660  1.71750e-13
  6750.390  1.74790e-13
  6753.120  1.77880e-13
  6755.860  1.74910e-13
  6758.590  1.79800e-13
  6761.320  1.81580e-13
  6764.050  1.77560e-13
  6766.780  1.75420e-13
  6769.520  1.73910e-13
  6772.250  1.74360e-13
  6774.980  1.76080e-13
  6777.710  1.75720e-13
  6780.450  1.76560e-13
  6783.180  1.84390e-13
  6794.830  1.80760e-13
  6810.490  1.81150e-13
  6826.190  1.80710e-13
  6841.930  1.83200e-13
  6857.700  1.80250e-13
  6873.510  1.76120e-13
  6889.350  1.75690e-13
  6905.230  1.78110e-13
  6921.150  1.78910e-13
  6937.110  1.83050e-13
  6953.100  1.82190e-13
  6969.130  1.84270e-13
  6985.190  1.70380e-13
  7001.300  1.84230e-13
  7017.440  1.82510e-13
  7033.610  1.80400e-13
  7049.830  1.91060e-13
  7066.080  1.77060e-13
  7082.370  1.80320e-13
  7098.700  1.69820e-13
  7115.060  1.72160e-13
  7131.460  1.72140e-13
  7147.900  1.69750e-13
  7164.380  1.72890e-13
  7180.890  1.71280e-13
  7197.440  1.63170e-13
  7214.040  1.60910e-13
  7230.670  1.71210e-13
  7247.340  1.72770e-13
  7264.050  1.79640e-13
  7280.790  1.73510e-13
  7297.570  1.66060e-13
  7314.400  1.75880e-13
  7331.260  1.79120e-13
  7348.160  1.87970e-13
  7365.090  1.78660e-13
  7382.080  1.84910e-13
  7399.090  1.82770e-13
  7416.150  1.81070e-13
  7433.250  1.86970e-13
  7450.380  1.83960e-13
  7467.550  1.84360e-13
  7484.770  1.87320e-13
  7502.020  1.77230e-13
  7519.320  1.82590e-13
  7536.650  1.88980e-13
  7554.030  1.87220e-13
  7571.440  1.87190e-13
  7588.890  1.87590e-13
  7606.390  1.79950e-13
  7623.920  1.83270e-13
  7641.500  1.78660e-13
  7659.110  1.79870e-13
  7676.770  1.53430e-13
  7694.460  1.73310e-13
  7712.200  1.70120e-13
  7729.980  1.73660e-13
  7747.800  1.75240e-13
  7765.660  1.71230e-13
  7783.560  1.71200e-13
  7801.510  1.72760e-13
  7819.490  1.72340e-13
  7837.520  1.71910e-13
  7855.580  1.75890e-13
  7873.690  1.76680e-13
  7891.850  1.73430e-13
  7910.040  1.72210e-13
  7928.270  1.68650e-13
  7946.550  1.65160e-13
  7964.870  1.68980e-13
  7983.230  1.74090e-13
  8001.630  1.70100e-13
  8020.080  1.73240e-13
  8038.560  1.74810e-13
  8057.090  1.70810e-13
  8075.670  1.73160e-13
  8094.280  1.71940e-13
  8112.940  1.74300e-13
  8131.650  1.78340e-13
  8150.390  1.71860e-13
  8169.180  1.67150e-13
  8188.010  1.66350e-13
  8206.890  1.60310e-13
  8225.810  1.76150e-13
  8244.770  1.74510e-13
  8263.780  1.70510e-13
  8282.820  1.65460e-13
  8301.920  1.67730e-13
  8321.060  1.68870e-13
  8340.240  1.64620e-13
  8359.460  1.70770e-13
  8378.740  1.71920e-13
  8398.050  1.59680e-13
  8417.410  1.72260e-13
  8436.810  1.68310e-13
  8456.260  1.62200e-13
  8475.760  1.54870e-13
  8495.290  1.66310e-13
  8514.880  1.64750e-13
  8534.510  1.60610e-13
  8554.180  1.32040e-13
  8573.900  1.64670e-13
  8593.670  1.61270e-13
  8613.480  1.62360e-13
  8633.330  1.63460e-13
  8653.230  1.62300e-13
  8673.180  1.21410e-13
  8693.170  1.58560e-13
  8713.220  1.60000e-13
  8733.300  1.64830e-13
  8753.430  1.63290e-13
  8773.610  1.59910e-13
  8793.840  1.63990e-13
  8814.110  1.51960e-13
  8834.430  1.55480e-13
  8854.800  1.62030e-13
  8875.210  1.50840e-13
  8895.660  1.55750e-13
  8916.170  1.57890e-13
  8936.730  1.53560e-13
  8957.330  1.51080e-13
  8977.980  1.51050e-13
  8998.670  1.32760e-13
  9019.420  1.44210e-13
  9040.210  1.57730e-13
  9061.050  1.64370e-13
  9081.940  1.49540e-13
  9102.870  1.54410e-13
  9123.860  1.60540e-13
  9144.890  1.43720e-13
  9165.970  1.38820e-13
  9187.100  1.46000e-13
  9208.280  1.51800e-13
  9229.500  1.50040e-13
  9250.780  1.49670e-13
  9272.110  1.51370e-13
  9293.480  1.54160e-13
  9314.900  1.56280e-13
  9336.380  1.56250e-13
  9357.900  1.55860e-13
  9379.470  1.53340e-13
  9401.100  1.52960e-13
  9422.770  1.55770e-13
  9444.490  1.53960e-13
  9466.260  1.56070e-13
  9488.080  1.56050e-13
  9509.950  1.53520e-13
  9531.880  1.54200e-13
  9553.850  1.51360e-13
  9575.870  1.53080e-13
  9597.950  1.54830e-13
  9620.080  1.53030e-13
  9642.250  1.51250e-13
  9664.480  1.51220e-13
  9686.760  1.52590e-13
  9709.090  1.50460e-13
  9731.470  1.49060e-13
  9753.910  1.48690e-13
  9776.390  1.49000e-13
  9798.920  1.46930e-13
  9821.510  1.48940e-13
  9844.160  1.49260e-13
  9866.850  1.48200e-13
  9889.590  1.47830e-13
  9912.390  1.46110e-13
  9935.240  1.46760e-13
  9958.140  1.47070e-13
  9981.100  1.47040e-13
 10027.180  1.45970e-13
 10073.460  1.43910e-13
 10119.950  1.44510e-13
 10166.670  1.42800e-13
 10213.590  1.42750e-13
 10284.390  1.42660e-13
 10308.090  1.41650e-13
 10499.740  1.36930e-13
