# brown/NGC3379  |  Brown+14 atlas: NGC 3379, E1 (full-coverage bulge/elliptical)
# columns: wavelength_Angstrom  flam_erg_s_cm2_A (absolute scale arbitrary - ETC renormalizes)
   804.790  4.34660e-15
   814.110  4.23790e-15
   825.430  4.14140e-15
   834.990  3.77700e-15
   844.660  3.90980e-15
   854.440  3.79450e-15
   864.340  3.71670e-15
   874.340  3.64880e-15
   884.470  3.55760e-15
   894.710  3.47660e-15
   905.070  3.37410e-15
   915.550  3.93690e-15
   924.020  6.76320e-15
   934.720  9.88900e-15
   945.540  1.33710e-14
   954.290  1.59280e-14
   965.340  1.70670e-14
   974.280  7.38160e-15
   985.560  1.44930e-14
   994.680  1.44930e-14
  1003.880  1.83300e-14
  1015.510  1.79950e-14
  1024.900  1.02840e-14
  1034.380  1.45600e-14
  1043.960  2.16850e-14
  1056.040  2.10450e-14
  1065.820  1.75050e-14
  1075.680  1.95950e-14
  1085.630  1.58910e-14
  1095.680  2.00060e-14
  1105.810  1.91050e-14
  1116.050  1.84140e-14
  1123.780  1.65250e-14
  1134.180  1.97310e-14
  1144.670  1.82870e-14
  1155.270  1.88000e-14
  1165.960  1.88430e-14
  1174.040  1.35570e-14
  1184.900  1.79540e-14
  1195.870  1.40010e-14
  1204.150  1.12240e-14
  1215.300  8.11240e-15
  1223.720  1.35880e-14
  1235.040  1.77070e-14
  1243.600  1.87570e-14
  1255.110  1.79540e-14
  1263.810  1.62240e-14
  1275.510  1.92820e-14
  1284.350  1.98220e-14
  1296.230  1.62610e-14
  1305.220  1.61120e-14
  1314.260  1.90610e-14
  1326.420  1.81620e-14
  1335.620  1.63740e-14
  1344.880  1.86270e-14
  1354.200  1.80360e-14
  1363.580  1.63360e-14
  1376.200  1.67170e-14
  1385.740  1.66780e-14
  1395.350  1.40010e-14
  1405.020  1.41630e-14
  1414.760  1.53160e-14
  1424.560  1.53520e-14
  1434.440  1.53520e-14
  1441.060  1.58910e-14
  1447.710  1.60010e-14
  1454.390  1.54940e-14
  1464.480  1.43930e-14
  1474.630  1.43270e-14
  1484.850  1.44590e-14
  1495.140  1.44590e-14
  1505.500  1.36820e-14
  1512.450  1.23350e-14
  1515.940  1.29760e-14
  1526.450  1.26230e-14
  1533.490  1.10190e-14
  1544.120  1.13540e-14
  1554.830  1.08680e-14
  1565.610  1.12500e-14
  1576.460  1.18620e-14
  1583.730  1.22500e-14
  1594.710  1.23640e-14
  1605.770  1.20550e-14
  1613.180  1.19720e-14
  1624.360  1.14060e-14
  1635.620  1.19720e-14
  1643.170  1.20550e-14
  1654.560  1.12760e-14
  1666.030  1.20270e-14
  1673.720  1.08180e-14
  1677.580  1.21380e-14
  1685.320  1.24490e-14
  1693.100  1.16990e-14
  1704.830  1.12500e-14
  1716.650  1.06700e-14
  1724.580  1.05480e-14
  1736.530  1.11210e-14
  1744.550  1.08430e-14
  1756.640  1.14060e-14
  1764.750  1.05480e-14
  1776.980  1.06450e-14
  1785.180  1.07930e-14
  1793.420  1.13800e-14
  1805.850  1.12500e-14
  1814.190  1.03790e-14
  1826.760  1.05480e-14
  1835.200  1.01430e-14
  1843.670  9.29290e-15
  1856.450  9.35730e-15
  1865.010  9.61950e-15
  1873.620  1.02370e-14
  1886.610  9.46570e-15
  1895.320  9.18650e-15
  1904.070  9.61950e-15
  1912.860  9.25020e-15
  1926.110  8.95680e-15
  1935.010  8.99810e-15
  1943.940  9.64170e-15
  1952.910  9.03970e-15
  1966.450  9.91180e-15
  1975.520  1.00040e-14
  1984.640  9.68620e-15
  1993.800  9.46570e-15
  2003.010  9.61950e-15
  2016.890  9.40050e-15
  2026.200  9.46570e-15
  2035.550  9.33580e-15
  2044.950  9.75330e-15
  2054.390  9.18650e-15
  2063.870  9.20770e-15
  2073.400  9.95750e-15
  2078.180  1.20820e-14
  2082.970  1.38090e-14
  2097.400  1.28870e-14
  2107.090  1.27390e-14
  2116.810  1.35880e-14
  2126.580  1.28570e-14
  2136.400  1.21660e-14
  2146.260  1.40010e-14
  2156.170  1.40650e-14
  2166.120  1.28280e-14
  2176.120  1.27980e-14
  2186.160  1.47620e-14
  2196.250  1.46940e-14
  2206.390  1.43930e-14
  2216.570  1.20550e-14
  2226.800  1.32480e-14
  2237.080  1.64120e-14
  2247.410  1.56730e-14
  2252.590  1.28870e-14
  2262.990  1.22220e-14
  2273.430  1.30960e-14
  2283.930  1.65630e-14
  2294.470  1.40650e-14
  2305.060  1.63300e-14
  2315.700  1.41200e-14
  2326.390  1.14730e-14
  2337.130  1.12340e-14
  2342.510  8.94240e-15
  2353.330  1.34060e-14
  2364.190  9.48740e-15
  2375.100  1.10660e-14
  2386.060  8.27630e-15
  2397.080  9.49910e-15
  2402.600  9.41030e-15
  2413.690  1.03140e-14
  2424.830  1.51810e-14
  2436.030  1.53150e-14
  2447.270  1.79460e-14
  2452.910  1.89620e-14
  2464.230  1.62080e-14
  2475.610  1.46070e-14
  2487.040  9.89480e-15
  2492.770  1.14370e-14
  2504.280  1.66790e-14
  2515.830  9.09900e-15
  2527.450  8.39130e-15
  2533.270  1.21830e-14
  2544.970  1.26640e-14
  2556.710  2.26680e-14
  2562.610  1.68780e-14
  2574.440  2.15850e-14
  2586.320  1.91420e-14
  2592.280  1.73740e-14
  2604.250  1.52310e-14
  2616.270  1.39500e-14
  2622.300  1.83430e-14
  2634.400  3.23080e-14
  2646.560  4.30660e-14
  2652.660  6.23800e-14
  2664.910  3.77460e-14
  2677.210  4.30230e-14
  2683.380  5.08870e-14
  2695.770  3.60940e-14
  2701.980  4.55350e-14
  2714.450  3.22970e-14
  2726.980  2.43770e-14
  2733.270  3.18340e-14
  2745.880  1.84800e-14
  2752.210  2.49820e-14
  2764.920  3.29940e-14
  2777.680  3.49350e-14
  2784.080  2.10940e-14
  2796.930  1.06160e-14
  2803.380  1.25280e-14
  2816.320  3.05990e-14
  2822.810  4.50410e-14
  2835.840  4.20170e-14
  2842.380  2.87300e-14
  2855.500  1.66390e-14
  2862.080  4.14040e-14
  2875.290  5.99590e-14
  2881.920  5.37970e-14
  2895.220  6.86390e-14
  2908.590  9.51430e-14
  2928.750  8.16740e-14
  2949.050  7.44380e-14
  2969.490  7.78930e-14
  2990.080  7.91040e-14
  3010.800  7.85060e-14
  3031.670  8.54280e-14
  3052.690  8.89810e-14
  3066.780  9.93330e-14
  3088.030  9.61130e-14
  3109.440  1.14680e-13
  3130.990  1.04750e-13
  3152.700  1.05400e-13
  3167.250  1.17390e-13
  3189.200  9.96130e-14
  3211.310  1.10920e-13
  3233.570  9.17640e-14
  3248.500  1.34110e-13
  3271.010  1.58530e-13
  3293.690  1.55520e-13
  3308.890  1.43740e-13
  3324.160  1.35630e-13
  3331.820  1.40680e-13
  3339.510  1.19430e-13
  3347.200  1.57040e-13
  3354.920  1.52370e-13
  3362.650  1.03940e-13
  3370.410  1.21250e-13
  3378.180  1.45060e-13
  3385.960  1.39780e-13
  3393.770  1.45990e-13
  3401.590  1.70300e-13
  3409.430  1.42270e-13
  3417.290  1.20500e-13
  3425.170  1.50270e-13
  3433.070  1.74080e-13
  3440.980  1.36030e-13
  3448.910  1.17630e-13
  3456.860  1.43020e-13
  3464.830  1.20580e-13
  3472.820  1.57820e-13
  3480.820  1.24750e-13
  3488.850  1.43530e-13
  3496.890  1.31470e-13
  3504.950  1.68540e-13
  3513.030  1.52260e-13
  3521.130  1.74370e-13
  3529.250  1.18130e-13
  3537.380  1.64900e-13
  3545.540  1.67530e-13
  3553.710  1.74580e-13
  3561.900  1.56270e-13
  3570.110  1.21270e-13
  3578.350  1.41780e-13
  3586.590  9.89690e-14
  3594.860  1.49070e-13
  3603.150  1.87610e-13
  3611.450  1.23920e-13
  3619.780  1.61810e-13
  3628.130  1.82760e-13
  3636.490  1.42810e-13
  3638.940  1.90620e-13
  3640.940  1.81060e-13
  3642.930  1.79260e-13
  3644.920  1.83330e-13
  3646.920  1.85130e-13
  3648.910  1.75610e-13
  3650.900  1.71540e-13
  3652.900  1.78990e-13
  3654.890  1.97180e-13
  3656.890  2.09590e-13
  3658.880  2.08540e-13
  3660.870  2.06160e-13
  3662.870  2.01780e-13
  3664.860  2.12240e-13
  3666.860  2.11130e-13
  3668.850  2.11130e-13
  3670.840  2.09280e-13
  3672.840  2.07380e-13
  3674.830  2.08280e-13
  3676.830  1.97970e-13
  3678.820  1.91830e-13
  3680.810  1.82370e-13
  3682.810  1.87450e-13
  3684.800  1.96490e-13
  3686.800  2.04310e-13
  3688.790  2.08750e-13
  3690.780  2.12560e-13
  3692.780  2.13780e-13
  3694.770  2.13990e-13
  3696.770  2.14670e-13
  3698.760  2.15470e-13
  3700.750  2.10870e-13
  3702.750  2.05470e-13
  3704.740  1.98340e-13
  3706.740  1.95060e-13
  3708.730  1.92100e-13
  3710.720  1.92730e-13
  3712.720  1.93260e-13
  3714.710  2.00190e-13
  3716.700  1.96800e-13
  3718.700  1.89090e-13
  3720.690  1.75920e-13
  3722.690  1.76030e-13
  3724.680  1.76930e-13
  3726.670  1.75660e-13
  3728.670  1.65780e-13
  3730.660  1.61440e-13
  3732.660  1.55470e-13
  3734.650  1.50130e-13
  3736.640  1.44110e-13
  3738.640  1.46370e-13
  3740.630  1.52720e-13
  3742.630  1.54300e-13
  3744.620  1.49650e-13
  3746.610  1.45320e-13
  3748.610  1.48070e-13
  3750.600  1.52720e-13
  3752.600  1.60390e-13
  3754.590  1.58370e-13
  3756.580  1.58960e-13
  3758.580  1.65880e-13
  3760.570  1.76560e-13
  3762.570  1.84920e-13
  3764.560  1.87920e-13
  3766.550  1.91420e-13
  3768.550  1.89610e-13
  3770.540  1.90140e-13
  3772.540  1.98870e-13
  3774.530  2.11760e-13
  3776.520  2.18000e-13
  3778.520  2.19430e-13
  3780.510  2.19640e-13
  3782.500  2.23400e-13
  3784.500  2.18110e-13
  3786.490  2.04520e-13
  3788.490  1.88140e-13
  3790.480  1.75500e-13
  3792.470  1.71220e-13
  3794.470  1.68160e-13
  3796.460  1.69690e-13
  3798.460  1.71220e-13
  3800.450  1.72010e-13
  3802.440  1.73920e-13
  3804.440  1.85070e-13
  3806.430  1.93060e-13
  3808.430  1.86870e-13
  3810.420  1.80420e-13
  3812.410  1.69320e-13
  3814.410  1.70370e-13
  3816.400  1.62610e-13
  3818.400  1.67090e-13
  3820.390  1.63400e-13
  3822.380  1.52560e-13
  3824.380  1.32530e-13
  3826.370  1.15300e-13
  3828.370  1.14130e-13
  3830.360  1.16300e-13
  3832.350  1.21220e-13
  3834.350  1.20580e-13
  3836.340  1.25490e-13
  3838.340  1.28940e-13
  3840.330  1.32950e-13
  3842.320  1.32630e-13
  3844.320  1.42630e-13
  3846.310  1.50290e-13
  3848.310  1.58800e-13
  3850.300  1.56050e-13
  3852.290  1.55680e-13
  3854.290  1.48440e-13
  3856.280  1.43200e-13
  3858.270  1.41300e-13
  3860.270  1.47750e-13
  3862.260  1.53990e-13
  3864.260  1.53510e-13
  3866.250  1.50390e-13
  3868.240  1.53940e-13
  3870.240  1.53940e-13
  3872.230  1.51510e-13
  3874.230  1.49340e-13
  3876.220  1.47380e-13
  3878.210  1.47330e-13
  3880.210  1.48230e-13
  3882.200  1.55040e-13
  3884.200  1.56950e-13
  3886.190  1.57370e-13
  3888.180  1.60920e-13
  3890.180  1.73490e-13
  3892.170  1.91830e-13
  3894.170  2.08330e-13
  3896.160  2.21860e-13
  3898.150  2.28630e-13
  3900.150  2.32490e-13
  3902.140  2.27310e-13
  3904.140  2.22280e-13
  3906.130  2.19750e-13
  3908.120  2.29850e-13
  3910.120  2.35180e-13
  3912.110  2.36560e-13
  3914.110  2.36880e-13
  3916.100  2.27780e-13
  3918.090  2.11610e-13
  3920.090  1.90410e-13
  3922.080  1.71640e-13
  3924.070  1.59270e-13
  3926.070  1.48970e-13
  3928.060  1.35850e-13
  3930.060  1.21010e-13
  3932.050  1.04720e-13
  3934.040  9.95980e-14
  3936.040  1.04990e-13
  3938.030  1.19310e-13
  3940.030  1.45420e-13
  3942.020  1.68160e-13
  3944.010  1.86760e-13
  3946.010  1.99710e-13
  3948.000  2.17310e-13
  3950.000  2.32280e-13
  3951.990  2.35810e-13
  3953.980  2.26140e-13
  3955.980  2.09380e-13
  3957.970  1.89990e-13
  3959.970  1.71160e-13
  3961.960  1.53560e-13
  3963.950  1.37390e-13
  3965.950  1.21370e-13
  3967.940  1.09750e-13
  3969.940  1.21530e-13
  3971.930  1.40940e-13
  3973.920  1.75130e-13
  3975.920  2.01190e-13
  3977.910  2.32860e-13
  3979.910  2.56120e-13
  3981.900  2.72880e-13
  3983.890  2.83600e-13
  3985.890  2.89950e-13
  3987.880  3.00100e-13
  3989.870  3.05760e-13
  3991.870  3.08340e-13
  3993.860  3.06500e-13
  3995.860  3.08600e-13
  3997.850  3.13740e-13
  3999.840  3.19600e-13
  4001.840  3.22030e-13
  4003.830  3.27740e-13
  4005.830  3.27000e-13
  4007.820  3.26530e-13
  4009.810  3.27320e-13
  4011.810  3.32500e-13
  4013.800  3.40430e-13
  4015.800  3.44020e-13
  4017.790  3.44390e-13
  4019.780  3.39530e-13
  4021.780  3.31500e-13
  4023.770  3.28530e-13
  4025.770  3.27480e-13
  4027.760  3.17330e-13
  4029.750  3.04000e-13
  4031.750  2.99140e-13
  4033.740  3.20390e-13
  4035.740  3.39840e-13
  4037.730  3.48840e-13
  4039.720  3.40380e-13
  4041.720  3.25790e-13
  4043.710  3.09030e-13
  4045.710  3.01150e-13
  4047.700  3.03270e-13
  4049.690  3.16170e-13
  4051.690  3.21550e-13
  4053.680  3.25630e-13
  4055.670  3.24890e-13
  4057.670  3.19170e-13
  4059.660  3.11830e-13
  4061.660  3.03210e-13
  4063.650  3.03210e-13
  4065.640  3.14100e-13
  4067.640  3.17810e-13
  4069.630  3.18600e-13
  4071.630  3.15320e-13
  4073.620  3.14370e-13
  4075.610  3.13950e-13
  4077.610  3.13630e-13
  4079.600  3.22670e-13
  4081.600  3.36200e-13
  4083.590  3.51160e-13
  4085.580  3.56820e-13
  4087.580  3.64640e-13
  4089.570  3.62420e-13
  4091.570  3.61460e-13
  4093.560  3.46880e-13
  4095.550  3.30650e-13
  4097.550  3.15000e-13
  4099.540  3.02740e-13
  4101.540  2.97770e-13
  4103.530  2.99140e-13
  4105.520  3.06810e-13
  4107.520  3.17380e-13
  4109.510  3.24040e-13
  4111.510  3.30220e-13
  4113.500  3.34830e-13
  4115.490  3.35140e-13
  4117.490  3.33080e-13
  4119.480  3.25570e-13
  4121.470  3.25570e-13
  4123.470  3.32290e-13
  4125.460  3.38580e-13
  4127.460  3.36410e-13
  4129.450  3.22930e-13
  4131.440  3.17070e-13
  4133.440  3.12840e-13
  4135.430  3.14050e-13
  4137.430  3.09720e-13
  4139.420  3.09140e-13
  4141.410  3.06810e-13
  4143.410  3.03590e-13
  4145.400  3.01000e-13
  4147.400  2.97240e-13
  4149.390  2.97980e-13
  4151.380  3.04530e-13
  4153.380  3.09980e-13
  4155.370  3.14790e-13
  4157.370  3.19760e-13
  4159.360  3.28060e-13
  4161.350  3.38210e-13
  4163.350  3.42120e-13
  4165.340  3.42170e-13
  4167.340  3.35670e-13
  4169.330  3.26370e-13
  4171.320  3.14840e-13
  4173.320  3.11570e-13
  4175.310  3.08190e-13
  4177.310  3.13890e-13
  4179.300  3.19070e-13
  4181.290  3.30020e-13
  4183.290  3.35090e-13
  4185.280  3.34720e-13
  4187.270  3.30860e-13
  4189.270  3.29330e-13
  4191.260  3.31230e-13
  4193.260  3.32760e-13
  4195.250  3.35460e-13
  4197.240  3.23200e-13
  4199.240  3.15900e-13
  4201.230  3.15050e-13
  4203.230  3.29480e-13
  4205.220  3.39270e-13
  4207.210  3.47930e-13
  4209.210  3.51430e-13
  4211.200  3.50890e-13
  4213.200  3.40170e-13
  4215.190  3.37570e-13
  4217.180  3.46290e-13
  4219.180  3.57980e-13
  4221.170  3.52640e-13
  4223.170  3.32870e-13
  4225.160  3.06120e-13
  4227.150  2.95860e-13
  4229.150  3.05960e-13
  4231.140  3.23410e-13
  4233.140  3.37520e-13
  4235.130  3.40960e-13
  4237.120  3.47990e-13
  4239.120  3.50890e-13
  4241.110  3.63630e-13
  4243.110  3.72720e-13
  4245.100  3.76640e-13
  4247.090  3.64530e-13
  4249.090  3.50370e-13
  4251.080  3.37890e-13
  4253.070  3.33340e-13
  4255.070  3.34400e-13
  4257.060  3.39900e-13
  4259.060  3.42380e-13
  4261.050  3.45930e-13
  4263.040  3.57500e-13
  4265.040  3.67810e-13
  4267.030  3.58930e-13
  4269.030  3.38310e-13
  4271.020  3.15050e-13
  4273.010  3.05280e-13
  4275.010  3.10570e-13
  4277.000  3.23780e-13
  4279.000  3.40800e-13
  4280.990  3.45240e-13
  4282.980  3.42440e-13
  4284.980  3.36460e-13
  4286.970  3.26260e-13
  4288.970  3.18330e-13
  4290.960  3.09450e-13
  4292.950  3.10980e-13
  4294.950  3.06860e-13
  4296.940  2.98880e-13
  4298.940  2.79430e-13
  4300.930  2.65310e-13
  4302.920  2.53790e-13
  4304.920  2.49500e-13
  4306.910  2.50250e-13
  4308.910  2.55480e-13
  4310.900  2.71970e-13
  4312.890  3.03210e-13
  4314.890  3.45190e-13
  4316.880  3.83500e-13
  4318.870  4.00950e-13
  4320.870  3.95610e-13
  4322.860  3.74100e-13
  4324.860  3.52110e-13
  4326.850  3.49260e-13
  4328.840  3.67070e-13
  4330.840  3.87950e-13
  4332.830  4.02110e-13
  4334.830  3.99470e-13
  4336.820  3.84190e-13
  4338.810  3.51480e-13
  4340.810  3.25410e-13
  4342.800  3.32820e-13
  4344.800  3.82970e-13
  4346.790  4.28480e-13
  4348.780  4.36210e-13
  4350.780  4.08660e-13
  4352.770  3.87150e-13
  4354.770  3.85720e-13
  4356.760  3.93810e-13
  4358.750  4.01160e-13
  4360.750  4.10620e-13
  4362.740  4.20400e-13
  4364.740  4.27960e-13
  4366.730  4.27170e-13
  4368.720  4.16220e-13
  4370.720  4.03740e-13
  4372.710  3.92070e-13
  4374.710  3.82180e-13
  4376.700  3.73630e-13
  4378.690  3.70140e-13
  4380.690  3.61200e-13
  4382.680  3.50630e-13
  4384.670  3.38050e-13
  4386.670  3.39320e-13
  4388.660  3.51320e-13
  4390.660  3.65430e-13
  4392.650  3.80970e-13
  4394.640  3.90590e-13
  4396.640  3.98930e-13
  4398.630  4.01690e-13
  4400.630  3.98880e-13
  4402.620  3.86670e-13
  4404.610  3.77320e-13
  4406.610  3.74890e-13
  4408.600  3.83240e-13
  4410.600  4.03590e-13
  4412.590  4.23620e-13
  4414.580  4.35310e-13
  4416.580  4.31340e-13
  4418.570  4.26320e-13
  4420.570  4.26160e-13
  4422.560  4.29970e-13
  4424.550  4.32080e-13
  4426.550  4.30340e-13
  4428.540  4.25790e-13
  4430.540  4.25260e-13
  4432.530  4.27330e-13
  4434.520  4.27530e-13
  4436.520  4.24310e-13
  4438.510  4.29600e-13
  4440.510  4.39850e-13
  4442.500  4.49790e-13
  4444.490  4.53650e-13
  4446.490  4.59460e-13
  4448.480  4.62690e-13
  4450.480  4.63170e-13
  4452.470  4.50530e-13
  4454.460  4.35410e-13
  4456.460  4.16010e-13
  4458.450  4.04330e-13
  4460.440  4.02430e-13
  4462.440  4.15060e-13
  4464.430  4.29070e-13
  4466.430  4.38740e-13
  4468.420  4.43340e-13
  4470.410  4.52010e-13
  4472.410  4.64220e-13
  4474.400  4.71310e-13
  4476.400  4.75430e-13
  4478.390  4.70300e-13
  4480.380  4.69880e-13
  4482.380  4.71620e-13
  4484.370  4.77270e-13
  4486.370  4.78070e-13
  4488.360  4.75960e-13
  4490.350  4.71670e-13
  4492.350  4.68190e-13
  4494.340  4.59830e-13
  4496.340  4.68030e-13
  4498.330  4.75740e-13
  4500.320  4.89490e-13
  4502.320  4.92930e-13
  4504.310  5.05510e-13
  4506.310  5.10790e-13
  4508.300  5.14810e-13
  4510.290  5.09200e-13
  4512.290  5.06410e-13
  4514.280  5.01430e-13
  4516.280  4.95100e-13
  4518.270  4.95250e-13
  4520.260  4.96790e-13
  4522.260  4.94930e-13
  4524.250  4.76640e-13
  4526.240  4.54810e-13
  4528.240  4.37210e-13
  4530.230  4.33620e-13
  4532.230  4.31760e-13
  4534.220  4.38480e-13
  4536.210  4.54860e-13
  4538.210  4.73100e-13
  4540.200  4.83250e-13
  4542.200  4.79810e-13
  4544.190  4.78280e-13
  4546.180  4.78910e-13
  4548.180  4.78910e-13
  4550.170  4.77490e-13
  4552.170  4.74790e-13
  4554.160  4.81670e-13
  4556.150  4.91760e-13
  4558.150  5.02810e-13
  4560.140  5.11000e-13
  4562.140  5.12110e-13
  4564.130  5.10790e-13
  4566.120  5.07720e-13
  4568.120  5.06720e-13
  4570.110  5.05930e-13
  4572.110  5.02810e-13
  4574.100  5.03340e-13
  4576.090  5.07940e-13
  4578.090  5.04720e-13
  4580.080  4.92720e-13
  4582.080  4.82560e-13
  4584.070  4.84940e-13
  4586.060  4.90760e-13
  4588.060  4.92600e-13
  4590.050  4.91870e-13
  4592.040  4.90960e-13
  4594.040  4.88430e-13
  4596.030  4.86690e-13
  4598.030  4.85630e-13
  4600.020  4.86210e-13
  4602.010  4.85630e-13
  4604.010  4.88700e-13
  4606.000  4.92390e-13
  4608.000  5.04130e-13
  4609.990  5.13320e-13
  4611.980  5.20840e-13
  4613.980  5.22630e-13
  4615.970  5.24480e-13
  4617.970  5.24910e-13
  4619.960  5.29030e-13
  4621.950  5.30080e-13
  4623.950  5.30820e-13
  4625.940  5.28720e-13
  4627.940  5.30880e-13
  4629.930  5.31300e-13
  4631.920  5.24060e-13
  4633.920  5.12750e-13
  4635.910  5.06350e-13
  4637.910  4.96570e-13
  4639.900  4.90340e-13
  4641.890  4.87530e-13
  4643.890  4.88010e-13
  4645.880  4.88800e-13
  4647.880  4.81240e-13
  4649.870  4.81980e-13
  4651.860  4.84940e-13
  4653.860  4.96680e-13
  4655.850  4.98370e-13
  4657.840  5.05720e-13
  4659.840  5.10150e-13
  4661.830  5.14550e-13
  4663.830  4.97940e-13
  4665.820  4.75530e-13
  4667.810  4.63110e-13
  4669.810  4.66810e-13
  4671.800  4.78390e-13
  4673.800  4.85100e-13
  4675.790  4.85260e-13
  4677.780  4.86320e-13
  4679.780  4.84100e-13
  4681.770  4.81770e-13
  4683.770  4.78650e-13
  4685.760  4.79240e-13
  4687.750  4.83100e-13
  4689.750  4.82250e-13
  4691.740  4.85310e-13
  4693.740  4.86370e-13
  4695.730  4.87320e-13
  4697.720  4.80870e-13
  4699.720  4.74790e-13
  4701.710  4.72150e-13
  4703.710  4.69450e-13
  4705.700  4.70300e-13
  4707.690  4.74690e-13
  4709.690  4.79240e-13
  4711.680  4.81880e-13
  4713.680  4.83940e-13
  4715.670  4.92930e-13
  4717.660  5.07410e-13
  4719.660  5.19620e-13
  4721.650  5.25220e-13
  4723.640  5.22790e-13
  4725.640  5.15230e-13
  4727.630  5.02960e-13
  4729.630  4.90910e-13
  4731.620  4.84050e-13
  4733.610  4.85310e-13
  4735.610  4.92660e-13
  4737.600  5.02070e-13
  4739.600  5.12850e-13
  4741.590  5.20100e-13
  4743.580  5.20100e-13
  4745.580  5.16600e-13
  4747.570  5.16500e-13
  4749.570  5.16600e-13
  4751.560  5.18300e-13
  4753.550  5.14910e-13
  4755.550  5.13120e-13
  4757.540  5.11790e-13
  4759.540  5.09530e-13
  4761.530  5.03180e-13
  4763.520  4.96680e-13
  4765.520  4.92180e-13
  4767.510  4.89910e-13
  4769.510  4.89960e-13
  4771.500  4.93670e-13
  4773.490  5.01960e-13
  4775.490  5.09580e-13
  4777.480  5.12910e-13
  4779.480  5.15600e-13
  4781.470  5.12960e-13
  4783.460  5.06300e-13
  4785.460  4.98320e-13
  4787.450  4.97470e-13
  4789.440  5.01860e-13
  4791.440  5.07890e-13
  4793.430  5.12380e-13
  4795.430  5.19940e-13
  4797.420  5.24010e-13
  4799.410  5.24370e-13
  4801.410  5.25650e-13
  4803.400  5.24580e-13
  4805.400  5.25800e-13
  4807.390  5.22530e-13
  4809.380  5.28770e-13
  4811.380  5.27230e-13
  4813.370  5.26750e-13
  4815.370  5.22950e-13
  4817.360  5.28080e-13
  4819.350  5.36480e-13
  4821.350  5.36220e-13
  4823.340  5.27600e-13
  4825.340  5.18670e-13
  4827.330  5.13380e-13
  4829.320  5.18670e-13
  4831.320  5.14340e-13
  4833.310  5.16870e-13
  4835.310  5.11270e-13
  4837.300  5.16980e-13
  4839.290  5.13010e-13
  4841.290  5.11580e-13
  4843.280  5.06620e-13
  4845.280  5.06670e-13
  4847.270  5.11160e-13
  4849.260  5.13320e-13
  4851.260  5.11000e-13
  4853.250  5.04720e-13
  4855.240  4.90650e-13
  4857.240  4.74480e-13
  4859.230  4.55130e-13
  4861.230  4.46720e-13
  4863.220  4.48200e-13
  4865.210  4.53220e-13
  4867.210  4.60150e-13
  4869.200  4.66340e-13
  4871.200  4.72840e-13
  4873.190  4.77070e-13
  4875.180  4.80450e-13
  4877.180  4.85950e-13
  4879.170  4.90390e-13
  4881.170  4.94980e-13
  4883.160  4.96680e-13
  4885.150  4.90340e-13
  4887.150  4.85470e-13
  4889.140  4.85580e-13
  4891.140  4.93610e-13
  4893.130  5.03920e-13
  4895.120  5.13750e-13
  4897.120  5.24320e-13
  4899.110  5.29820e-13
  4901.110  5.31460e-13
  4903.100  5.28440e-13
  4905.090  5.21470e-13
  4907.090  5.13960e-13
  4909.080  5.14860e-13
  4911.080  5.21420e-13
  4913.070  5.21730e-13
  4915.060  5.09790e-13
  4917.060  4.90650e-13
  4919.050  4.83150e-13
  4921.040  4.80770e-13
  4923.040  4.87220e-13
  4925.030  4.95200e-13
  4927.030  5.10580e-13
  4929.020  5.25270e-13
  4931.010  5.30190e-13
  4933.010  5.22790e-13
  4935.000  5.15870e-13
  4937.000  5.12430e-13
  4938.990  5.16870e-13
  4940.980  5.20040e-13
  4942.980  5.25800e-13
  4944.970  5.32840e-13
  4946.970  5.35850e-13
  4948.960  5.41290e-13
  4950.950  5.41080e-13
  4952.950  5.35220e-13
  4954.940  5.19200e-13
  4956.940  5.06980e-13
  4958.930  5.01120e-13
  4960.920  5.00750e-13
  4962.920  5.04240e-13
  4964.910  5.04720e-13
  4966.910  5.07200e-13
  4968.900  5.09360e-13
  4970.890  5.14390e-13
  4972.890  5.14960e-13
  4974.880  5.11580e-13
  4976.880  5.05190e-13
  4978.870  4.98530e-13
  4980.860  4.82670e-13
  4982.860  4.74150e-13
  4984.850  4.67340e-13
  4986.840  4.74740e-13
  4988.840  4.77330e-13
  4990.830  4.86420e-13
  4992.830  4.91700e-13
  4994.820  4.96570e-13
  4996.810  4.94510e-13
  4998.810  4.87170e-13
  5000.800  4.79870e-13
  5002.800  4.72630e-13
  5004.790  4.65550e-13
  5006.780  4.63170e-13
  5008.780  4.61150e-13
  5010.770  4.60100e-13
  5012.770  4.58460e-13
  5014.760  4.56080e-13
  5016.750  4.56550e-13
  5018.750  4.58510e-13
  5020.740  4.64010e-13
  5022.740  4.71830e-13
  5024.730  4.77490e-13
  5026.720  4.80240e-13
  5028.720  4.80720e-13
  5030.710  4.83570e-13
  5032.710  4.84840e-13
  5034.700  4.82770e-13
  5036.690  4.75110e-13
  5038.690  4.66760e-13
  5040.680  4.61360e-13
  5042.680  4.62370e-13
  5044.670  4.68660e-13
  5046.660  4.73210e-13
  5048.660  4.72790e-13
  5050.650  4.74580e-13
  5052.650  4.83620e-13
  5054.640  4.93720e-13
  5056.630  5.00960e-13
  5058.630  5.01170e-13
  5060.620  4.97150e-13
  5062.610  4.91870e-13
  5064.610  4.85150e-13
  5066.600  4.79130e-13
  5068.600  4.74790e-13
  5070.590  4.76960e-13
  5072.580  4.80240e-13
  5074.580  4.77430e-13
  5076.570  4.69510e-13
  5078.570  4.68550e-13
  5080.560  4.66760e-13
  5082.550  4.65650e-13
  5084.550  4.64270e-13
  5086.540  4.69510e-13
  5088.540  4.76910e-13
  5090.530  4.77650e-13
  5092.520  4.80340e-13
  5094.520  4.78170e-13
  5096.510  4.75960e-13
  5098.510  4.70140e-13
  5100.500  4.65380e-13
  5102.490  4.61840e-13
  5104.490  4.52960e-13
  5106.480  4.58410e-13
  5108.480  4.65280e-13
  5110.470  4.73680e-13
  5112.460  4.74050e-13
  5114.460  4.79130e-13
  5116.450  4.92180e-13
  5118.450  4.99530e-13
  5120.440  4.93560e-13
  5122.430  4.77860e-13
  5124.430  4.61740e-13
  5126.420  4.53330e-13
  5128.410  4.48840e-13
  5130.410  4.53070e-13
  5132.400  4.63790e-13
  5134.400  4.71890e-13
  5136.390  4.65960e-13
  5138.380  4.56290e-13
  5140.380  4.55600e-13
  5142.370  4.60150e-13
  5144.370  4.63790e-13
  5146.360  4.64810e-13
  5148.350  4.68080e-13
  5150.350  4.68190e-13
  5152.340  4.65280e-13
  5154.340  4.62580e-13
  5156.330  4.62270e-13
  5158.320  4.61000e-13
  5160.320  4.54600e-13
  5162.310  4.42860e-13
  5164.310  4.29600e-13
  5166.300  4.20140e-13
  5168.290  4.06180e-13
  5170.290  3.83400e-13
  5172.280  3.66440e-13
  5174.280  3.67910e-13
  5176.270  3.83930e-13
  5178.260  3.92280e-13
  5180.260  3.96190e-13
  5182.250  4.05550e-13
  5184.250  4.30280e-13
  5186.240  4.65750e-13
  5188.230  4.92930e-13
  5190.230  4.95150e-13
  5192.220  4.73360e-13
  5194.210  4.58140e-13
  5196.210  4.59310e-13
  5198.200  4.68870e-13
  5200.200  4.70140e-13
  5202.190  4.65280e-13
  5204.180  4.60410e-13
  5206.180  4.58620e-13
  5208.170  4.60410e-13
  5210.170  4.62690e-13
  5212.160  4.68080e-13
  5214.150  4.80190e-13
  5216.150  4.97790e-13
  5218.140  5.06140e-13
  5220.140  5.03870e-13
  5222.130  5.03230e-13
  5224.120  5.07940e-13
  5226.120  5.06620e-13
  5228.110  4.94350e-13
  5230.110  4.90440e-13
  5232.100  4.94460e-13
  5234.090  5.02280e-13
  5236.090  5.04930e-13
  5238.080  5.08680e-13
  5240.080  5.20040e-13
  5242.070  5.36220e-13
  5244.060  5.51810e-13
  5246.060  5.50600e-13
  5248.050  5.31940e-13
  5250.050  5.09940e-13
  5252.040  5.00060e-13
  5254.030  5.02440e-13
  5256.030  5.10790e-13
  5258.020  5.19360e-13
  5260.010  5.26440e-13
  5262.010  5.20730e-13
  5264.000  5.01650e-13
  5266.000  4.78440e-13
  5267.990  4.60680e-13
  5269.980  4.54500e-13
  5271.980  4.56550e-13
  5273.970  4.67080e-13
  5275.970  4.77120e-13
  5277.960  4.91980e-13
  5279.950  5.16500e-13
  5281.950  5.36750e-13
  5283.940  5.45790e-13
  5285.940  5.44410e-13
  5287.930  5.48220e-13
  5289.920  5.52340e-13
  5291.920  5.54190e-13
  5293.910  5.55250e-13
  5295.910  5.55510e-13
  5297.900  5.54720e-13
  5299.890  5.47740e-13
  5301.890  5.37650e-13
  5303.880  5.36700e-13
  5305.880  5.47060e-13
  5307.870  5.64020e-13
  5309.860  5.72110e-13
  5311.860  5.68830e-13
  5313.850  5.60850e-13
  5315.850  5.52440e-13
  5317.840  5.47110e-13
  5319.830  5.45040e-13
  5321.830  5.41340e-13
  5323.820  5.34050e-13
  5325.810  5.22210e-13
  5327.810  5.08730e-13
  5329.800  5.00960e-13
  5331.800  5.00860e-13
  5333.790  5.06350e-13
  5335.780  5.16660e-13
  5337.780  5.26540e-13
  5339.770  5.32100e-13
  5341.770  5.32410e-13
  5343.760  5.31560e-13
  5345.750  5.35370e-13
  5347.750  5.38910e-13
  5349.740  5.40870e-13
  5351.740  5.42240e-13
  5353.730  5.46630e-13
  5355.720  5.55720e-13
  5357.720  5.63230e-13
  5359.710  5.64020e-13
  5361.710  5.56840e-13
  5363.700  5.50800e-13
  5365.690  5.48910e-13
  5367.690  5.47630e-13
  5369.680  5.46100e-13
  5371.680  5.40180e-13
  5373.670  5.33680e-13
  5375.660  5.31200e-13
  5377.660  5.37010e-13
  5379.650  5.45470e-13
  5381.650  5.49060e-13
  5383.640  5.51280e-13
  5385.630  5.52080e-13
  5387.630  5.49750e-13
  5389.620  5.42190e-13
  5391.610  5.33530e-13
  5393.610  5.28030e-13
  5395.600  5.26860e-13
  5397.600  5.27230e-13
  5399.590  5.21200e-13
  5401.580  5.11630e-13
  5403.580  5.06510e-13
  5405.570  5.11900e-13
  5407.570  5.17770e-13
  5409.560  5.18460e-13
  5411.550  5.17190e-13
  5413.550  5.20780e-13
  5415.540  5.26750e-13
  5417.540  5.32250e-13
  5419.530  5.38120e-13
  5421.520  5.42770e-13
  5423.520  5.44200e-13
  5425.510  5.39920e-13
  5427.510  5.32680e-13
  5429.500  5.24370e-13
  5431.490  5.16290e-13
  5433.490  5.12430e-13
  5435.480  5.17130e-13
  5437.480  5.26170e-13
  5439.470  5.29770e-13
  5441.460  5.25650e-13
  5443.460  5.38860e-13
  5445.450  5.59580e-13
  5447.450  5.69940e-13
  5449.440  5.55300e-13
  5451.430  5.37270e-13
  5453.430  5.29390e-13
  5455.420  5.24320e-13
  5457.410  5.23060e-13
  5459.410  5.23850e-13
  5461.400  5.23790e-13
  5463.400  5.17930e-13
  5465.390  5.14550e-13
  5467.380  5.19360e-13
  5469.380  5.30610e-13
  5471.370  5.40550e-13
  5473.370  5.43620e-13
  5475.360  5.37910e-13
  5477.350  5.24370e-13
  5479.350  5.07360e-13
  5481.340  5.02440e-13
  5483.340  5.11630e-13
  5485.330  5.25320e-13
  5487.320  5.33730e-13
  5489.320  5.34260e-13
  5491.310  5.36270e-13
  5493.310  5.40030e-13
  5495.300  5.38910e-13
  5497.290  5.35900e-13
  5499.290  5.35000e-13
  5501.280  5.42510e-13
  5503.280  5.46740e-13
  5505.270  5.38600e-13
  5507.260  5.25910e-13
  5509.260  5.20510e-13
  5511.250  5.21150e-13
  5513.250  5.22000e-13
  5515.240  5.23270e-13
  5517.230  5.28770e-13
  5519.230  5.40340e-13
  5521.220  5.50060e-13
  5523.210  5.48320e-13
  5525.210  5.39970e-13
  5527.200  5.34050e-13
  5529.200  5.39440e-13
  5531.190  5.49010e-13
  5533.180  5.50060e-13
  5535.180  5.43300e-13
  5537.170  5.39920e-13
  5539.170  5.47630e-13
  5541.160  5.58790e-13
  5543.150  5.57520e-13
  5545.150  5.45580e-13
  5547.140  5.34100e-13
  5549.140  5.35060e-13
  5551.130  5.34000e-13
  5553.120  5.33840e-13
  5555.120  5.28440e-13
  5557.110  5.30250e-13
  5559.110  5.32100e-13
  5561.100  5.33890e-13
  5563.090  5.35690e-13
  5565.090  5.37540e-13
  5567.080  5.39340e-13
  5569.080  5.41180e-13
  5571.070  5.42980e-13
  5573.060  5.45890e-13
  5575.060  5.47210e-13
  5577.050  5.52490e-13
  5579.050  5.59850e-13
  5581.040  5.62600e-13
  5583.030  5.55040e-13
  5585.030  5.42670e-13
  5587.020  5.36010e-13
  5589.010  5.29560e-13
  5591.010  5.21790e-13
  5593.000  5.15340e-13
  5595.000  5.17080e-13
  5596.990  5.22950e-13
  5598.980  5.30670e-13
  5600.980  5.39340e-13
  5602.970  5.48160e-13
  5604.970  5.56990e-13
  5606.960  5.66400e-13
  5608.950  5.76130e-13
  5610.950  5.79990e-13
  5612.940  5.74490e-13
  5614.940  5.62170e-13
  5616.930  5.50540e-13
  5618.920  5.45100e-13
  5620.920  5.43300e-13
  5622.910  5.39970e-13
  5624.910  5.34260e-13
  5626.900  5.33470e-13
  5628.890  5.41510e-13
  5630.890  5.52550e-13
  5632.880  5.54770e-13
  5634.880  5.51550e-13
  5636.870  5.47680e-13
  5638.860  5.46050e-13
  5640.860  5.43770e-13
  5642.850  5.41290e-13
  5644.850  5.42080e-13
  5646.840  5.44200e-13
  5648.830  5.49010e-13
  5650.830  5.52340e-13
  5652.820  5.51920e-13
  5654.820  5.51070e-13
  5656.810  5.46420e-13
  5658.800  5.41660e-13
  5660.800  5.37540e-13
  5662.790  5.34210e-13
  5664.780  5.34890e-13
  5666.780  5.38060e-13
  5668.770  5.49430e-13
  5670.770  5.61750e-13
  5672.760  5.69100e-13
  5674.750  5.71110e-13
  5676.750  5.65920e-13
  5678.740  5.61850e-13
  5680.740  5.60640e-13
  5682.730  5.60110e-13
  5684.720  5.55510e-13
  5686.720  5.48800e-13
  5688.710  5.45790e-13
  5690.710  5.42820e-13
  5692.700  5.41340e-13
  5694.690  5.46840e-13
  5696.690  5.59160e-13
  5698.680  5.66080e-13
  5700.680  5.65030e-13
  5702.670  5.54770e-13
  5704.660  5.41240e-13
  5706.660  5.32460e-13
  5708.650  5.27070e-13
  5710.650  5.26750e-13
  5712.640  5.28030e-13
  5714.630  5.34840e-13
  5716.630  5.47630e-13
  5718.620  5.59790e-13
  5720.620  5.72060e-13
  5722.610  5.77660e-13
  5724.600  5.76870e-13
  5726.600  5.74960e-13
  5728.590  5.76970e-13
  5730.580  5.78080e-13
  5732.580  5.74540e-13
  5734.570  5.75180e-13
  5736.570  5.77610e-13
  5738.560  5.76870e-13
  5740.550  5.70150e-13
  5742.550  5.68090e-13
  5744.540  5.65560e-13
  5746.540  5.58370e-13
  5748.530  5.50120e-13
  5750.520  5.53180e-13
  5752.520  5.64920e-13
  5754.510  5.72580e-13
  5756.510  5.70580e-13
  5758.500  5.65710e-13
  5760.490  5.63230e-13
  5762.490  5.63700e-13
  5764.480  5.65980e-13
  5766.480  5.69780e-13
  5768.470  5.77340e-13
  5770.460  5.87810e-13
  5772.460  5.97110e-13
  5774.450  6.00180e-13
  5776.450  5.94210e-13
  5778.440  5.82730e-13
  5780.430  5.66980e-13
  5782.430  5.50060e-13
  5784.420  5.39550e-13
  5786.420  5.45310e-13
  5788.410  5.57680e-13
  5790.400  5.64020e-13
  5792.400  5.60960e-13
  5794.390  5.67890e-13
  5796.380  5.80730e-13
  5798.380  5.87280e-13
  5800.370  5.82470e-13
  5802.370  5.82150e-13
  5804.360  5.90300e-13
  5806.350  5.94840e-13
  5808.350  5.91200e-13
  5810.340  5.84850e-13
  5812.340  5.84010e-13
  5814.330  5.87020e-13
  5816.320  5.86390e-13
  5818.320  5.81300e-13
  5820.310  5.76020e-13
  5822.310  5.78770e-13
  5824.300  5.88440e-13
  5826.290  5.97640e-13
  5828.290  6.01500e-13
  5830.280  6.01180e-13
  5832.280  5.99540e-13
  5834.270  5.97640e-13
  5836.260  5.94420e-13
  5838.260  5.94890e-13
  5840.250  5.96640e-13
  5842.250  5.95900e-13
  5844.240  5.90190e-13
  5846.230  5.86800e-13
  5848.230  5.87280e-13
  5850.220  5.87440e-13
  5852.220  5.85960e-13
  5854.210  5.76280e-13
  5856.200  5.61060e-13
  5858.200  5.48220e-13
  5860.190  5.51340e-13
  5862.180  5.58100e-13
  5864.180  5.47160e-13
  5866.170  5.19300e-13
  5868.170  5.15440e-13
  5870.160  5.37110e-13
  5872.150  5.65610e-13
  5874.150  5.89290e-13
  5876.140  5.90770e-13
  5878.140  5.81940e-13
  5880.130  5.65390e-13
  5882.120  5.57990e-13
  5884.120  5.53450e-13
  5886.110  5.30980e-13
  5888.110  5.03760e-13
  5890.100  4.77600e-13
  5892.090  4.55180e-13
  5894.090  4.38950e-13
  5896.080  4.36360e-13
  5898.080  4.50210e-13
  5900.070  4.74790e-13
  5902.060  5.00750e-13
  5904.060  5.21730e-13
  5906.050  5.35850e-13
  5908.050  5.45630e-13
  5910.040  5.52870e-13
  5912.030  5.56890e-13
  5914.030  5.60320e-13
  5916.020  5.65770e-13
  5918.020  5.74060e-13
  5920.010  5.73590e-13
  5922.000  5.64290e-13
  5924.000  5.58320e-13
  5925.990  5.63700e-13
  5927.980  5.68250e-13
  5929.980  5.61010e-13
  5931.970  5.54240e-13
  5933.970  5.58150e-13
  5935.960  5.68680e-13
  5937.950  5.72960e-13
  5939.950  5.73380e-13
  5941.940  5.73800e-13
  5943.940  5.75540e-13
  5945.930  5.75600e-13
  5947.920  5.76020e-13
  5949.920  5.73220e-13
  5951.910  5.67250e-13
  5953.910  5.62390e-13
  5955.900  5.59530e-13
  5957.890  5.62120e-13
  5959.890  5.68410e-13
  5961.880  5.77710e-13
  5963.880  5.78770e-13
  5965.870  5.72220e-13
  5967.860  5.70940e-13
  5969.860  5.74010e-13
  5971.850  5.73800e-13
  5973.850  5.65130e-13
  5975.840  5.60900e-13
  5977.830  5.59740e-13
  5979.830  5.61850e-13
  5981.820  5.65030e-13
  5983.820  5.65980e-13
  5985.810  5.63970e-13
  5987.800  5.60530e-13
  5989.800  5.63180e-13
  5991.790  5.65870e-13
  5993.780  5.66660e-13
  5995.780  5.65820e-13
  5997.770  5.63650e-13
  5999.770  5.60850e-13
  6001.760  5.58840e-13
  6003.750  5.60160e-13
  6005.750  5.60850e-13
  6007.740  5.57890e-13
  6009.740  5.55610e-13
  6011.730  5.59740e-13
  6013.720  5.66770e-13
  6015.720  5.73960e-13
  6017.710  5.74220e-13
  6019.710  5.66930e-13
  6021.700  5.61010e-13
  6023.690  5.56410e-13
  6025.690  5.54610e-13
  6027.680  5.53920e-13
  6029.680  5.60060e-13
  6031.670  5.73540e-13
  6033.660  5.80040e-13
  6035.660  5.75870e-13
  6037.650  5.73380e-13
  6039.650  5.79670e-13
  6041.640  5.87750e-13
  6043.630  5.93680e-13
  6045.630  5.94520e-13
  6047.620  5.96160e-13
  6049.620  5.98750e-13
  6051.610  6.01710e-13
  6053.600  6.03610e-13
  6055.600  5.98110e-13
  6057.590  5.88340e-13
  6059.580  5.83680e-13
  6061.580  5.87070e-13
  6063.570  5.92680e-13
  6065.570  5.96010e-13
  6067.560  5.96110e-13
  6069.550  5.97010e-13
  6071.550  5.97270e-13
  6073.540  5.96640e-13
  6075.540  5.92090e-13
  6077.530  5.81840e-13
  6079.520  5.73910e-13
  6081.520  5.72640e-13
  6083.510  5.77610e-13
  6085.510  5.79400e-13
  6087.500  5.78510e-13
  6089.490  5.79460e-13
  6091.490  5.84270e-13
  6093.480  5.90350e-13
  6095.480  5.92830e-13
  6097.470  5.93150e-13
  6099.460  5.94580e-13
  6101.460  5.91460e-13
  6103.450  5.85700e-13
  6105.450  5.79040e-13
  6107.440  5.77920e-13
  6109.430  5.80780e-13
  6111.430  5.81100e-13
  6113.420  5.79460e-13
  6115.420  5.78030e-13
  6117.410  5.75920e-13
  6119.400  5.71210e-13
  6121.400  5.60850e-13
  6123.390  5.54610e-13
  6125.380  5.56040e-13
  6127.380  5.63700e-13
  6129.370  5.73640e-13
  6131.370  5.83320e-13
  6133.360  5.90820e-13
  6135.350  5.92730e-13
  6137.350  5.89970e-13
  6139.340  5.85800e-13
  6141.340  5.82580e-13
  6143.330  5.81840e-13
  6145.320  5.82260e-13
  6147.320  5.78460e-13
  6149.310  5.70730e-13
  6151.310  5.64340e-13
  6153.300  5.61060e-13
  6155.290  5.57310e-13
  6157.290  5.47420e-13
  6159.280  5.36270e-13
  6161.280  5.27180e-13
  6163.270  5.21150e-13
  6165.260  5.18610e-13
  6167.260  5.25060e-13
  6169.250  5.34530e-13
  6171.250  5.43150e-13
  6173.240  5.51280e-13
  6175.230  5.56940e-13
  6177.230  5.58470e-13
  6179.220  5.54560e-13
  6181.220  5.57940e-13
  6183.210  5.63280e-13
  6185.200  5.63280e-13
  6187.200  5.55830e-13
  6189.190  5.47160e-13
  6191.180  5.40340e-13
  6193.180  5.35580e-13
  6195.170  5.37430e-13
  6197.170  5.40500e-13
  6199.160  5.42870e-13
  6201.150  5.45310e-13
  6203.150  5.51020e-13
  6205.140  5.54820e-13
  6207.140  5.50650e-13
  6209.130  5.41080e-13
  6211.120  5.33840e-13
  6213.120  5.31720e-13
  6215.110  5.34050e-13
  6217.110  5.38700e-13
  6219.100  5.44510e-13
  6221.090  5.48270e-13
  6223.090  5.45990e-13
  6225.080  5.38810e-13
  6227.080  5.29340e-13
  6229.070  5.20150e-13
  6231.060  5.11320e-13
  6233.060  5.02750e-13
  6235.050  4.98790e-13
  6237.050  5.03550e-13
  6239.040  5.17870e-13
  6241.030  5.32200e-13
  6243.030  5.36270e-13
  6245.020  5.29240e-13
  6247.020  5.22210e-13
  6249.010  5.23220e-13
  6251.000  5.29340e-13
  6253.000  5.29450e-13
  6254.990  5.20730e-13
  6256.990  5.06720e-13
  6258.980  4.94720e-13
  6260.970  4.89330e-13
  6262.970  4.93930e-13
  6264.960  5.07770e-13
  6266.950  5.25430e-13
  6268.950  5.39180e-13
  6270.940  5.41980e-13
  6272.940  5.39600e-13
  6274.930  5.36170e-13
  6276.920  5.37060e-13
  6278.920  5.38010e-13
  6280.910  5.38960e-13
  6282.910  5.39920e-13
  6284.900  5.40870e-13
  6286.890  5.41820e-13
  6288.890  5.42770e-13
  6290.880  5.48160e-13
  6292.880  5.52390e-13
  6294.870  5.51920e-13
  6296.860  5.46790e-13
  6298.860  5.42670e-13
  6300.850  5.43510e-13
  6302.850  5.45250e-13
  6304.840  5.47790e-13
  6306.830  5.48480e-13
  6308.830  5.50390e-13
  6310.820  5.55610e-13
  6312.820  5.59960e-13
  6314.810  5.56460e-13
  6316.800  5.45580e-13
  6318.800  5.37700e-13
  6320.790  5.36220e-13
  6322.790  5.37380e-13
  6324.780  5.39180e-13
  6326.770  5.46210e-13
  6328.770  5.57150e-13
  6330.760  5.66510e-13
  6332.750  5.64020e-13
  6334.750  5.58210e-13
  6336.740  5.52550e-13
  6338.740  5.52490e-13
  6340.730  5.52390e-13
  6342.720  5.52340e-13
  6344.720  5.52230e-13
  6346.710  5.52180e-13
  6348.710  5.52080e-13
  6350.700  5.52030e-13
  6352.690  5.51920e-13
  6354.690  5.51870e-13
  6356.680  5.48430e-13
  6358.680  5.43510e-13
  6360.670  5.40770e-13
  6362.660  5.44620e-13
  6364.660  5.52440e-13
  6366.650  5.60800e-13
  6368.650  5.67140e-13
  6370.640  5.69890e-13
  6372.630  5.70320e-13
  6374.630  5.72010e-13
  6376.620  5.76920e-13
  6378.620  5.79610e-13
  6380.610  5.77510e-13
  6382.600  5.72530e-13
  6384.600  5.68510e-13
  6386.590  5.61910e-13
  6388.590  5.56570e-13
  6390.580  5.56300e-13
  6392.570  5.61700e-13
  6394.570  5.63700e-13
  6396.560  5.60580e-13
  6398.550  5.59960e-13
  6400.550  5.67090e-13
  6402.540  5.76820e-13
  6404.540  5.82840e-13
  6406.530  5.84060e-13
  6408.520  5.83270e-13
  6410.520  5.80410e-13
  6412.510  5.74490e-13
  6414.510  5.68680e-13
  6416.500  5.68780e-13
  6418.490  5.70790e-13
  6420.490  5.68090e-13
  6422.480  5.61320e-13
  6424.480  5.55770e-13
  6426.470  5.57040e-13
  6428.460  5.61650e-13
  6430.460  5.65820e-13
  6432.450  5.67770e-13
  6434.450  5.66460e-13
  6436.440  5.64390e-13
  6438.430  5.62390e-13
  6440.430  5.62750e-13
  6442.420  5.66610e-13
  6444.420  5.70370e-13
  6446.410  5.73010e-13
  6448.400  5.74490e-13
  6450.400  5.75970e-13
  6452.390  5.74330e-13
  6454.390  5.71060e-13
  6456.380  5.69250e-13
  6458.370  5.69630e-13
  6460.370  5.69250e-13
  6462.360  5.67090e-13
  6464.350  5.64920e-13
  6466.350  5.63920e-13
  6468.340  5.63020e-13
  6470.340  5.61320e-13
  6472.330  5.59480e-13
  6474.320  5.59680e-13
  6476.320  5.65610e-13
  6478.310  5.78460e-13
  6480.310  5.95320e-13
  6482.300  6.08900e-13
  6484.290  6.07050e-13
  6486.290  5.89080e-13
  6488.280  5.71680e-13
  6490.280  5.61170e-13
  6492.270  5.57730e-13
  6494.260  5.49800e-13
  6496.260  5.36320e-13
  6498.250  5.29450e-13
  6500.250  5.32620e-13
  6502.240  5.44300e-13
  6504.230  5.57420e-13
  6506.230  5.61700e-13
  6508.220  5.60320e-13
  6510.220  5.58940e-13
  6512.210  5.63920e-13
  6514.200  5.79670e-13
  6516.200  5.94840e-13
  6518.190  5.92830e-13
  6520.190  5.80090e-13
  6522.180  5.69840e-13
  6524.170  5.76230e-13
  6526.170  5.84060e-13
  6528.160  5.81040e-13
  6530.150  5.73380e-13
  6532.150  5.74330e-13
  6534.140  5.84160e-13
  6536.140  5.93150e-13
  6538.130  5.92620e-13
  6540.120  5.86860e-13
  6542.120  5.82100e-13
  6544.110  5.81840e-13
  6546.110  5.82260e-13
  6548.100  5.76340e-13
  6550.090  5.66870e-13
  6552.090  5.58420e-13
  6554.080  5.52390e-13
  6556.080  5.48960e-13
  6558.070  5.47000e-13
  6560.060  5.48160e-13
  6562.060  5.43150e-13
  6564.050  5.32040e-13
  6566.050  5.22100e-13
  6568.040  5.20730e-13
  6570.030  5.25120e-13
  6572.030  5.32200e-13
  6574.020  5.41870e-13
  6576.020  5.53610e-13
  6578.010  5.64130e-13
  6580.000  5.70320e-13
  6582.000  5.73060e-13
  6583.990  5.76280e-13
  6585.990  5.81360e-13
  6587.980  5.85270e-13
  6589.970  5.82320e-13
  6591.970  5.74330e-13
  6593.960  5.66350e-13
  6595.950  5.64440e-13
  6597.950  5.70150e-13
  6599.940  5.75490e-13
  6601.940  5.76660e-13
  6603.930  5.73750e-13
  6605.920  5.70530e-13
  6607.920  5.68730e-13
  6609.910  5.67720e-13
  6611.910  5.71270e-13
  6613.900  5.75230e-13
  6615.890  5.77080e-13
  6617.890  5.77230e-13
  6619.880  5.78400e-13
  6621.880  5.80090e-13
  6623.870  5.79090e-13
  6625.860  5.75540e-13
  6627.860  5.74110e-13
  6629.850  5.74650e-13
  6631.850  5.74750e-13
  6633.840  5.70530e-13
  6635.830  5.66190e-13
  6637.830  5.63180e-13
  6639.820  5.61750e-13
  6641.820  5.65510e-13
  6643.810  5.73320e-13
  6645.800  5.81250e-13
  6647.800  5.82470e-13
  6649.790  5.80780e-13
  6651.790  5.78240e-13
  6653.780  5.75180e-13
  6655.770  5.71740e-13
  6657.770  5.69520e-13
  6659.760  5.68620e-13
  6661.750  5.67350e-13
  6663.750  5.65920e-13
  6665.740  5.63650e-13
  6667.740  5.61650e-13
  6669.730  5.61540e-13
  6671.720  5.64340e-13
  6673.720  5.66130e-13
  6675.710  5.64710e-13
  6677.710  5.63540e-13
  6679.700  5.66400e-13
  6681.690  5.70470e-13
  6683.690  5.70680e-13
  6685.680  5.69360e-13
  6687.680  5.68560e-13
  6689.670  5.67720e-13
  6691.660  5.63920e-13
  6693.660  5.63750e-13
  6695.650  5.65820e-13
  6697.650  5.67200e-13
  6699.640  5.65390e-13
  6701.630  5.64130e-13
  6703.630  5.63970e-13
  6705.620  5.62650e-13
  6707.620  5.65610e-13
  6709.610  5.72960e-13
  6711.600  5.77510e-13
  6713.600  5.69940e-13
  6715.590  5.56680e-13
  6717.590  5.48320e-13
  6719.580  5.51020e-13
  6721.570  5.59270e-13
  6723.570  5.64820e-13
  6725.560  5.64600e-13
  6727.550  5.61910e-13
  6729.550  5.63180e-13
  6731.540  5.65870e-13
  6733.540  5.64770e-13
  6735.530  5.58420e-13
  6737.520  5.55460e-13
  6739.520  5.56840e-13
  6741.510  5.59320e-13
  6743.510  5.59000e-13
  6745.500  5.56460e-13
  6747.490  5.55350e-13
  6749.490  5.55610e-13
  6751.480  5.56620e-13
  6753.480  5.59480e-13
  6755.470  5.63650e-13
  6757.460  5.68620e-13
  6759.460  5.69410e-13
  6761.450  5.67830e-13
  6763.450  5.67200e-13
  6765.440  5.66870e-13
  6767.430  5.64130e-13
  6769.430  5.59630e-13
  6771.420  5.58420e-13
  6773.420  5.62220e-13
  6775.410  5.69300e-13
  6777.400  5.72110e-13
  6779.400  5.65610e-13
  6781.390  5.58050e-13
  6783.390  5.54930e-13
  6785.380  5.59050e-13
  6787.370  5.63750e-13
  6789.370  5.65180e-13
  6791.360  5.60900e-13
  6793.350  5.52870e-13
  6795.350  5.52920e-13
  6797.340  5.57730e-13
  6799.340  5.60750e-13
  6801.330  5.57630e-13
  6803.320  5.54870e-13
  6805.320  5.55940e-13
  6807.310  5.57040e-13
  6809.310  5.58100e-13
  6818.400  5.56800e-13
  6834.110  5.52850e-13
  6849.870  5.32740e-13
  6865.660  5.28960e-13
  6881.490  5.43660e-13
  6897.350  5.48570e-13
  6913.250  5.50980e-13
  6929.190  5.44560e-13
  6945.160  5.63570e-13
  6961.170  5.50620e-13
  6977.220  5.68530e-13
  6993.300  5.71030e-13
  7009.420  5.57910e-13
  7025.580  5.61650e-13
  7041.780  5.70650e-13
  7058.010  5.81130e-13
  7074.280  5.16630e-13
  7090.590  5.24900e-13
  7106.930  5.32090e-13
  7123.320  5.28300e-13
  7139.740  5.03250e-13
  7156.190  4.97380e-13
  7172.690  4.93840e-13
  7189.230  4.92590e-13
  7205.800  5.03950e-13
  7222.410  5.22750e-13
  7239.060  5.32340e-13
  7255.750  5.47130e-13
  7272.470  5.40740e-13
  7289.240  5.24670e-13
  7306.040  5.46750e-13
  7322.880  5.47880e-13
  7339.770  5.51550e-13
  7356.690  5.60380e-13
  7373.640  5.64140e-13
  7390.640  5.64000e-13
  7407.680  5.62570e-13
  7424.760  5.58570e-13
  7441.870  5.86100e-13
  7459.030  5.88670e-13
  7476.220  5.85820e-13
  7493.450  5.89740e-13
  7510.730  5.86890e-13
  7528.050  5.93550e-13
  7545.400  5.97520e-13
  7562.790  5.81090e-13
  7580.230  5.69040e-13
  7597.700  5.62390e-13
  7615.210  5.58380e-13
  7632.770  5.58250e-13
  7650.370  5.47920e-13
  7668.000  5.39030e-13
  7685.680  5.48920e-13
  7703.400  5.40010e-13
  7721.150  5.21550e-13
  7738.950  5.29890e-13
  7756.790  4.95540e-13
  7774.670  5.33300e-13
  7792.590  5.29490e-13
  7810.560  5.35490e-13
  7828.560  5.41560e-13
  7846.610  5.38930e-13
  7864.700  5.41290e-13
  7882.830  5.30050e-13
  7901.000  5.29920e-13
  7919.220  5.12980e-13
  7937.470  5.17590e-13
  7955.770  5.09190e-13
  7974.110  5.25730e-13
  7992.490  5.35370e-13
  8010.920  5.24250e-13
  8029.380  5.41290e-13
  8047.890  5.53760e-13
  8066.450  5.54890e-13
  8085.040  5.34680e-13
  8103.680  5.19970e-13
  8122.360  5.31950e-13
  8141.080  5.24510e-13
  8159.850  5.29220e-13
  8178.660  5.25440e-13
  8197.510  5.28950e-13
  8216.410  5.34930e-13
  8235.350  4.97940e-13
  8254.340  5.53430e-13
  8273.360  5.53290e-13
  8292.440  5.27030e-13
  8311.550  5.17270e-13
  8330.710  5.10040e-13
  8349.920  5.26600e-13
  8369.170  5.27680e-13
  8388.460  5.20300e-13
  8407.800  5.22560e-13
  8427.180  5.21210e-13
  8446.600  4.86290e-13
  8466.070  4.96340e-13
  8485.590  5.08930e-13
  8505.150  4.08830e-13
  8524.760  4.69270e-13
  8544.410  4.71300e-13
  8564.110  4.89980e-13
  8583.850  4.96660e-13
  8603.640  4.98810e-13
  8623.470  4.95240e-13
  8643.350  5.04310e-13
  8663.270  4.87050e-13
  8683.250  4.61800e-13
  8703.260  4.93550e-13
  8723.330  5.03740e-13
  8743.440  4.96690e-13
  8763.590  5.09280e-13
  8783.790  4.95260e-13
  8804.050  5.03170e-13
  8824.340  5.17120e-13
  8844.680  5.06370e-13
  8865.070  5.14450e-13
  8885.510  4.66890e-13
  8905.990  4.79830e-13
  8926.520  4.84130e-13
  8947.100  4.90720e-13
  8967.720  4.84960e-13
  8988.390  4.67290e-13
  9009.120  4.47150e-13
  9029.880  4.68090e-13
  9050.700  5.08390e-13
  9071.570  4.76510e-13
  9092.480  4.87470e-13
  9113.440  4.89570e-13
  9134.440  5.01980e-13
  9155.500  4.70500e-13
  9176.610  4.60710e-13
  9197.760  4.80060e-13
  9218.970  4.50990e-13
  9240.220  4.47750e-13
  9261.520  4.71960e-13
  9282.870  4.86150e-13
  9304.270  4.40190e-13
  9325.710  4.90350e-13
  9347.210  4.87950e-13
  9368.760  4.78900e-13
  9390.360  4.87650e-13
  9412.000  4.78600e-13
  9433.700  4.90730e-13
  9455.450  4.83850e-13
  9477.240  4.94960e-13
  9499.100  4.94810e-13
  9520.990  4.88990e-13
  9542.940  4.81020e-13
  9564.940  4.85320e-13
  9586.990  4.93050e-13
  9609.090  4.86130e-13
  9631.240  4.89350e-13
  9653.440  4.80270e-13
  9675.700  4.80110e-13
  9698.000  4.86640e-13
  9720.360  4.77600e-13
  9742.760  4.70900e-13
  9765.220  4.72920e-13
  9787.740  4.65210e-13
  9810.300  4.78090e-13
  9832.910  4.73550e-13
  9855.580  4.75580e-13
  9878.300  4.72160e-13
  9901.070  4.72000e-13
  9923.890  4.68600e-13
  9946.770  4.70610e-13
  9969.700  4.70450e-13
  9992.680  4.68140e-13
 10015.720  4.70140e-13
 10085.150  4.63230e-13
 10131.700  4.68280e-13
 10178.460  4.62610e-13
 10225.450  4.63360e-13
 10272.640  4.64120e-13
 10296.320  4.61830e-13
