# brown/NGC5033  |  Brown+14 atlas: NGC 5033, Seyfert 1.5 (full UV-mid-IR SED)
# columns: wavelength_Angstrom  flam_erg_s_cm2_A (absolute scale arbitrary - ETC renormalizes)
   804.890  6.88310e-16
   814.210  6.86730e-16
   825.530  6.97890e-16
   835.090  6.06440e-16
   844.760  6.86730e-16
   854.540  6.80440e-16
   864.440  6.94680e-16
   874.450  7.05970e-16
   884.570  7.19100e-16
   894.820  7.25750e-16
   905.180  7.10870e-16
   915.660  8.92870e-16
   924.130  3.81760e-15
   934.830  7.81250e-15
   945.660  1.45810e-14
   954.410  2.13690e-14
   965.460  2.18670e-14
   974.390  3.57920e-15
   985.680  1.54450e-14
   994.800  1.84840e-14
  1004.000  3.06750e-14
  1015.630  3.08880e-14
  1025.020  1.40210e-14
  1034.510  1.95790e-14
  1044.080  4.23440e-14
  1056.170  4.16670e-14
  1065.940  3.01150e-14
  1075.810  3.78260e-14
  1085.760  2.74020e-14
  1095.810  4.07180e-14
  1105.950  3.89750e-14
  1116.180  3.62900e-14
  1123.920  3.17530e-14
  1134.320  4.43390e-14
  1144.810  3.95170e-14
  1155.400  4.33300e-14
  1166.100  4.45440e-14
  1174.180  2.81700e-14
  1185.040  4.32300e-14
  1196.010  2.62290e-14
  1204.300  1.69350e-14
  1215.440  1.41510e-14
  1223.870  2.94980e-14
  1235.190  4.82820e-14
  1243.750  5.34300e-14
  1255.260  4.96350e-14
  1263.960  4.10000e-14
  1275.660  5.71200e-14
  1284.500  6.07840e-14
  1296.390  4.34300e-14
  1305.370  4.27350e-14
  1314.420  5.83160e-14
  1323.530  5.51810e-14
  1335.780  4.61090e-14
  1345.040  5.98120e-14
  1354.360  5.76480e-14
  1363.750  4.94070e-14
  1376.370  5.31850e-14
  1385.910  5.36770e-14
  1395.510  4.58970e-14
  1405.190  4.77300e-14
  1414.930  4.85050e-14
  1424.740  5.10250e-14
  1434.610  5.03250e-14
  1441.230  5.40490e-14
  1447.890  5.54350e-14
  1454.570  5.31850e-14
  1464.650  4.78400e-14
  1474.800  4.81710e-14
  1485.030  4.98640e-14
  1495.320  5.11430e-14
  1505.680  4.75100e-14
  1512.630  4.08120e-14
  1516.120  4.48530e-14
  1526.630  4.28340e-14
  1533.680  3.57920e-14
  1544.310  4.10000e-14
  1555.010  3.85290e-14
  1565.790  3.90650e-14
  1576.650  4.20520e-14
  1583.920  4.51630e-14
  1594.900  4.60030e-14
  1605.960  4.53720e-14
  1613.370  4.58970e-14
  1624.550  4.26370e-14
  1635.810  4.63220e-14
  1643.370  4.70750e-14
  1654.760  4.29330e-14
  1666.230  4.76200e-14
  1673.920  4.09060e-14
  1677.780  4.78400e-14
  1685.520  5.10250e-14
  1693.300  4.72920e-14
  1705.040  4.50600e-14
  1716.860  4.18590e-14
  1724.780  4.16670e-14
  1736.740  4.52680e-14
  1744.750  4.41350e-14
  1756.850  4.80600e-14
  1764.960  4.31310e-14
  1773.100  4.42370e-14
  1785.390  4.53720e-14
  1793.640  4.94070e-14
  1806.070  4.91800e-14
  1814.400  4.43390e-14
  1826.980  4.56860e-14
  1835.410  4.35300e-14
  1843.890  3.93360e-14
  1856.670  3.92450e-14
  1865.240  4.08120e-14
  1873.850  4.54770e-14
  1886.840  4.11900e-14
  1895.550  3.94260e-14
  1904.290  4.23440e-14
  1913.080  4.02520e-14
  1926.350  3.96080e-14
  1935.240  4.10950e-14
  1944.170  4.30320e-14
  1953.140  3.99750e-14
  1966.680  4.48530e-14
  1975.760  4.62150e-14
  1984.880  4.34300e-14
  1994.040  4.20520e-14
  2003.250  4.37310e-14
  2017.130  4.16670e-14
  2026.440  4.42370e-14
  2035.800  4.14750e-14
  2045.190  4.36300e-14
  2054.630  4.11900e-14
  2064.120  4.12840e-14
  2073.640  4.50600e-14
  2078.420  4.32300e-14
  2083.210  4.56860e-14
  2092.830  4.28340e-14
  2107.340  4.30320e-14
  2117.060  4.37310e-14
  2126.840  4.42370e-14
  2136.650  4.06240e-14
  2146.520  4.23440e-14
  2156.420  4.42370e-14
  2166.380  4.25390e-14
  2176.380  4.21490e-14
  2186.420  4.17630e-14
  2196.510  4.38320e-14
  2206.650  4.25390e-14
  2216.840  3.97000e-14
  2227.070  3.86180e-14
  2237.350  4.21490e-14
  2242.510  4.01590e-14
  2252.860  3.75650e-14
  2263.260  3.86180e-14
  2273.710  3.99750e-14
  2284.200  4.18590e-14
  2294.740  3.88850e-14
  2305.340  3.94210e-14
  2315.980  3.67850e-14
  2326.670  2.76450e-14
  2337.410  3.31560e-14
  2342.790  3.18080e-14
  2353.610  3.56020e-14
  2364.470  3.16540e-14
  2375.390  3.29890e-14
  2386.350  2.99440e-14
  2397.370  3.24530e-14
  2402.890  3.10620e-14
  2413.980  3.22230e-14
  2425.120  3.54090e-14
  2436.320  3.41240e-14
  2447.570  3.67280e-14
  2453.210  3.64730e-14
  2464.530  3.55560e-14
  2475.910  3.40290e-14
  2487.330  3.38680e-14
  2493.070  3.18250e-14
  2504.580  3.71280e-14
  2510.350  3.10940e-14
  2516.140  3.18890e-14
  2527.750  3.06610e-14
  2533.580  3.20300e-14
  2545.270  3.15140e-14
  2557.020  3.60940e-14
  2562.920  3.37600e-14
  2574.740  3.66730e-14
  2586.630  3.55870e-14
  2592.590  3.46940e-14
  2604.560  3.30520e-14
  2616.580  3.23690e-14
  2622.610  3.48420e-14
  2634.720  3.89080e-14
  2646.880  4.43580e-14
  2652.980  4.90850e-14
  2665.230  3.98000e-14
  2677.530  4.28370e-14
  2683.700  4.39330e-14
  2696.090  3.98770e-14
  2702.300  4.29230e-14
  2714.780  3.83380e-14
  2727.310  3.68610e-14
  2733.590  3.99510e-14
  2746.210  3.19500e-14
  2752.540  3.39180e-14
  2765.250  3.66750e-14
  2778.010  3.86640e-14
  2784.420  3.41410e-14
  2797.270  2.60140e-14
  2803.720  2.81950e-14
  2816.660  3.75930e-14
  2823.150  4.26650e-14
  2836.180  4.13050e-14
  2842.720  3.83680e-14
  2855.840  3.40330e-14
  2862.420  4.36390e-14
  2875.640  4.69680e-14
  2882.270  4.49540e-14
  2895.570  4.69570e-14
  2908.940  5.54150e-14
  2929.100  5.13480e-14
  2949.400  4.97080e-14
  2969.850  5.19180e-14
  2990.430  5.21450e-14
  3011.160  5.32240e-14
  3032.030  5.42000e-14
  3053.050  5.48140e-14
  3067.140  5.67300e-14
  3088.400  5.72410e-14
  3109.810  5.99230e-14
  3131.370  5.80080e-14
  3153.070  5.81260e-14
  3167.630  6.01590e-14
  3189.590  5.45990e-14
  3211.690  5.87580e-14
  3226.520  5.24800e-14
  3248.880  6.27880e-14
  3271.400  6.88270e-14
  3286.500  6.75590e-14
  3309.280  6.63080e-14
  3324.560  6.62960e-14
  3332.220  6.79900e-14
  3339.910  6.33000e-14
  3347.600  7.28400e-14
  3355.320  6.97150e-14
  3363.060  5.44860e-14
  3370.810  6.16950e-14
  3378.580  6.82660e-14
  3386.370  6.77900e-14
  3394.170  6.76280e-14
  3402.000  7.74610e-14
  3409.840  6.66880e-14
  3417.700  6.33880e-14
  3425.580  7.04630e-14
  3433.480  7.76110e-14
  3441.390  6.79020e-14
  3449.330  6.45420e-14
  3457.280  6.83600e-14
  3465.250  6.32060e-14
  3473.240  7.23960e-14
  3481.240  6.58680e-14
  3489.270  7.04100e-14
  3497.310  6.54020e-14
  3505.370  7.45680e-14
  3513.450  6.81570e-14
  3521.550  7.64660e-14
  3529.670  6.14360e-14
  3537.810  7.38550e-14
  3545.960  7.57420e-14
  3554.140  7.69660e-14
  3562.330  7.31570e-14
  3570.540  6.37110e-14
  3578.770  6.60950e-14
  3587.020  5.62510e-14
  3595.290  6.96760e-14
  3603.580  7.92580e-14
  3611.890  6.39730e-14
  3620.210  6.90170e-14
  3628.560  8.31590e-14
  3634.120  5.61610e-14
  3636.860  6.20710e-14
  3639.610  4.51720e-14
  3642.350  5.21450e-14
  3645.090  5.77880e-14
  3647.830  6.52760e-14
  3650.570  7.47330e-14
  3653.320  7.15270e-14
  3656.060  7.29300e-14
  3658.800  7.93530e-14
  3661.540  8.75840e-14
  3664.280  7.43200e-14
  3667.030  7.62710e-14
  3669.770  8.18980e-14
  3672.510  7.95510e-14
  3675.250  8.39020e-14
  3677.990  6.95820e-14
  3680.740  6.41740e-14
  3683.480  6.10900e-14
  3686.220  8.04710e-14
  3688.960  8.14690e-14
  3691.700  7.66480e-14
  3694.450  6.98010e-14
  3697.190  8.15670e-14
  3699.930  8.27630e-14
  3702.670  7.01090e-14
  3705.410  7.57110e-14
  3708.160  6.82880e-14
  3710.900  6.89320e-14
  3713.640  7.92260e-14
  3716.380  1.03100e-13
  3719.120  9.00790e-14
  3721.870  1.00080e-13
  3724.610  1.09500e-13
  3727.350  9.85170e-14
  3730.090  1.03380e-13
  3732.830  8.35090e-14
  3735.580  6.80560e-14
  3738.320  6.59410e-14
  3741.060  6.91760e-14
  3743.800  6.33590e-14
  3746.540  6.83090e-14
  3749.290  6.83140e-14
  3752.030  7.60710e-14
  3754.770  7.11230e-14
  3757.510  8.56820e-14
  3760.250  6.88310e-14
  3763.000  8.71550e-14
  3765.740  8.50650e-14
  3768.480  8.64940e-14
  3771.220  7.76200e-14
  3773.960  8.61400e-14
  3776.710  9.95040e-14
  3779.450  9.24600e-14
  3782.190  1.00760e-13
  3784.930  9.46480e-14
  3787.670  9.11310e-14
  3790.420  8.80810e-14
  3793.160  8.48690e-14
  3795.900  8.27250e-14
  3798.640  8.36370e-14
  3801.380  8.99800e-14
  3804.130  9.30760e-14
  3806.870  9.83490e-14
  3809.610  9.43340e-14
  3812.350  9.58670e-14
  3815.090  8.56290e-14
  3817.840  9.20630e-14
  3820.580  8.14260e-14
  3823.320  8.01590e-14
  3826.060  7.50260e-14
  3828.800  6.46490e-14
  3831.550  7.20020e-14
  3834.290  6.97000e-14
  3837.030  6.34770e-14
  3839.770  6.80240e-14
  3842.510  8.82990e-14
  3845.260  8.16640e-14
  3848.000  8.94550e-14
  3850.740  9.12990e-14
  3853.480  9.06560e-14
  3856.220  8.81360e-14
  3858.970  8.67820e-14
  3861.710  9.10770e-14
  3864.450  9.39770e-14
  3867.190  9.51220e-14
  3869.930  9.75660e-14
  3872.680  8.49600e-14
  3875.420  8.89760e-14
  3878.160  7.89790e-14
  3880.900  7.95960e-14
  3883.640  8.87030e-14
  3886.390  7.93840e-14
  3889.130  8.38670e-14
  3891.870  9.08640e-14
  3894.610  1.01070e-13
  3897.350  8.58920e-14
  3900.100  9.61090e-14
  3902.840  1.08500e-13
  3905.580  1.06010e-13
  3908.320  1.03970e-13
  3911.060  1.05310e-13
  3913.810  1.09890e-13
  3916.550  1.04770e-13
  3919.290  9.72380e-14
  3922.030  9.07940e-14
  3924.770  8.61680e-14
  3927.520  7.31130e-14
  3930.260  6.33440e-14
  3933.000  6.47330e-14
  3935.740  6.30870e-14
  3938.480  7.61530e-14
  3941.230  8.19120e-14
  3943.970  9.38470e-14
  3946.710  9.10200e-14
  3949.450  9.94950e-14
  3952.190  9.46380e-14
  3954.940  9.40290e-14
  3957.680  9.03300e-14
  3960.420  7.98350e-14
  3963.160  7.81160e-14
  3965.900  6.78800e-14
  3968.650  6.87730e-14
  3971.390  7.37780e-14
  3974.130  8.67470e-14
  3976.870  9.53270e-14
  3979.610  1.04910e-13
  3982.360  1.09140e-13
  3985.100  1.11820e-13
  3987.840  1.16640e-13
  3990.580  1.20300e-13
  3993.320  1.22390e-13
  3996.070  1.24230e-13
  3998.810  1.20490e-13
  4001.550  1.21280e-13
  4004.290  1.22990e-13
  4007.030  1.23530e-13
  4009.780  1.26930e-13
  4012.520  1.29340e-13
  4015.260  1.28870e-13
  4018.000  1.33440e-13
  4020.740  1.31950e-13
  4023.490  1.32080e-13
  4026.230  1.36420e-13
  4028.970  1.29340e-13
  4031.710  1.27650e-13
  4034.450  1.29850e-13
  4037.200  1.29470e-13
  4039.940  1.28830e-13
  4042.680  1.26770e-13
  4045.420  1.26820e-13
  4048.160  1.26540e-13
  4050.910  1.31320e-13
  4053.650  1.31740e-13
  4056.390  1.29720e-13
  4059.130  1.23700e-13
  4061.870  1.21750e-13
  4064.620  1.24290e-13
  4067.360  1.30480e-13
  4070.100  1.26490e-13
  4072.840  1.20750e-13
  4075.580  1.21610e-13
  4078.330  1.24470e-13
  4081.070  1.26990e-13
  4083.810  1.28020e-13
  4086.550  1.30050e-13
  4089.290  1.30150e-13
  4092.040  1.26880e-13
  4094.780  1.20560e-13
  4097.520  1.17440e-13
  4100.260  1.16540e-13
  4103.000  1.17180e-13
  4105.750  1.20610e-13
  4108.490  1.23510e-13
  4111.230  1.22510e-13
  4113.970  1.23890e-13
  4116.710  1.31120e-13
  4119.460  1.31200e-13
  4122.200  1.27620e-13
  4124.940  1.31460e-13
  4127.680  1.33080e-13
  4130.420  1.33140e-13
  4133.170  1.31780e-13
  4135.910  1.34050e-13
  4138.650  1.34070e-13
  4141.390  1.28290e-13
  4144.130  1.23360e-13
  4146.880  1.25410e-13
  4149.620  1.27490e-13
  4152.360  1.27890e-13
  4155.100  1.31170e-13
  4157.840  1.32140e-13
  4160.590  1.32560e-13
  4163.330  1.31740e-13
  4166.070  1.30400e-13
  4168.810  1.25450e-13
  4171.550  1.20930e-13
  4174.300  1.22800e-13
  4177.040  1.23110e-13
  4179.780  1.26470e-13
  4182.520  1.28050e-13
  4185.260  1.27340e-13
  4188.010  1.30460e-13
  4190.750  1.30930e-13
  4193.490  1.31330e-13
  4196.230  1.30610e-13
  4198.970  1.29780e-13
  4201.720  1.28810e-13
  4204.460  1.28230e-13
  4207.200  1.30200e-13
  4209.940  1.33230e-13
  4212.680  1.34230e-13
  4215.430  1.36520e-13
  4218.170  1.33370e-13
  4220.910  1.33140e-13
  4223.650  1.26950e-13
  4226.390  1.24990e-13
  4229.140  1.26360e-13
  4231.880  1.31250e-13
  4234.620  1.33740e-13
  4237.360  1.30670e-13
  4240.100  1.38220e-13
  4242.850  1.34810e-13
  4245.590  1.33300e-13
  4248.330  1.33850e-13
  4251.070  1.33570e-13
  4253.810  1.26150e-13
  4256.560  1.27840e-13
  4259.300  1.29330e-13
  4262.040  1.37050e-13
  4264.780  1.36900e-13
  4267.520  1.35760e-13
  4270.270  1.32490e-13
  4273.010  1.30790e-13
  4275.750  1.28760e-13
  4278.490  1.30610e-13
  4281.230  1.33880e-13
  4283.980  1.21870e-13
  4286.720  1.25380e-13
  4289.460  1.28170e-13
  4292.200  1.23130e-13
  4294.940  1.22710e-13
  4297.690  1.15240e-13
  4300.430  1.12090e-13
  4303.170  1.10010e-13
  4305.910  1.11010e-13
  4308.650  1.09630e-13
  4311.400  1.17930e-13
  4314.140  1.33560e-13
  4316.880  1.40570e-13
  4319.620  1.36450e-13
  4322.360  1.35410e-13
  4325.100  1.34390e-13
  4327.850  1.35790e-13
  4330.590  1.38010e-13
  4333.330  1.43000e-13
  4336.070  1.35360e-13
  4338.810  1.39400e-13
  4341.560  1.34620e-13
  4344.300  1.37540e-13
  4347.040  1.40290e-13
  4349.780  1.36630e-13
  4352.520  1.34000e-13
  4355.270  1.41610e-13
  4358.010  1.52740e-13
  4360.750  1.53170e-13
  4363.490  1.56650e-13
  4366.230  1.52630e-13
  4368.980  1.48680e-13
  4371.720  1.44920e-13
  4374.460  1.41860e-13
  4377.200  1.37810e-13
  4379.940  1.40820e-13
  4382.690  1.31640e-13
  4385.430  1.31630e-13
  4388.170  1.36400e-13
  4390.910  1.44210e-13
  4393.650  1.47350e-13
  4396.400  1.44840e-13
  4399.140  1.47510e-13
  4401.880  1.40700e-13
  4404.620  1.45490e-13
  4407.360  1.41180e-13
  4410.110  1.49760e-13
  4412.850  1.49380e-13
  4415.590  1.49480e-13
  4418.330  1.49410e-13
  4421.070  1.49480e-13
  4423.820  1.53540e-13
  4426.560  1.46070e-13
  4429.300  1.52200e-13
  4432.040  1.45470e-13
  4434.780  1.50830e-13
  4437.530  1.56160e-13
  4440.270  1.55410e-13
  4443.010  1.54770e-13
  4445.750  1.56880e-13
  4448.490  1.54450e-13
  4451.240  1.52550e-13
  4453.980  1.48910e-13
  4456.720  1.46500e-13
  4459.460  1.53490e-13
  4462.200  1.49270e-13
  4464.950  1.47220e-13
  4467.690  1.54080e-13
  4470.430  1.58970e-13
  4473.170  1.64100e-13
  4475.910  1.60000e-13
  4478.660  1.62310e-13
  4481.400  1.65490e-13
  4484.140  1.68090e-13
  4486.880  1.62040e-13
  4489.620  1.64140e-13
  4492.370  1.61970e-13
  4495.110  1.62920e-13
  4497.850  1.60610e-13
  4500.590  1.68490e-13
  4503.330  1.75920e-13
  4506.080  1.75890e-13
  4508.820  1.73510e-13
  4511.560  1.68220e-13
  4514.300  1.70930e-13
  4517.040  1.72790e-13
  4519.790  1.66110e-13
  4522.530  1.66350e-13
  4525.270  1.60650e-13
  4528.010  1.53240e-13
  4530.750  1.54340e-13
  4533.500  1.58460e-13
  4536.240  1.60420e-13
  4538.980  1.65440e-13
  4541.720  1.70020e-13
  4544.460  1.63760e-13
  4547.210  1.59420e-13
  4549.950  1.62950e-13
  4552.690  1.64910e-13
  4555.430  1.64460e-13
  4558.170  1.66250e-13
  4560.920  1.70600e-13
  4563.660  1.73160e-13
  4566.400  1.69950e-13
  4569.140  1.72030e-13
  4571.880  1.72450e-13
  4574.630  1.70260e-13
  4577.370  1.73070e-13
  4580.110  1.66680e-13
  4582.850  1.64840e-13
  4585.590  1.64410e-13
  4588.340  1.69510e-13
  4591.080  1.66350e-13
  4593.820  1.71640e-13
  4596.560  1.66640e-13
  4599.300  1.67350e-13
  4602.050  1.68310e-13
  4604.790  1.73770e-13
  4607.530  1.70310e-13
  4610.270  1.72790e-13
  4613.010  1.77720e-13
  4615.760  1.70590e-13
  4618.500  1.75240e-13
  4621.240  1.77400e-13
  4623.980  1.77880e-13
  4626.720  1.73790e-13
  4629.470  1.78550e-13
  4632.210  1.74910e-13
  4634.950  1.74840e-13
  4637.690  1.71860e-13
  4640.430  1.66860e-13
  4643.180  1.69000e-13
  4645.920  1.65600e-13
  4648.660  1.67120e-13
  4651.400  1.68110e-13
  4654.140  1.70930e-13
  4656.890  1.71730e-13
  4659.630  1.70250e-13
  4662.370  1.69690e-13
  4665.110  1.62490e-13
  4667.850  1.61480e-13
  4670.600  1.62510e-13
  4673.340  1.65240e-13
  4676.080  1.65810e-13
  4678.820  1.68870e-13
  4681.560  1.69740e-13
  4684.310  1.68860e-13
  4687.050  1.67660e-13
  4689.790  1.67360e-13
  4692.530  1.70760e-13
  4695.270  1.66760e-13
  4698.020  1.62850e-13
  4700.760  1.64760e-13
  4703.500  1.66600e-13
  4706.240  1.64710e-13
  4708.980  1.66180e-13
  4711.730  1.62940e-13
  4714.470  1.66050e-13
  4717.210  1.70400e-13
  4719.950  1.68540e-13
  4722.690  1.65990e-13
  4725.440  1.63990e-13
  4728.180  1.62590e-13
  4730.920  1.67020e-13
  4733.660  1.64840e-13
  4736.400  1.68810e-13
  4739.150  1.74630e-13
  4741.890  1.73400e-13
  4744.630  1.77080e-13
  4747.370  1.73540e-13
  4750.110  1.74320e-13
  4752.860  1.71910e-13
  4755.600  1.73450e-13
  4758.340  1.72720e-13
  4761.080  1.70690e-13
  4763.820  1.71070e-13
  4766.570  1.67070e-13
  4769.310  1.67390e-13
  4772.050  1.75050e-13
  4774.790  1.77520e-13
  4777.530  1.76310e-13
  4780.280  1.74750e-13
  4783.020  1.77570e-13
  4785.760  1.77390e-13
  4788.500  1.76740e-13
  4791.240  1.78220e-13
  4793.990  1.79070e-13
  4796.730  1.81400e-13
  4799.470  1.81850e-13
  4802.210  1.77990e-13
  4804.950  1.80760e-13
  4807.700  1.80170e-13
  4810.440  1.80860e-13
  4813.180  1.78730e-13
  4815.920  1.80040e-13
  4818.660  1.80660e-13
  4821.410  1.81830e-13
  4824.150  1.82720e-13
  4826.890  1.77820e-13
  4829.630  1.79180e-13
  4832.370  1.76900e-13
  4835.120  1.77240e-13
  4837.860  1.81490e-13
  4840.600  1.80720e-13
  4843.340  1.77900e-13
  4846.080  1.75230e-13
  4848.830  1.70170e-13
  4851.570  1.70680e-13
  4854.310  1.71910e-13
  4857.050  1.77050e-13
  4859.790  1.85520e-13
  4862.540  1.79930e-13
  4865.280  1.74630e-13
  4868.020  1.68000e-13
  4870.760  1.60220e-13
  4873.500  1.62220e-13
  4876.250  1.65100e-13
  4878.990  1.69590e-13
  4881.730  1.72910e-13
  4884.470  1.67300e-13
  4887.210  1.70510e-13
  4889.960  1.73190e-13
  4892.700  1.72020e-13
  4895.440  1.73230e-13
  4898.180  1.78010e-13
  4900.920  1.80790e-13
  4903.670  1.79970e-13
  4906.410  1.75590e-13
  4909.150  1.73590e-13
  4911.890  1.75950e-13
  4914.630  1.72700e-13
  4917.380  1.68480e-13
  4920.120  1.68030e-13
  4922.860  1.74010e-13
  4925.600  1.76160e-13
  4928.340  1.76520e-13
  4931.090  1.75820e-13
  4933.830  1.76480e-13
  4936.570  1.72820e-13
  4939.310  1.77350e-13
  4942.050  1.79750e-13
  4944.800  1.84210e-13
  4947.540  1.83460e-13
  4950.280  1.80720e-13
  4953.020  1.83680e-13
  4955.760  1.85390e-13
  4958.510  1.86610e-13
  4961.250  1.84370e-13
  4963.990  1.75530e-13
  4966.730  1.76410e-13
  4969.470  1.79480e-13
  4972.220  1.78120e-13
  4974.960  1.80680e-13
  4977.700  1.75750e-13
  4980.440  1.68610e-13
  4983.180  1.67350e-13
  4985.930  1.66740e-13
  4988.670  1.73530e-13
  4991.410  1.75160e-13
  4994.150  1.74060e-13
  4996.890  1.77180e-13
  4999.640  1.80050e-13
  5002.380  1.83080e-13
  5005.120  1.86350e-13
  5007.860  1.85900e-13
  5010.600  1.77200e-13
  5013.350  1.68260e-13
  5016.090  1.65100e-13
  5018.830  1.66750e-13
  5021.570  1.68780e-13
  5024.310  1.64660e-13
  5027.060  1.71300e-13
  5029.800  1.75610e-13
  5032.540  1.72600e-13
  5035.280  1.71720e-13
  5038.020  1.69880e-13
  5040.770  1.66140e-13
  5043.510  1.66750e-13
  5046.250  1.70000e-13
  5048.990  1.75600e-13
  5051.730  1.75840e-13
  5054.480  1.78340e-13
  5057.220  1.79210e-13
  5059.960  1.78770e-13
  5062.700  1.77740e-13
  5065.440  1.75810e-13
  5068.190  1.76110e-13
  5070.930  1.76820e-13
  5073.670  1.73310e-13
  5076.410  1.72130e-13
  5079.150  1.71730e-13
  5081.900  1.69460e-13
  5084.640  1.71770e-13
  5087.380  1.76250e-13
  5090.120  1.77290e-13
  5092.860  1.77750e-13
  5095.610  1.76600e-13
  5098.350  1.73930e-13
  5101.090  1.71290e-13
  5103.830  1.70160e-13
  5106.570  1.72350e-13
  5109.320  1.74020e-13
  5112.060  1.73250e-13
  5114.800  1.78160e-13
  5117.540  1.75870e-13
  5120.280  1.72180e-13
  5123.030  1.71410e-13
  5125.770  1.68670e-13
  5128.510  1.65900e-13
  5131.250  1.65790e-13
  5133.990  1.66730e-13
  5136.740  1.68020e-13
  5139.480  1.68460e-13
  5142.220  1.67370e-13
  5144.960  1.67710e-13
  5147.700  1.69860e-13
  5150.450  1.71940e-13
  5153.190  1.71890e-13
  5155.930  1.71150e-13
  5158.670  1.72750e-13
  5161.410  1.65080e-13
  5164.160  1.56120e-13
  5166.900  1.48040e-13
  5169.640  1.41120e-13
  5172.380  1.44260e-13
  5175.120  1.49770e-13
  5177.870  1.51060e-13
  5180.610  1.51630e-13
  5183.350  1.51710e-13
  5186.090  1.54650e-13
  5188.830  1.61930e-13
  5191.580  1.67270e-13
  5194.320  1.67430e-13
  5197.060  1.71720e-13
  5199.800  1.73970e-13
  5202.540  1.70030e-13
  5205.290  1.67700e-13
  5208.030  1.67500e-13
  5210.770  1.69550e-13
  5213.510  1.72250e-13
  5216.250  1.74110e-13
  5219.000  1.75550e-13
  5221.740  1.73130e-13
  5224.480  1.71870e-13
  5227.220  1.68550e-13
  5229.960  1.68750e-13
  5232.710  1.74490e-13
  5235.450  1.78710e-13
  5238.190  1.79850e-13
  5240.930  1.80430e-13
  5243.670  1.79350e-13
  5246.420  1.79660e-13
  5249.160  1.78750e-13
  5251.900  1.76920e-13
  5254.640  1.75750e-13
  5257.380  1.75710e-13
  5260.130  1.74580e-13
  5262.870  1.67630e-13
  5265.610  1.61130e-13
  5268.350  1.61080e-13
  5271.090  1.64840e-13
  5273.840  1.72260e-13
  5276.580  1.76190e-13
  5279.320  1.80240e-13
  5282.060  1.85420e-13
  5284.800  1.91830e-13
  5287.550  1.92000e-13
  5290.290  1.91690e-13
  5293.030  1.92120e-13
  5295.770  1.88970e-13
  5298.510  1.88910e-13
  5301.260  1.88940e-13
  5304.000  1.93990e-13
  5306.740  1.98520e-13
  5309.480  1.96200e-13
  5312.220  1.99080e-13
  5314.970  1.96890e-13
  5317.710  1.94990e-13
  5320.450  1.91300e-13
  5323.190  1.86820e-13
  5325.930  1.85630e-13
  5328.680  1.82940e-13
  5331.420  1.81700e-13
  5334.160  1.82730e-13
  5336.900  1.85340e-13
  5339.640  1.88980e-13
  5342.390  1.91190e-13
  5345.130  1.91800e-13
  5347.870  1.94270e-13
  5350.610  1.99590e-13
  5353.350  2.03130e-13
  5356.100  2.02820e-13
  5358.840  2.00990e-13
  5361.580  1.97870e-13
  5364.320  1.95960e-13
  5367.060  1.91740e-13
  5369.810  1.89980e-13
  5372.550  1.93550e-13
  5375.290  1.96060e-13
  5378.030  1.97430e-13
  5380.770  1.96880e-13
  5383.520  1.97790e-13
  5386.260  1.96680e-13
  5389.000  1.92490e-13
  5391.740  1.87840e-13
  5394.480  1.84060e-13
  5397.230  1.83050e-13
  5399.970  1.83560e-13
  5402.710  1.84680e-13
  5405.450  1.85940e-13
  5408.190  1.85380e-13
  5410.940  1.84940e-13
  5413.680  1.87600e-13
  5416.420  1.90430e-13
  5419.160  1.91570e-13
  5421.900  1.93830e-13
  5424.650  1.92270e-13
  5427.390  1.90540e-13
  5430.130  1.87980e-13
  5432.870  1.87590e-13
  5435.610  1.90010e-13
  5438.360  1.92120e-13
  5441.100  1.95940e-13
  5443.840  1.93470e-13
  5446.580  1.91440e-13
  5449.320  1.87930e-13
  5452.070  1.90370e-13
  5454.810  1.92240e-13
  5457.550  1.91960e-13
  5460.290  1.92460e-13
  5463.030  1.93430e-13
  5465.780  1.97290e-13
  5468.520  1.93790e-13
  5471.260  1.87250e-13
  5474.000  1.89320e-13
  5476.740  1.88820e-13
  5479.490  1.87350e-13
  5482.230  1.91390e-13
  5484.970  1.90540e-13
  5487.710  1.97080e-13
  5490.450  1.94220e-13
  5493.200  1.94730e-13
  5495.940  1.95310e-13
  5498.680  1.94620e-13
  5501.420  1.90700e-13
  5504.160  1.91300e-13
  5506.910  1.89110e-13
  5509.650  1.92760e-13
  5512.390  1.94640e-13
  5515.130  1.93030e-13
  5517.870  1.98910e-13
  5520.620  2.00590e-13
  5523.360  1.99040e-13
  5526.100  1.96080e-13
  5528.840  1.94430e-13
  5531.580  1.96190e-13
  5534.330  1.92080e-13
  5537.070  1.95610e-13
  5539.810  1.93780e-13
  5542.550  1.94950e-13
  5545.290  1.91630e-13
  5548.040  1.97660e-13
  5550.780  1.99440e-13
  5553.520  2.00460e-13
  5556.260  1.92710e-13
  5559.000  1.97820e-13
  5561.750  1.97760e-13
  5564.490  1.94510e-13
  5567.230  1.86580e-13
  5569.970  1.90620e-13
  5572.710  1.95250e-13
  5575.460  1.94380e-13
  5578.200  1.94520e-13
  5580.940  1.90670e-13
  5583.680  1.93270e-13
  5586.420  1.85380e-13
  5589.170  1.86200e-13
  5591.910  1.88040e-13
  5594.650  1.86670e-13
  5597.390  1.91910e-13
  5600.130  1.90720e-13
  5602.880  1.95000e-13
  5605.620  1.95090e-13
  5608.360  1.96200e-13
  5611.100  2.02650e-13
  5613.840  1.95990e-13
  5616.590  1.94260e-13
  5619.330  1.94090e-13
  5622.070  1.90350e-13
  5624.810  1.92910e-13
  5627.550  1.96140e-13
  5630.300  1.96250e-13
  5633.040  2.01090e-13
  5635.780  1.99430e-13
  5638.520  1.99460e-13
  5641.260  1.91080e-13
  5644.010  1.96510e-13
  5646.750  1.96830e-13
  5649.490  2.02960e-13
  5652.230  1.96110e-13
  5654.970  1.94030e-13
  5657.720  1.92200e-13
  5660.460  1.92240e-13
  5663.200  1.96080e-13
  5665.940  1.96490e-13
  5668.680  2.02560e-13
  5671.430  2.01020e-13
  5674.170  2.01170e-13
  5676.910  1.96310e-13
  5679.650  1.96450e-13
  5682.390  1.95990e-13
  5685.140  1.93640e-13
  5687.880  1.95550e-13
  5690.620  2.01010e-13
  5693.360  2.04210e-13
  5696.100  1.97730e-13
  5698.850  1.99410e-13
  5701.590  1.98760e-13
  5704.330  1.95250e-13
  5707.070  1.89890e-13
  5709.810  1.90090e-13
  5712.560  1.96030e-13
  5715.300  1.98980e-13
  5718.040  1.99000e-13
  5720.780  2.01660e-13
  5723.520  2.05700e-13
  5726.270  2.07440e-13
  5729.010  2.10820e-13
  5731.750  2.09090e-13
  5734.490  2.09420e-13
  5737.230  2.07710e-13
  5739.970  2.06590e-13
  5742.720  2.04900e-13
  5745.460  2.05730e-13
  5748.200  2.04060e-13
  5750.940  2.10010e-13
  5753.680  2.03640e-13
  5756.430  1.99250e-13
  5759.170  2.02860e-13
  5761.910  1.99830e-13
  5764.650  2.03840e-13
  5767.390  2.02330e-13
  5770.140  2.04980e-13
  5772.880  2.04670e-13
  5775.620  2.01530e-13
  5778.360  1.99010e-13
  5781.100  1.96200e-13
  5783.850  1.94050e-13
  5786.590  1.98210e-13
  5789.330  2.01680e-13
  5792.070  2.02040e-13
  5794.810  2.04950e-13
  5797.560  2.09860e-13
  5800.300  2.08930e-13
  5803.040  2.05410e-13
  5805.780  2.07150e-13
  5808.520  2.06220e-13
  5811.270  2.05460e-13
  5814.010  2.05100e-13
  5816.750  2.05240e-13
  5819.490  2.07470e-13
  5822.230  2.11220e-13
  5824.980  2.09040e-13
  5827.720  2.11890e-13
  5830.460  2.12230e-13
  5833.200  2.04820e-13
  5835.940  2.06780e-13
  5838.690  2.08820e-13
  5841.430  2.10530e-13
  5844.170  2.11210e-13
  5846.910  2.10150e-13
  5849.650  2.05290e-13
  5852.400  2.01280e-13
  5855.140  1.99710e-13
  5857.880  1.91900e-13
  5860.620  2.00020e-13
  5863.360  2.04630e-13
  5866.110  2.04270e-13
  5868.850  2.00120e-13
  5871.590  2.03770e-13
  5874.330  2.04450e-13
  5877.070  1.90900e-13
  5879.820  1.76790e-13
  5882.560  1.78960e-13
  5885.300  1.78250e-13
  5888.040  1.76620e-13
  5890.780  1.66200e-13
  5893.530  1.69380e-13
  5896.270  1.75250e-13
  5899.010  1.81740e-13
  5901.750  1.85380e-13
  5904.490  1.90100e-13
  5907.240  2.00080e-13
  5909.980  2.02250e-13
  5912.720  2.02170e-13
  5915.460  1.97780e-13
  5918.200  1.97390e-13
  5920.950  1.97610e-13
  5923.690  2.00020e-13
  5926.430  2.04860e-13
  5929.170  2.04480e-13
  5931.910  2.02360e-13
  5934.660  2.03280e-13
  5937.400  2.03770e-13
  5940.140  1.99920e-13
  5942.880  2.00570e-13
  5945.620  2.06210e-13
  5948.370  1.99670e-13
  5951.110  2.00720e-13
  5953.850  2.03230e-13
  5956.590  2.05990e-13
  5959.330  2.03880e-13
  5962.080  2.01350e-13
  5964.820  2.02430e-13
  5967.560  2.07650e-13
  5970.300  2.05600e-13
  5973.040  2.05540e-13
  5975.790  2.04740e-13
  5978.530  2.04020e-13
  5981.270  1.98260e-13
  5984.010  1.99410e-13
  5986.750  1.99400e-13
  5989.500  1.99130e-13
  5992.240  2.01690e-13
  5994.980  2.01040e-13
  5997.720  1.98690e-13
  6000.460  2.04320e-13
  6003.210  2.00220e-13
  6005.950  1.99200e-13
  6008.690  1.99120e-13
  6011.430  1.95180e-13
  6014.170  2.04990e-13
  6016.920  1.97100e-13
  6019.660  1.99880e-13
  6022.400  1.95830e-13
  6025.140  2.04500e-13
  6027.880  2.01300e-13
  6030.630  2.03710e-13
  6033.370  2.05490e-13
  6036.110  2.06920e-13
  6038.850  2.07630e-13
  6041.590  2.08120e-13
  6044.340  2.07810e-13
  6047.080  2.13240e-13
  6049.820  2.11950e-13
  6052.560  2.08160e-13
  6055.300  2.04870e-13
  6058.050  2.03890e-13
  6060.790  2.04410e-13
  6063.530  2.08020e-13
  6066.270  2.09390e-13
  6069.010  2.09630e-13
  6071.760  2.09360e-13
  6074.500  2.11790e-13
  6077.240  2.05290e-13
  6079.980  2.04850e-13
  6082.720  2.03540e-13
  6085.470  2.03970e-13
  6088.210  2.04840e-13
  6090.950  2.09310e-13
  6093.690  2.04780e-13
  6096.430  2.02770e-13
  6099.180  2.07090e-13
  6101.920  2.04150e-13
  6104.660  2.06580e-13
  6107.400  2.05950e-13
  6110.140  2.05000e-13
  6112.890  2.07610e-13
  6115.630  2.00420e-13
  6118.370  2.02270e-13
  6121.110  1.98680e-13
  6123.850  2.03470e-13
  6126.600  2.07680e-13
  6129.340  2.04740e-13
  6132.080  2.02350e-13
  6134.820  2.01160e-13
  6137.560  1.98370e-13
  6140.310  2.00670e-13
  6143.050  2.02570e-13
  6145.790  2.03330e-13
  6148.530  2.05030e-13
  6151.270  2.02280e-13
  6154.020  1.97490e-13
  6156.760  1.92210e-13
  6159.500  1.88540e-13
  6162.240  1.85260e-13
  6164.980  1.87140e-13
  6167.730  1.91540e-13
  6170.470  1.94500e-13
  6173.210  1.94210e-13
  6175.950  1.91960e-13
  6178.690  1.97770e-13
  6181.440  1.99820e-13
  6184.180  1.97400e-13
  6186.920  1.93430e-13
  6189.660  1.91770e-13
  6192.400  1.95830e-13
  6195.150  1.96970e-13
  6197.890  1.97440e-13
  6200.630  1.99220e-13
  6203.370  1.97320e-13
  6206.110  1.93180e-13
  6208.860  1.98470e-13
  6211.600  2.03040e-13
  6214.340  1.98350e-13
  6217.080  1.95040e-13
  6219.820  1.90580e-13
  6222.570  1.86500e-13
  6225.310  1.88690e-13
  6228.050  1.85740e-13
  6230.790  1.89060e-13
  6233.530  1.94680e-13
  6236.280  1.95790e-13
  6239.020  1.98410e-13
  6241.760  1.89720e-13
  6244.500  1.86150e-13
  6247.240  1.85830e-13
  6249.990  1.92820e-13
  6252.730  1.92330e-13
  6255.470  1.88370e-13
  6258.210  1.86040e-13
  6260.950  1.87480e-13
  6263.700  1.94160e-13
  6266.440  2.01020e-13
  6269.180  1.91820e-13
  6271.920  1.99710e-13
  6274.660  1.92690e-13
  6277.410  1.89160e-13
  6280.150  1.96720e-13
  6282.890  1.94660e-13
  6285.630  1.81910e-13
  6288.370  1.91270e-13
  6291.120  1.92980e-13
  6293.860  1.95910e-13
  6296.600  2.03960e-13
  6299.340  2.03720e-13
  6302.080  2.02720e-13
  6304.830  2.01800e-13
  6307.570  2.00100e-13
  6310.310  2.03890e-13
  6313.050  1.91250e-13
  6315.790  2.01520e-13
  6318.540  1.98330e-13
  6321.280  2.03830e-13
  6324.020  1.99640e-13
  6326.760  1.97280e-13
  6329.500  2.06710e-13
  6332.250  2.04640e-13
  6334.990  2.03700e-13
  6337.730  2.04240e-13
  6340.470  2.00390e-13
  6343.210  1.97860e-13
  6345.960  2.05520e-13
  6348.700  2.02730e-13
  6351.440  2.03300e-13
  6354.180  1.96340e-13
  6356.920  1.92080e-13
  6359.670  2.00850e-13
  6362.410  1.97530e-13
  6365.150  1.98290e-13
  6367.890  2.00780e-13
  6370.630  2.04540e-13
  6373.380  2.06730e-13
  6376.120  2.02220e-13
  6378.860  2.05590e-13
  6381.600  2.04660e-13
  6384.340  2.03070e-13
  6387.090  2.04570e-13
  6389.830  2.04470e-13
  6392.570  2.02360e-13
  6395.310  2.02020e-13
  6398.050  2.02020e-13
  6400.800  2.01530e-13
  6403.540  1.99280e-13
  6406.280  2.00150e-13
  6409.020  2.05240e-13
  6411.760  2.03780e-13
  6414.510  2.01110e-13
  6417.250  2.02610e-13
  6419.990  2.02860e-13
  6422.730  2.02480e-13
  6425.470  2.03220e-13
  6428.220  2.02880e-13
  6430.960  2.03050e-13
  6433.700  2.01560e-13
  6436.440  2.05230e-13
  6439.180  2.06220e-13
  6441.930  2.06530e-13
  6444.670  2.05630e-13
  6447.410  2.05490e-13
  6450.150  2.01670e-13
  6452.890  2.02230e-13
  6455.640  2.02840e-13
  6458.380  2.02150e-13
  6461.120  2.00110e-13
  6463.860  2.03740e-13
  6466.600  2.05580e-13
  6469.350  2.05270e-13
  6472.090  2.04540e-13
  6474.830  2.15350e-13
  6477.570  2.09290e-13
  6480.310  2.09480e-13
  6483.060  2.03480e-13
  6485.800  2.00340e-13
  6488.540  1.95920e-13
  6491.280  1.94560e-13
  6494.020  1.96480e-13
  6496.770  1.92720e-13
  6499.510  1.95690e-13
  6502.250  2.04070e-13
  6504.990  2.03010e-13
  6507.730  2.07920e-13
  6510.480  2.08160e-13
  6513.220  2.06270e-13
  6515.960  2.02160e-13
  6518.700  2.00000e-13
  6521.440  2.09170e-13
  6524.190  2.06160e-13
  6526.930  2.04060e-13
  6529.670  2.09660e-13
  6532.410  2.12840e-13
  6535.150  2.06020e-13
  6537.900  2.08690e-13
  6540.640  2.13310e-13
  6543.380  2.28820e-13
  6546.120  2.33740e-13
  6548.860  2.31840e-13
  6551.610  2.33110e-13
  6554.350  2.54770e-13
  6557.090  3.09100e-13
  6559.830  3.52390e-13
  6562.570  3.59220e-13
  6565.320  3.47510e-13
  6568.060  3.08940e-13
  6570.800  2.59090e-13
  6573.540  2.31420e-13
  6576.280  2.45930e-13
  6579.030  2.74970e-13
  6581.770  3.00850e-13
  6584.510  2.94610e-13
  6587.250  2.69800e-13
  6589.990  2.44630e-13
  6592.740  2.22660e-13
  6595.480  2.05390e-13
  6598.220  2.02640e-13
  6600.960  2.06840e-13
  6603.700  2.06770e-13
  6606.450  2.06840e-13
  6609.190  2.06850e-13
  6611.930  2.07960e-13
  6614.670  2.10700e-13
  6617.410  2.09270e-13
  6620.160  2.07430e-13
  6622.900  2.06960e-13
  6625.640  2.07500e-13
  6628.380  2.05920e-13
  6631.120  2.04410e-13
  6633.870  1.99860e-13
  6636.610  2.04850e-13
  6639.350  2.08470e-13
  6642.090  2.06070e-13
  6644.830  2.02520e-13
  6647.580  2.01800e-13
  6650.320  2.02880e-13
  6653.060  2.02470e-13
  6655.800  2.05490e-13
  6658.540  2.00990e-13
  6661.290  2.03380e-13
  6664.030  2.01990e-13
  6666.770  2.01230e-13
  6669.510  2.00420e-13
  6672.250  2.06760e-13
  6675.000  2.09690e-13
  6677.740  2.04180e-13
  6680.480  2.04540e-13
  6683.220  2.04400e-13
  6685.960  2.10650e-13
  6688.710  2.10620e-13
  6691.450  2.00470e-13
  6694.190  2.03220e-13
  6696.930  2.00440e-13
  6699.670  2.09620e-13
  6702.420  2.03290e-13
  6705.160  2.00570e-13
  6707.900  2.11620e-13
  6710.640  2.15910e-13
  6713.380  2.22950e-13
  6716.130  2.26080e-13
  6718.870  2.22280e-13
  6721.610  2.21310e-13
  6724.350  2.15820e-13
  6727.090  2.19850e-13
  6729.840  2.23190e-13
  6732.580  2.15890e-13
  6735.320  2.09980e-13
  6738.060  2.07090e-13
  6740.800  2.00430e-13
  6743.550  1.98680e-13
  6746.290  1.99370e-13
  6749.030  2.01540e-13
  6751.770  2.00090e-13
  6754.510  1.97780e-13
  6757.260  2.01190e-13
  6760.000  2.05160e-13
  6762.740  2.01750e-13
  6765.480  2.01370e-13
  6768.220  2.02880e-13
  6770.970  2.02520e-13
  6773.710  2.01640e-13
  6776.450  2.01070e-13
  6779.190  2.02450e-13
  6781.930  2.01230e-13
  6784.680  1.98480e-13
  6787.420  1.99310e-13
  6790.160  1.96670e-13
  6792.900  1.97780e-13
  6795.640  1.98990e-13
  6798.390  1.97730e-13
  6801.130  1.95630e-13
  6803.870  2.00230e-13
  6806.610  2.08890e-13
  6809.350  2.08480e-13
  6819.210  1.98990e-13
  6834.930  1.97090e-13
  6850.690  1.93870e-13
  6866.480  1.89820e-13
  6882.310  1.94170e-13
  6898.170  1.96800e-13
  6914.080  1.96720e-13
  6930.010  1.97560e-13
  6945.990  2.02080e-13
  6962.000  1.98320e-13
  6978.050  2.04740e-13
  6994.140  2.04190e-13
  7010.260  1.99930e-13
  7026.420  2.05450e-13
  7042.620  2.05850e-13
  7058.850  2.07670e-13
  7075.130  1.87590e-13
  7091.440  1.89250e-13
  7107.780  1.89180e-13
  7124.170  1.89980e-13
  7140.590  1.79700e-13
  7157.050  1.78800e-13
  7173.550  1.81220e-13
  7190.090  1.79900e-13
  7206.660  1.81500e-13
  7223.270  1.87800e-13
  7239.930  1.91220e-13
  7256.620  1.95140e-13
  7273.340  1.94170e-13
  7290.110  1.90110e-13
  7306.920  1.96710e-13
  7323.760  1.98000e-13
  7340.650  2.01140e-13
  7357.570  2.01520e-13
  7374.530  2.04240e-13
  7391.520  2.01820e-13
  7408.570  2.03600e-13
  7425.640  2.02590e-13
  7442.760  2.10100e-13
  7459.920  2.10020e-13
  7477.120  2.07530e-13
  7494.350  2.09850e-13
  7511.630  2.09280e-13
  7528.950  2.08710e-13
  7546.300  2.11530e-13
  7563.700  2.08540e-13
  7581.130  2.06540e-13
  7598.610  2.00370e-13
  7616.120  1.99820e-13
  7633.680  2.01590e-13
  7651.280  1.95560e-13
  7668.920  1.87110e-13
  7686.600  1.93600e-13
  7704.320  1.91750e-13
  7722.080  1.86870e-13
  7739.880  1.91580e-13
  7757.720  1.79540e-13
  7775.600  1.89660e-13
  7793.530  1.89150e-13
  7811.500  1.91250e-13
  7829.500  1.93830e-13
  7847.550  1.92410e-13
  7865.640  1.93660e-13
  7883.770  1.90480e-13
  7901.950  1.89090e-13
  7920.170  1.81750e-13
  7938.420  1.85480e-13
  7956.720  1.84120e-13
  7975.070  1.90500e-13
  7993.450  1.90420e-13
  8011.870  1.90340e-13
  8030.340  1.94230e-13
  8048.860  1.98210e-13
  8067.410  1.98130e-13
  8086.010  1.93970e-13
  8104.650  1.89040e-13
  8123.330  1.91580e-13
  8142.060  1.91050e-13
  8160.830  1.93180e-13
  8179.640  1.90000e-13
  8198.490  1.91230e-13
  8217.390  1.93360e-13
  8236.340  1.78310e-13
  8255.320  1.98590e-13
  8274.350  1.98500e-13
  8293.430  1.91230e-13
  8312.550  1.85940e-13
  8331.710  1.85420e-13
  8350.920  1.89650e-13
  8370.170  1.90000e-13
  8389.460  1.87740e-13
  8408.800  1.88080e-13
  8428.190  1.87990e-13
  8447.610  1.76580e-13
  8467.090  1.81440e-13
  8486.610  1.84720e-13
  8506.170  1.40380e-13
  8525.780  1.73030e-13
  8545.440  1.68620e-13
  8565.130  1.78520e-13
  8584.880  1.82590e-13
  8604.670  1.80000e-13
  8624.500  1.80330e-13
  8644.390  1.81910e-13
  8664.310  1.74040e-13
  8684.290  1.67270e-13
  8704.310  1.77100e-13
  8724.370  1.80300e-13
  8744.480  1.74090e-13
  8764.640  1.78880e-13
  8784.840  1.80450e-13
  8805.100  1.79530e-13
  8825.390  1.84040e-13
  8845.740  1.77710e-13
  8866.130  1.81340e-13
  8886.570  1.68760e-13
  8907.050  1.73000e-13
  8927.590  1.72910e-13
  8948.170  1.76850e-13
  8968.800  1.75140e-13
  8989.470  1.69110e-13
  9010.200  1.58110e-13
  9030.960  1.63200e-13
  9051.780  1.82180e-13
  9072.650  1.72690e-13
  9093.570  1.73000e-13
  9114.530  1.68590e-13
  9135.540  1.78070e-13
  9156.600  1.68020e-13
  9177.710  1.61490e-13
  9198.860  1.70580e-13
  9220.070  1.59840e-13
  9241.320  1.57930e-13
  9262.620  1.68750e-13
  9283.980  1.73780e-13
  9305.380  1.53030e-13
  9326.830  1.76010e-13
  9348.330  1.75510e-13
  9369.880  1.72220e-13
  9391.480  1.75320e-13
  9413.130  1.71630e-13
  9434.830  1.77570e-13
  9456.580  1.74640e-13
  9478.380  1.79840e-13
  9500.230  1.80160e-13
  9522.130  1.76780e-13
  9544.080  1.71860e-13
  9566.090  1.75770e-13
  9588.140  1.79350e-13
  9610.240  1.75980e-13
  9632.390  1.77510e-13
  9654.600  1.73770e-13
  9676.850  1.73680e-13
  9699.160  1.76810e-13
  9721.520  1.70310e-13
  9743.930  1.69830e-13
  9766.390  1.71300e-13
  9788.910  1.68470e-13
  9811.470  1.73890e-13
  9834.090  1.71800e-13
  9856.760  1.73290e-13
  9879.480  1.72000e-13
  9902.260  1.69930e-13
  9925.080  1.72200e-13
  9947.960  1.73290e-13
  9970.890  1.73590e-13
  9993.880  1.73090e-13
 10016.910  1.74990e-13
 10086.350  1.72290e-13
 10132.910  1.77720e-13
 10179.680  1.76290e-13
 10226.670  1.79350e-13
 10273.870  1.81630e-13
 10297.550  1.81520e-13
 10489.000  1.73700e-13
