# brown/NGC0628  |  Brown+14 atlas: NGC 628, Sc grand-design spiral
# columns: wavelength_Angstrom  flam_erg_s_cm2_A (absolute scale arbitrary - ETC renormalizes)
   805.470  1.11450e-15
   814.800  1.14580e-15
   824.230  1.22490e-15
   835.700  1.09920e-15
   845.370  1.28850e-15
   855.160  1.33070e-15
   865.070  1.40640e-15
   875.080  1.48280e-15
   885.220  1.57430e-15
   895.470  1.64470e-15
   905.830  1.67150e-15
   914.220  2.44400e-15
   924.800  1.45910e-14
   935.510  3.14120e-14
   944.170  6.16730e-14
   955.100  8.49360e-14
   963.940  1.03780e-13
   975.100  2.41600e-14
   984.120  1.09920e-13
   995.520  1.08920e-13
  1004.730  1.35550e-13
  1014.030  1.21090e-13
  1025.770  4.80940e-14
  1035.260  9.39930e-14
  1044.840  1.61470e-13
  1054.510  1.61840e-13
  1064.260  1.39350e-13
  1074.110  1.58520e-13
  1084.050  1.36170e-13
  1094.080  1.62590e-13
  1104.200  1.57430e-13
  1114.420  1.55630e-13
  1124.730  1.43910e-13
  1135.140  1.65610e-13
  1145.640  1.53140e-13
  1156.240  1.59260e-13
  1164.260  1.64090e-13
  1175.030  1.27380e-13
  1185.900  1.56350e-13
  1194.120  1.18880e-13
  1205.170  9.16420e-14
  1216.320  4.65690e-14
  1224.750  1.02350e-13
  1236.090  1.46920e-13
  1244.660  1.62220e-13
  1256.170  1.59990e-13
  1264.880  1.43580e-13
  1273.650  1.71430e-13
  1285.430  1.77050e-13
  1294.340  1.54920e-13
  1306.320  1.52440e-13
  1315.370  1.75430e-13
  1324.490  1.69860e-13
  1333.670  1.58520e-13
  1346.010  1.74620e-13
  1355.340  1.71040e-13
  1364.740  1.59620e-13
  1374.200  1.63720e-13
  1383.720  1.65990e-13
  1396.530  1.50350e-13
  1406.210  1.54920e-13
  1415.950  1.57800e-13
  1425.770  1.58160e-13
  1435.650  1.57430e-13
  1442.280  1.63340e-13
  1445.600  1.64470e-13
  1455.620  1.61470e-13
  1465.710  1.53850e-13
  1475.870  1.52440e-13
  1486.100  1.52790e-13
  1496.410  1.53850e-13
  1503.310  1.48630e-13
  1513.730  1.38070e-13
  1517.220  1.43910e-13
  1524.230  1.40960e-13
  1534.790  1.28560e-13
  1545.430  1.36490e-13
  1556.140  1.29750e-13
  1563.320  1.30950e-13
  1574.160  1.37430e-13
  1585.070  1.40960e-13
  1596.060  1.43910e-13
  1603.430  1.39030e-13
  1614.540  1.38710e-13
  1625.730  1.33690e-13
  1633.240  1.38710e-13
  1644.560  1.39350e-13
  1655.960  1.30950e-13
  1663.600  1.40640e-13
  1671.280  1.29750e-13
  1675.130  1.40310e-13
  1686.740  1.43580e-13
  1694.530  1.37120e-13
  1706.280  1.33070e-13
  1714.150  1.29450e-13
  1726.030  1.28260e-13
  1734.000  1.34000e-13
  1746.020  1.30650e-13
  1754.080  1.36490e-13
  1766.240  1.26790e-13
  1774.390  1.30950e-13
  1786.690  1.31550e-13
  1794.940  1.36800e-13
  1803.220  1.35550e-13
  1815.720  1.29750e-13
  1824.100  1.30340e-13
  1836.750  1.26790e-13
  1845.220  1.18600e-13
  1853.740  1.19420e-13
  1866.590  1.21930e-13
  1875.210  1.27380e-13
  1883.860  1.20250e-13
  1896.920  1.16440e-13
  1905.680  1.20810e-13
  1914.470  1.18060e-13
  1923.310  1.15900e-13
  1936.640  1.16710e-13
  1945.580  1.22490e-13
  1954.560  1.16710e-13
  1968.110  1.23620e-13
  1977.190  1.25340e-13
  1981.750  1.20250e-13
  1995.490  1.17520e-13
  2004.700  1.18600e-13
  2013.950  1.16710e-13
  2023.250  1.18880e-13
  2037.270  1.16170e-13
  2046.680  1.18600e-13
  2056.120  1.14050e-13
  2065.610  1.14840e-13
  2075.150  1.20530e-13
  2079.930  1.18330e-13
  2084.730  1.20530e-13
  2094.350  1.15370e-13
  2104.020  1.16170e-13
  2113.730  1.16710e-13
  2123.480  1.17520e-13
  2133.290  1.11200e-13
  2143.130  1.14050e-13
  2153.030  1.15900e-13
  2162.960  1.12480e-13
  2172.950  1.11450e-13
  2182.980  1.11710e-13
  2193.050  1.15370e-13
  2203.180  1.12480e-13
  2213.340  1.07670e-13
  2223.560  1.05950e-13
  2233.820  1.12230e-13
  2244.140  1.08170e-13
  2254.490  1.04250e-13
  2264.900  1.04740e-13
  2275.350  1.07180e-13
  2285.860  1.09670e-13
  2296.410  1.04480e-13
  2307.010  1.05560e-13
  2317.660  1.02560e-13
  2323.000  8.78500e-14
  2333.720  9.66550e-14
  2344.490  9.17700e-14
  2355.310  9.93520e-14
  2366.190  9.15480e-14
  2377.110  9.46490e-14
  2382.590  8.70670e-14
  2393.590  9.14780e-14
  2404.630  8.90790e-14
  2415.730  9.02060e-14
  2426.880  9.58720e-14
  2432.480  9.27720e-14
  2443.710  9.67980e-14
  2454.990  9.57890e-14
  2466.320  9.43540e-14
  2477.700  9.10330e-14
  2483.410  9.09740e-14
  2494.880  8.73680e-14
  2506.390  9.58930e-14
  2512.170  8.60000e-14
  2517.960  8.57460e-14
  2523.770  8.31630e-14
  2535.420  8.47910e-14
  2547.120  8.44830e-14
  2552.990  9.06740e-14
  2564.770  8.76790e-14
  2576.610  9.18980e-14
  2582.550  9.07850e-14
  2594.470  8.92110e-14
  2606.450  8.60640e-14
  2612.460  8.44350e-14
  2624.520  8.84950e-14
  2636.630  9.27500e-14
  2642.710  1.01160e-13
  2654.910  1.05050e-13
  2667.160  9.52310e-14
  2673.310  9.87350e-14
  2685.650  1.00200e-13
  2698.040  9.33740e-14
  2704.260  9.68080e-14
  2716.750  9.02160e-14
  2723.010  8.87080e-14
  2735.580  9.29670e-14
  2741.880  8.09110e-14
  2754.540  8.40170e-14
  2767.250  8.82510e-14
  2773.630  9.14950e-14
  2786.440  8.40900e-14
  2792.860  6.73620e-14
  2805.750  7.15750e-14
  2812.220  8.94190e-14
  2825.200  9.50090e-14
  2838.240  9.20650e-14
  2844.780  8.76520e-14
  2857.910  8.12990e-14
  2864.500  9.26290e-14
  2877.720  9.52940e-14
  2884.360  9.39130e-14
  2897.670  9.50690e-14
  2911.050  1.04080e-13
  2931.220  9.91520e-14
  2951.540  9.68830e-14
  2972.000  9.79900e-14
  2992.600  9.79740e-14
  3013.350  9.84070e-14
  3027.260  9.91510e-14
  3048.240  9.98150e-14
  3069.370  1.00250e-13
  3090.640  9.99910e-14
  3112.070  1.01350e-13
  3126.430  9.88700e-14
  3148.100  9.83810e-14
  3169.930  1.00170e-13
  3191.900  9.47490e-14
  3206.630  9.81260e-14
  3228.860  9.28100e-14
  3251.240  1.01480e-13
  3266.250  1.06800e-13
  3288.890  1.05520e-13
  3311.680  1.03780e-13
  3319.320  1.00860e-13
  3326.970  1.02160e-13
  3334.640  1.07370e-13
  3342.330  1.00330e-13
  3350.030  1.04480e-13
  3357.760  1.03420e-13
  3365.500  9.01960e-14
  3373.250  8.99000e-14
  3381.030  9.82510e-14
  3388.820  1.02780e-13
  3396.640  9.67120e-14
  3404.470  1.04720e-13
  3412.310  9.76380e-14
  3420.180  1.01670e-13
  3428.070  1.02980e-13
  3435.970  1.03110e-13
  3443.890  9.30850e-14
  3451.830  1.04820e-13
  3459.780  1.01390e-13
  3467.760  1.00360e-13
  3475.750  1.01890e-13
  3483.770  1.01550e-13
  3491.800  1.03330e-13
  3499.850  9.39240e-14
  3507.920  1.03590e-13
  3516.000  9.63560e-14
  3524.110  9.84980e-14
  3532.230  1.03030e-13
  3540.370  1.05560e-13
  3548.540  1.09660e-13
  3556.720  1.04860e-13
  3564.910  1.06200e-13
  3573.130  9.11350e-14
  3581.370  9.48900e-14
  3589.620  8.33210e-14
  3597.900  9.89210e-14
  3606.190  9.74590e-14
  3614.510  9.64610e-14
  3619.710  7.34790e-14
  3622.450  7.24990e-14
  3625.190  9.31620e-14
  3627.940  1.09560e-13
  3630.680  8.98350e-14
  3633.430  7.41620e-14
  3636.170  9.00950e-14
  3638.910  8.81070e-14
  3641.660  1.02880e-13
  3644.400  9.59240e-14
  3647.150  1.09160e-13
  3649.890  1.00090e-13
  3652.630  9.47660e-14
  3655.380  1.07350e-13
  3658.120  1.36590e-13
  3660.870  1.10360e-13
  3663.610  9.74330e-14
  3666.350  1.32160e-13
  3669.100  1.13040e-13
  3671.840  9.46670e-14
  3674.590  9.70920e-14
  3677.330  1.19490e-13
  3680.070  1.15640e-13
  3682.820  1.21060e-13
  3685.560  1.12160e-13
  3688.310  9.66100e-14
  3691.050  1.16280e-13
  3693.790  1.30500e-13
  3696.540  1.15560e-13
  3699.280  1.02910e-13
  3702.030  1.18660e-13
  3704.770  1.15870e-13
  3707.510  1.19430e-13
  3710.260  1.08300e-13
  3713.000  9.36500e-14
  3715.740  1.11170e-13
  3718.490  1.27630e-13
  3721.230  1.22370e-13
  3723.980  1.29070e-13
  3726.720  1.14020e-13
  3729.460  1.19320e-13
  3732.210  9.53080e-14
  3734.950  1.08080e-13
  3737.700  7.85480e-14
  3740.440  1.08980e-13
  3743.180  1.10250e-13
  3745.930  1.07500e-13
  3748.670  1.17140e-13
  3751.420  1.16460e-13
  3754.160  1.17950e-13
  3756.900  1.03730e-13
  3759.650  1.29340e-13
  3762.390  1.22080e-13
  3765.140  1.28200e-13
  3767.880  1.16140e-13
  3770.620  1.28510e-13
  3773.370  1.32970e-13
  3776.110  1.30570e-13
  3778.860  1.45730e-13
  3781.600  1.42000e-13
  3784.340  1.39120e-13
  3787.090  1.52470e-13
  3789.830  1.45730e-13
  3792.580  1.32150e-13
  3795.320  1.28960e-13
  3798.060  1.18810e-13
  3800.810  1.21420e-13
  3803.550  1.32950e-13
  3806.300  1.32060e-13
  3809.040  1.42670e-13
  3811.780  1.46220e-13
  3814.530  1.48770e-13
  3817.270  1.52250e-13
  3820.020  1.46550e-13
  3822.760  1.32500e-13
  3825.500  1.32590e-13
  3828.250  1.19640e-13
  3830.990  1.21860e-13
  3833.740  1.09370e-13
  3836.480  1.16040e-13
  3839.220  1.10060e-13
  3841.970  1.23130e-13
  3844.710  1.41920e-13
  3847.460  1.39340e-13
  3850.200  1.40550e-13
  3852.940  1.44970e-13
  3855.690  1.49440e-13
  3858.430  1.48890e-13
  3861.180  1.53830e-13
  3863.920  1.54570e-13
  3866.660  1.63260e-13
  3869.410  1.61410e-13
  3872.150  1.52000e-13
  3874.900  1.47900e-13
  3877.640  1.49070e-13
  3880.380  1.45680e-13
  3883.130  1.42060e-13
  3885.870  1.29320e-13
  3888.620  1.19410e-13
  3891.360  1.25600e-13
  3894.100  1.38100e-13
  3896.850  1.44290e-13
  3899.590  1.46050e-13
  3902.340  1.51570e-13
  3905.080  1.53660e-13
  3907.820  1.53120e-13
  3910.570  1.60280e-13
  3913.310  1.60190e-13
  3916.060  1.59870e-13
  3918.800  1.61220e-13
  3921.540  1.60540e-13
  3924.290  1.49000e-13
  3927.030  1.33950e-13
  3929.780  1.19230e-13
  3932.520  1.09000e-13
  3935.260  1.07140e-13
  3938.010  1.11970e-13
  3940.750  1.25190e-13
  3943.500  1.33980e-13
  3946.240  1.45290e-13
  3948.980  1.53070e-13
  3951.730  1.48150e-13
  3954.470  1.50230e-13
  3957.220  1.50570e-13
  3959.960  1.38320e-13
  3962.700  1.29260e-13
  3965.450  1.13310e-13
  3968.190  1.01850e-13
  3970.940  9.68520e-14
  3973.680  1.00670e-13
  3976.420  1.14450e-13
  3979.170  1.33780e-13
  3981.910  1.50260e-13
  3984.660  1.67940e-13
  3987.400  1.77010e-13
  3990.140  1.81680e-13
  3992.890  1.78810e-13
  3995.630  1.80190e-13
  3998.380  1.79000e-13
  4001.120  1.88460e-13
  4003.860  1.85190e-13
  4006.610  1.88350e-13
  4009.350  1.87380e-13
  4012.100  1.94320e-13
  4014.840  1.95920e-13
  4017.580  1.94850e-13
  4020.330  1.98050e-13
  4023.070  1.96880e-13
  4025.820  1.92610e-13
  4028.560  1.95960e-13
  4031.300  1.96770e-13
  4034.050  1.93610e-13
  4036.790  1.91220e-13
  4039.540  1.99330e-13
  4042.280  1.94620e-13
  4045.020  1.92740e-13
  4047.770  1.92680e-13
  4050.510  1.96310e-13
  4053.260  1.99360e-13
  4056.000  1.86110e-13
  4058.740  1.86840e-13
  4061.490  1.90930e-13
  4064.230  1.92330e-13
  4066.980  1.93670e-13
  4069.720  1.90570e-13
  4072.460  1.96100e-13
  4075.210  1.97840e-13
  4077.950  1.85640e-13
  4080.700  1.83280e-13
  4083.440  1.84310e-13
  4086.180  1.96550e-13
  4088.930  2.01830e-13
  4091.670  1.95840e-13
  4094.420  1.88890e-13
  4097.160  1.78560e-13
  4099.900  1.67950e-13
  4102.650  1.59890e-13
  4105.390  1.50620e-13
  4108.140  1.65270e-13
  4110.880  1.79300e-13
  4113.620  1.79710e-13
  4116.370  1.81420e-13
  4119.110  1.88720e-13
  4121.860  1.89620e-13
  4124.600  1.92870e-13
  4127.340  1.92750e-13
  4130.090  1.90890e-13
  4132.830  1.83170e-13
  4135.570  1.86520e-13
  4138.320  1.91780e-13
  4141.060  1.92340e-13
  4143.810  1.90440e-13
  4146.550  1.93010e-13
  4149.290  1.80920e-13
  4152.040  1.92920e-13
  4154.780  1.97330e-13
  4157.530  1.93800e-13
  4160.270  1.93250e-13
  4163.010  2.05230e-13
  4165.760  1.99490e-13
  4168.500  2.02010e-13
  4171.250  1.93370e-13
  4173.990  1.79410e-13
  4176.730  1.80830e-13
  4179.480  1.82640e-13
  4182.220  1.83610e-13
  4184.970  1.82920e-13
  4187.710  2.00340e-13
  4190.450  1.94820e-13
  4193.200  1.94060e-13
  4195.940  1.92270e-13
  4198.690  1.88090e-13
  4201.430  1.86350e-13
  4204.170  1.90790e-13
  4206.920  1.88210e-13
  4209.660  1.95040e-13
  4212.410  1.99140e-13
  4215.150  1.99180e-13
  4217.890  1.99730e-13
  4220.640  1.93830e-13
  4223.380  1.98310e-13
  4226.130  1.93040e-13
  4228.870  1.82890e-13
  4231.610  1.85620e-13
  4234.360  1.87270e-13
  4237.100  1.92800e-13
  4239.850  1.89240e-13
  4242.590  2.01060e-13
  4245.330  2.03730e-13
  4248.080  2.03280e-13
  4250.820  1.98300e-13
  4253.570  1.90580e-13
  4256.310  1.93830e-13
  4259.050  1.96580e-13
  4261.800  1.89660e-13
  4264.540  2.00250e-13
  4267.290  1.99410e-13
  4270.030  1.90570e-13
  4272.770  1.88760e-13
  4275.520  1.90960e-13
  4278.260  1.94600e-13
  4281.010  1.90230e-13
  4283.750  1.93150e-13
  4286.490  1.96020e-13
  4289.240  1.83200e-13
  4291.980  1.79550e-13
  4294.730  1.80460e-13
  4297.470  1.82510e-13
  4300.210  1.71670e-13
  4302.960  1.66840e-13
  4305.700  1.61750e-13
  4308.450  1.64430e-13
  4311.190  1.68860e-13
  4313.930  1.81800e-13
  4316.680  1.88970e-13
  4319.420  2.02460e-13
  4322.170  2.03720e-13
  4324.910  1.92940e-13
  4327.650  1.86150e-13
  4330.400  1.86910e-13
  4333.140  1.93890e-13
  4335.890  1.87920e-13
  4338.630  1.80620e-13
  4341.370  1.73630e-13
  4344.120  1.73240e-13
  4346.860  1.78910e-13
  4349.610  1.84900e-13
  4352.350  1.89730e-13
  4355.090  1.88940e-13
  4357.840  1.90540e-13
  4360.580  1.96780e-13
  4363.330  2.07130e-13
  4366.070  2.13320e-13
  4368.810  2.12330e-13
  4371.560  2.05670e-13
  4374.300  1.98100e-13
  4377.050  1.98110e-13
  4379.790  1.98370e-13
  4382.530  1.94740e-13
  4385.280  1.88190e-13
  4388.020  1.88140e-13
  4390.770  1.93050e-13
  4393.510  1.96810e-13
  4396.250  2.02600e-13
  4399.000  1.98180e-13
  4401.740  1.98100e-13
  4404.490  1.93540e-13
  4407.230  2.00850e-13
  4409.970  2.01730e-13
  4412.720  2.01000e-13
  4415.460  2.04880e-13
  4418.210  2.02720e-13
  4420.950  2.09400e-13
  4423.690  2.13430e-13
  4426.440  2.07580e-13
  4429.180  2.09970e-13
  4431.930  2.13100e-13
  4434.670  2.06090e-13
  4437.410  2.04740e-13
  4440.160  2.08850e-13
  4442.900  2.11220e-13
  4445.650  2.16780e-13
  4448.390  2.17840e-13
  4451.130  2.20040e-13
  4453.880  2.17120e-13
  4456.620  2.06000e-13
  4459.370  2.06210e-13
  4462.110  2.06680e-13
  4464.850  2.09510e-13
  4467.600  2.11110e-13
  4470.340  2.06520e-13
  4473.090  2.11980e-13
  4475.830  2.21630e-13
  4478.570  2.23690e-13
  4481.320  2.24720e-13
  4484.060  2.20600e-13
  4486.810  2.21250e-13
  4489.550  2.21780e-13
  4492.290  2.18510e-13
  4495.040  2.15590e-13
  4497.780  2.17490e-13
  4500.520  2.17470e-13
  4503.270  2.26750e-13
  4506.010  2.29320e-13
  4508.760  2.32700e-13
  4511.500  2.33950e-13
  4514.240  2.27250e-13
  4516.990  2.27220e-13
  4519.730  2.29130e-13
  4522.480  2.23280e-13
  4525.220  2.19740e-13
  4527.960  2.14710e-13
  4530.710  2.07940e-13
  4533.450  2.07410e-13
  4536.200  2.04410e-13
  4538.940  2.12270e-13
  4541.680  2.17840e-13
  4544.430  2.15780e-13
  4547.170  2.16280e-13
  4549.920  2.19920e-13
  4552.660  2.15330e-13
  4555.400  2.11780e-13
  4558.150  2.16930e-13
  4560.890  2.20380e-13
  4563.640  2.25410e-13
  4566.380  2.27370e-13
  4569.120  2.29270e-13
  4571.870  2.23850e-13
  4574.610  2.10750e-13
  4577.360  2.12460e-13
  4580.100  2.15850e-13
  4582.840  2.13960e-13
  4585.590  2.20320e-13
  4588.330  2.25110e-13
  4591.080  2.22980e-13
  4593.820  2.21170e-13
  4596.560  2.22780e-13
  4599.310  2.24070e-13
  4602.050  2.20480e-13
  4604.800  2.25920e-13
  4607.540  2.25890e-13
  4610.280  2.28570e-13
  4613.030  2.34690e-13
  4615.770  2.27820e-13
  4618.520  2.31580e-13
  4621.260  2.31290e-13
  4624.000  2.25790e-13
  4626.750  2.32140e-13
  4629.490  2.30440e-13
  4632.240  2.27890e-13
  4634.980  2.25730e-13
  4637.720  2.24590e-13
  4640.470  2.22800e-13
  4643.210  2.22340e-13
  4645.960  2.22080e-13
  4648.700  2.21370e-13
  4651.440  2.25270e-13
  4654.190  2.24930e-13
  4656.930  2.22390e-13
  4659.680  2.26490e-13
  4662.420  2.23660e-13
  4665.160  2.21980e-13
  4667.910  2.11960e-13
  4670.650  2.06880e-13
  4673.400  2.13800e-13
  4676.140  2.19170e-13
  4678.880  2.24290e-13
  4681.630  2.27360e-13
  4684.370  2.24200e-13
  4687.120  2.26530e-13
  4689.860  2.26160e-13
  4692.600  2.25770e-13
  4695.350  2.26290e-13
  4698.090  2.25370e-13
  4700.840  2.19200e-13
  4703.580  2.19980e-13
  4706.320  2.21750e-13
  4709.070  2.23890e-13
  4711.810  2.26270e-13
  4714.560  2.28660e-13
  4717.300  2.32320e-13
  4720.040  2.28620e-13
  4722.790  2.33180e-13
  4725.530  2.32400e-13
  4728.280  2.25870e-13
  4731.020  2.23260e-13
  4733.760  2.18810e-13
  4736.510  2.24450e-13
  4739.250  2.24210e-13
  4742.000  2.29070e-13
  4744.740  2.30740e-13
  4747.480  2.27310e-13
  4750.230  2.28510e-13
  4752.970  2.30540e-13
  4755.720  2.24100e-13
  4758.460  2.27880e-13
  4761.200  2.26810e-13
  4763.950  2.26050e-13
  4766.690  2.22520e-13
  4769.440  2.25040e-13
  4772.180  2.27850e-13
  4774.920  2.27530e-13
  4777.670  2.31990e-13
  4780.410  2.27190e-13
  4783.160  2.26090e-13
  4785.900  2.27210e-13
  4788.640  2.26630e-13
  4791.390  2.26500e-13
  4794.130  2.31220e-13
  4796.880  2.31440e-13
  4799.620  2.32930e-13
  4802.360  2.30510e-13
  4805.110  2.30040e-13
  4807.850  2.30220e-13
  4810.600  2.26580e-13
  4813.340  2.34980e-13
  4816.080  2.38770e-13
  4818.830  2.31510e-13
  4821.570  2.29700e-13
  4824.320  2.37550e-13
  4827.060  2.35710e-13
  4829.800  2.30660e-13
  4832.550  2.26090e-13
  4835.290  2.27360e-13
  4838.040  2.25690e-13
  4840.780  2.24280e-13
  4843.520  2.18180e-13
  4846.270  2.27870e-13
  4849.010  2.19640e-13
  4851.760  2.10150e-13
  4854.500  2.08280e-13
  4857.240  2.00130e-13
  4859.990  2.04640e-13
  4862.730  2.06290e-13
  4865.480  2.08860e-13
  4868.220  2.00060e-13
  4870.960  1.93410e-13
  4873.710  1.91670e-13
  4876.450  1.99590e-13
  4879.190  2.00050e-13
  4881.940  2.09490e-13
  4884.680  2.11080e-13
  4887.430  2.14380e-13
  4890.170  2.09160e-13
  4892.910  2.06660e-13
  4895.660  2.16070e-13
  4898.400  2.17110e-13
  4901.150  2.18490e-13
  4903.890  2.19370e-13
  4906.630  2.14330e-13
  4909.380  2.14940e-13
  4912.120  2.15080e-13
  4914.870  2.12190e-13
  4917.610  2.10680e-13
  4920.350  2.07230e-13
  4923.100  2.00610e-13
  4925.840  2.05370e-13
  4928.590  2.13120e-13
  4931.330  2.23100e-13
  4934.070  2.17420e-13
  4936.820  2.23350e-13
  4939.560  2.19940e-13
  4942.310  2.17260e-13
  4945.050  2.18550e-13
  4947.790  2.22320e-13
  4950.540  2.24120e-13
  4953.280  2.27380e-13
  4956.030  2.20110e-13
  4958.770  2.18610e-13
  4961.510  2.17970e-13
  4964.260  2.22090e-13
  4967.000  2.18220e-13
  4969.750  2.20380e-13
  4972.490  2.19460e-13
  4975.230  2.29490e-13
  4977.980  2.27130e-13
  4980.720  2.17540e-13
  4983.470  2.13340e-13
  4986.210  2.08750e-13
  4988.950  2.11600e-13
  4991.700  2.20600e-13
  4994.440  2.15720e-13
  4997.190  2.17540e-13
  4999.930  2.15320e-13
  5002.670  2.12780e-13
  5005.420  2.11400e-13
  5008.160  2.04230e-13
  5010.910  2.00820e-13
  5013.650  1.99820e-13
  5016.390  2.02760e-13
  5019.140  2.00800e-13
  5021.880  2.04330e-13
  5024.630  2.10500e-13
  5027.370  2.09540e-13
  5030.110  2.16210e-13
  5032.860  2.16470e-13
  5035.600  2.12810e-13
  5038.350  2.14190e-13
  5041.090  2.06980e-13
  5043.830  2.11670e-13
  5046.580  2.14970e-13
  5049.320  2.18850e-13
  5052.070  2.14310e-13
  5054.810  2.08260e-13
  5057.550  2.19210e-13
  5060.300  2.20040e-13
  5063.040  2.26590e-13
  5065.790  2.27170e-13
  5068.530  2.19430e-13
  5071.270  2.13220e-13
  5074.020  2.13880e-13
  5076.760  2.12360e-13
  5079.510  2.09920e-13
  5082.250  2.15540e-13
  5084.990  2.13450e-13
  5087.740  2.08850e-13
  5090.480  2.21310e-13
  5093.230  2.21310e-13
  5095.970  2.18570e-13
  5098.710  2.19400e-13
  5101.460  2.05930e-13
  5104.200  2.10820e-13
  5106.950  2.08890e-13
  5109.690  2.09410e-13
  5112.430  2.13290e-13
  5115.180  2.12530e-13
  5117.920  2.23200e-13
  5120.670  2.21850e-13
  5123.410  2.22160e-13
  5126.150  2.14830e-13
  5128.900  2.04290e-13
  5131.640  2.09860e-13
  5134.390  2.14950e-13
  5137.130  2.12090e-13
  5139.870  2.11200e-13
  5142.620  2.10500e-13
  5145.360  2.02880e-13
  5148.110  2.11130e-13
  5150.850  2.09680e-13
  5153.590  2.07870e-13
  5156.340  2.11280e-13
  5159.080  2.12820e-13
  5161.830  2.08800e-13
  5164.570  2.06520e-13
  5167.310  1.98340e-13
  5170.060  1.84520e-13
  5172.800  1.84020e-13
  5175.550  1.84090e-13
  5178.290  1.98850e-13
  5181.030  1.98220e-13
  5183.780  1.89450e-13
  5186.520  1.89750e-13
  5189.270  1.93670e-13
  5192.010  1.97320e-13
  5194.750  1.98720e-13
  5197.500  2.08430e-13
  5200.240  2.07000e-13
  5202.990  2.08510e-13
  5205.730  2.05130e-13
  5208.470  2.00170e-13
  5211.220  2.05860e-13
  5213.960  2.15360e-13
  5216.710  2.15090e-13
  5219.450  2.13900e-13
  5222.190  2.13080e-13
  5224.940  2.05530e-13
  5227.680  2.04370e-13
  5230.430  2.04420e-13
  5233.170  2.01040e-13
  5235.910  2.11500e-13
  5238.660  2.11270e-13
  5241.400  2.16070e-13
  5244.140  2.19360e-13
  5246.890  2.14710e-13
  5249.630  2.11820e-13
  5252.380  2.08410e-13
  5255.120  2.12930e-13
  5257.860  2.14900e-13
  5260.610  2.08680e-13
  5263.350  2.10280e-13
  5266.100  1.97380e-13
  5268.840  1.89890e-13
  5271.580  1.95130e-13
  5274.330  2.00150e-13
  5277.070  2.06640e-13
  5279.820  2.08850e-13
  5282.560  2.12460e-13
  5285.300  2.19400e-13
  5288.050  2.23920e-13
  5290.790  2.25880e-13
  5293.540  2.25540e-13
  5296.280  2.28890e-13
  5299.020  2.14110e-13
  5301.770  2.18060e-13
  5304.510  2.17100e-13
  5307.260  2.23820e-13
  5310.000  2.27730e-13
  5312.740  2.28320e-13
  5315.490  2.25370e-13
  5318.230  2.24730e-13
  5320.980  2.22230e-13
  5323.720  2.19580e-13
  5326.460  2.17470e-13
  5329.210  2.06490e-13
  5331.950  2.10460e-13
  5334.700  2.11050e-13
  5337.440  2.16110e-13
  5340.180  2.20880e-13
  5342.930  2.20360e-13
  5345.670  2.17400e-13
  5348.420  2.17630e-13
  5351.160  2.25050e-13
  5353.900  2.21160e-13
  5356.650  2.29760e-13
  5359.390  2.32850e-13
  5362.140  2.29730e-13
  5364.880  2.29800e-13
  5367.620  2.22130e-13
  5370.370  2.17120e-13
  5373.110  2.14870e-13
  5375.860  2.19540e-13
  5378.600  2.27210e-13
  5381.340  2.18290e-13
  5384.090  2.16970e-13
  5386.830  2.20980e-13
  5389.580  2.19300e-13
  5392.320  2.24080e-13
  5395.060  2.18700e-13
  5397.810  2.16080e-13
  5400.550  2.14840e-13
  5403.300  2.16910e-13
  5406.040  2.11490e-13
  5408.780  2.10020e-13
  5411.530  2.12940e-13
  5414.270  2.14620e-13
  5417.020  2.19360e-13
  5419.760  2.24490e-13
  5422.500  2.20190e-13
  5425.250  2.17050e-13
  5427.990  2.15750e-13
  5430.740  2.14010e-13
  5433.480  2.14970e-13
  5436.220  2.18330e-13
  5438.970  2.16570e-13
  5441.710  2.20660e-13
  5444.460  2.19030e-13
  5447.200  2.19400e-13
  5449.940  2.19750e-13
  5452.690  2.13560e-13
  5455.430  2.14530e-13
  5458.180  2.14300e-13
  5460.920  2.15080e-13
  5463.660  2.22000e-13
  5466.410  2.21800e-13
  5469.150  2.20010e-13
  5471.900  2.20770e-13
  5474.640  2.14920e-13
  5477.380  2.12420e-13
  5480.130  2.13270e-13
  5482.870  2.11160e-13
  5485.620  2.07890e-13
  5488.360  2.17500e-13
  5491.100  2.21730e-13
  5493.850  2.17120e-13
  5496.590  2.21610e-13
  5499.340  2.16600e-13
  5502.080  2.18450e-13
  5504.820  2.18610e-13
  5507.570  2.14330e-13
  5510.310  2.16620e-13
  5513.060  2.13920e-13
  5515.800  2.17520e-13
  5518.540  2.18220e-13
  5521.290  2.17670e-13
  5524.030  2.21090e-13
  5526.780  2.18480e-13
  5529.520  2.16610e-13
  5532.260  2.15940e-13
  5535.010  2.15500e-13
  5537.750  2.10820e-13
  5540.500  2.17400e-13
  5543.240  2.21110e-13
  5545.980  2.15850e-13
  5548.730  2.26660e-13
  5551.470  2.21880e-13
  5554.220  2.23200e-13
  5556.960  2.24720e-13
  5559.700  2.22080e-13
  5562.450  2.16870e-13
  5565.190  2.25890e-13
  5567.940  2.18300e-13
  5570.680  2.11760e-13
  5573.420  2.22170e-13
  5576.170  2.16580e-13
  5578.910  2.17620e-13
  5581.660  2.19180e-13
  5584.400  2.13350e-13
  5587.140  2.05440e-13
  5589.890  2.12680e-13
  5592.630  2.07440e-13
  5595.380  2.10040e-13
  5598.120  2.13050e-13
  5600.860  2.14140e-13
  5603.610  2.16390e-13
  5606.350  2.18030e-13
  5609.100  2.22860e-13
  5611.840  2.23480e-13
  5614.580  2.21020e-13
  5617.330  2.16230e-13
  5620.070  2.13430e-13
  5622.810  2.12310e-13
  5625.560  2.18090e-13
  5628.300  2.20640e-13
  5631.050  2.17990e-13
  5633.790  2.18390e-13
  5636.530  2.20890e-13
  5639.280  2.18670e-13
  5642.020  2.17210e-13
  5644.770  2.15130e-13
  5647.510  2.19340e-13
  5650.250  2.24690e-13
  5653.000  2.21130e-13
  5655.740  2.16350e-13
  5658.490  2.11590e-13
  5661.230  2.14890e-13
  5663.970  2.12980e-13
  5666.720  2.15710e-13
  5669.460  2.19590e-13
  5672.210  2.18380e-13
  5674.950  2.23410e-13
  5677.690  2.27720e-13
  5680.440  2.28800e-13
  5683.180  2.23860e-13
  5685.930  2.15510e-13
  5688.670  2.08230e-13
  5691.410  2.13120e-13
  5694.160  2.17230e-13
  5696.900  2.20930e-13
  5699.650  2.22080e-13
  5702.390  2.16960e-13
  5705.130  2.14950e-13
  5707.880  2.14320e-13
  5710.620  2.11790e-13
  5713.370  2.08760e-13
  5716.110  2.10810e-13
  5718.850  2.16270e-13
  5721.600  2.18160e-13
  5724.340  2.22330e-13
  5727.090  2.23670e-13
  5729.830  2.19820e-13
  5732.570  2.21330e-13
  5735.320  2.22700e-13
  5738.060  2.19270e-13
  5740.810  2.20250e-13
  5743.550  2.25050e-13
  5746.290  2.30080e-13
  5749.040  2.26640e-13
  5751.780  2.22840e-13
  5754.530  2.18740e-13
  5757.270  2.18310e-13
  5760.010  2.18720e-13
  5762.760  2.14820e-13
  5765.500  2.15980e-13
  5768.250  2.19040e-13
  5770.990  2.22790e-13
  5773.730  2.19930e-13
  5776.480  2.19550e-13
  5779.220  2.16900e-13
  5781.970  2.15610e-13
  5784.710  2.09000e-13
  5787.450  2.08860e-13
  5790.200  2.15080e-13
  5792.940  2.18950e-13
  5795.690  2.19560e-13
  5798.430  2.22860e-13
  5801.170  2.21940e-13
  5803.920  2.16360e-13
  5806.660  2.21520e-13
  5809.410  2.18150e-13
  5812.150  2.18010e-13
  5814.890  2.19770e-13
  5817.640  2.20300e-13
  5820.380  2.19250e-13
  5823.130  2.12980e-13
  5825.870  2.21280e-13
  5828.610  2.20490e-13
  5831.360  2.22960e-13
  5834.100  2.19690e-13
  5836.850  2.24200e-13
  5839.590  2.23600e-13
  5842.330  2.16660e-13
  5845.080  2.22340e-13
  5847.820  2.24390e-13
  5850.570  2.21040e-13
  5853.310  2.16760e-13
  5856.050  2.08570e-13
  5858.800  2.10640e-13
  5861.540  2.08980e-13
  5864.290  2.17070e-13
  5867.030  2.17380e-13
  5869.770  2.21080e-13
  5872.520  2.15030e-13
  5875.260  2.20680e-13
  5878.010  2.17680e-13
  5880.750  1.78820e-13
  5883.490  2.01990e-13
  5886.240  1.91210e-13
  5888.980  1.88690e-13
  5891.730  1.94100e-13
  5894.470  1.96130e-13
  5897.210  1.92310e-13
  5899.960  2.03070e-13
  5902.700  2.04220e-13
  5905.450  2.18650e-13
  5908.190  2.12990e-13
  5910.930  2.14450e-13
  5913.680  2.05120e-13
  5916.420  2.13030e-13
  5919.170  2.05230e-13
  5921.910  2.09150e-13
  5924.650  2.13260e-13
  5927.400  2.14630e-13
  5930.140  2.08670e-13
  5932.890  2.13530e-13
  5935.630  2.09070e-13
  5938.370  2.11910e-13
  5941.120  2.10820e-13
  5943.860  2.07080e-13
  5946.610  2.13480e-13
  5949.350  2.12150e-13
  5952.090  2.11110e-13
  5954.840  2.14790e-13
  5957.580  2.14600e-13
  5960.330  2.16270e-13
  5963.070  2.18980e-13
  5965.810  2.16580e-13
  5968.560  2.15920e-13
  5971.300  2.11400e-13
  5974.050  2.15140e-13
  5976.790  2.10660e-13
  5979.530  2.13520e-13
  5982.280  2.14780e-13
  5985.020  2.10920e-13
  5987.760  2.11490e-13
  5990.510  2.10760e-13
  5993.250  2.14530e-13
  5996.000  2.13670e-13
  5998.740  2.15430e-13
  6001.480  2.13680e-13
  6004.230  2.13760e-13
  6006.970  2.12280e-13
  6009.720  2.04900e-13
  6012.460  2.08080e-13
  6015.200  2.10150e-13
  6017.950  2.10130e-13
  6020.690  2.12620e-13
  6023.440  2.09260e-13
  6026.180  2.05290e-13
  6028.920  2.12800e-13
  6031.670  2.13720e-13
  6034.410  2.12160e-13
  6037.160  2.10710e-13
  6039.900  2.15610e-13
  6042.640  2.17540e-13
  6045.390  2.16330e-13
  6048.130  2.15700e-13
  6050.880  2.17910e-13
  6053.620  2.19280e-13
  6056.360  2.18180e-13
  6059.110  2.19890e-13
  6061.850  2.22570e-13
  6064.600  2.23150e-13
  6067.340  2.16460e-13
  6070.080  2.17390e-13
  6072.830  2.19330e-13
  6075.570  2.16230e-13
  6078.320  2.12040e-13
  6081.060  2.13890e-13
  6083.800  2.14980e-13
  6086.550  2.11490e-13
  6089.290  2.08310e-13
  6092.040  2.07620e-13
  6094.780  2.09090e-13
  6097.520  2.12750e-13
  6100.270  2.14000e-13
  6103.010  2.11140e-13
  6105.760  2.06740e-13
  6108.500  2.08770e-13
  6111.240  2.08710e-13
  6113.990  2.09590e-13
  6116.730  2.12600e-13
  6119.480  2.19650e-13
  6122.220  2.11920e-13
  6124.960  2.05860e-13
  6127.710  2.09400e-13
  6130.450  2.11840e-13
  6133.200  2.12530e-13
  6135.940  2.06910e-13
  6138.680  2.09960e-13
  6141.430  2.02660e-13
  6144.170  2.11170e-13
  6146.920  2.14050e-13
  6149.660  2.12770e-13
  6152.400  2.06520e-13
  6155.150  2.10440e-13
  6157.890  2.07530e-13
  6160.640  2.02560e-13
  6163.380  2.01360e-13
  6166.120  1.96670e-13
  6168.870  2.01860e-13
  6171.610  2.04880e-13
  6174.360  2.06310e-13
  6177.100  2.01990e-13
  6179.840  1.99740e-13
  6182.590  2.08320e-13
  6185.330  2.07370e-13
  6188.080  2.02700e-13
  6190.820  1.98020e-13
  6193.560  2.05300e-13
  6196.310  2.02990e-13
  6199.050  2.04650e-13
  6201.800  1.98520e-13
  6204.540  2.00530e-13
  6207.280  2.05870e-13
  6210.030  2.09200e-13
  6212.770  2.00070e-13
  6215.520  2.02550e-13
  6218.260  1.97280e-13
  6221.000  1.96870e-13
  6223.750  1.95000e-13
  6226.490  1.89840e-13
  6229.240  1.91000e-13
  6231.980  2.00840e-13
  6234.720  1.97020e-13
  6237.470  1.98910e-13
  6240.210  2.04360e-13
  6242.960  2.00070e-13
  6245.700  1.97240e-13
  6248.440  1.90770e-13
  6251.190  1.94020e-13
  6253.930  1.97300e-13
  6256.680  1.99490e-13
  6259.420  1.93070e-13
  6262.160  1.97550e-13
  6264.910  2.08280e-13
  6267.650  2.09660e-13
  6270.400  2.00740e-13
  6273.140  2.03450e-13
  6275.880  2.11430e-13
  6278.630  2.09230e-13
  6281.370  2.03720e-13
  6284.120  2.00760e-13
  6286.860  2.61320e-13
  6289.600  2.32820e-13
  6292.350  2.08230e-13
  6295.090  1.66550e-13
  6297.840  1.88390e-13
  6300.580  1.98080e-13
  6303.320  1.96750e-13
  6306.070  2.01830e-13
  6308.810  2.06930e-13
  6311.560  2.03200e-13
  6314.300  2.02070e-13
  6317.040  1.99790e-13
  6319.790  2.00660e-13
  6322.530  1.93810e-13
  6325.280  1.91450e-13
  6328.020  2.17480e-13
  6330.760  1.98180e-13
  6333.510  2.05430e-13
  6336.250  1.98610e-13
  6339.000  2.11840e-13
  6341.740  2.08110e-13
  6344.480  2.07190e-13
  6347.230  2.05660e-13
  6349.970  2.10300e-13
  6352.710  2.08240e-13
  6355.460  2.02780e-13
  6358.200  2.04520e-13
  6360.950  2.03390e-13
  6363.690  2.02110e-13
  6366.430  1.97950e-13
  6369.180  2.03550e-13
  6371.920  2.06780e-13
  6374.670  2.05540e-13
  6377.410  2.06400e-13
  6380.150  2.09310e-13
  6382.900  2.11220e-13
  6385.640  2.06070e-13
  6388.390  2.04310e-13
  6391.130  1.99320e-13
  6393.870  2.02790e-13
  6396.620  2.01320e-13
  6399.360  2.06980e-13
  6402.110  2.09940e-13
  6404.850  2.06030e-13
  6407.590  2.08410e-13
  6410.340  2.09720e-13
  6413.080  2.10800e-13
  6415.830  2.10770e-13
  6418.570  2.04840e-13
  6421.310  2.05090e-13
  6424.060  2.08660e-13
  6426.800  2.09290e-13
  6429.550  2.06840e-13
  6432.290  2.03100e-13
  6435.030  2.06400e-13
  6437.780  2.04610e-13
  6440.520  2.07910e-13
  6443.270  1.98140e-13
  6446.010  1.98850e-13
  6448.750  2.08040e-13
  6451.500  2.00460e-13
  6454.240  1.96830e-13
  6456.990  1.97980e-13
  6459.730  2.03710e-13
  6462.470  2.04000e-13
  6465.220  2.07390e-13
  6467.960  2.06390e-13
  6470.710  2.11550e-13
  6473.450  2.05930e-13
  6476.190  2.06210e-13
  6478.940  2.03870e-13
  6481.680  2.09570e-13
  6484.430  2.06270e-13
  6487.170  2.07210e-13
  6489.910  2.12350e-13
  6492.660  1.97240e-13
  6495.400  1.96380e-13
  6498.150  1.97330e-13
  6500.890  2.00630e-13
  6503.630  1.99460e-13
  6506.380  1.98790e-13
  6509.120  2.06840e-13
  6511.870  2.10290e-13
  6514.610  2.09330e-13
  6517.350  2.07520e-13
  6520.100  2.10900e-13
  6522.840  2.11800e-13
  6525.590  2.11570e-13
  6528.330  2.12170e-13
  6531.070  2.11670e-13
  6533.820  2.10840e-13
  6536.560  2.04740e-13
  6539.310  2.11640e-13
  6542.050  2.11000e-13
  6544.790  2.11530e-13
  6547.540  2.13510e-13
  6550.280  2.22100e-13
  6553.030  2.21690e-13
  6555.770  2.07050e-13
  6558.510  2.10110e-13
  6561.260  2.56030e-13
  6564.000  2.98800e-13
  6566.750  2.77870e-13
  6569.490  2.21690e-13
  6572.230  1.97600e-13
  6574.980  1.96220e-13
  6577.720  1.96750e-13
  6580.470  2.17610e-13
  6583.210  2.42910e-13
  6585.950  2.57010e-13
  6588.700  2.38720e-13
  6591.440  2.11830e-13
  6594.190  1.93900e-13
  6596.930  1.88300e-13
  6599.670  1.97910e-13
  6602.420  1.97850e-13
  6605.160  2.00750e-13
  6607.910  1.94090e-13
  6610.650  1.95610e-13
  6613.390  2.00240e-13
  6616.140  2.10130e-13
  6618.880  2.10810e-13
  6621.630  2.01490e-13
  6624.370  2.05330e-13
  6627.110  2.04350e-13
  6629.860  2.00400e-13
  6632.600  2.01940e-13
  6635.350  2.06970e-13
  6638.090  2.08220e-13
  6640.830  2.09250e-13
  6643.580  2.03430e-13
  6646.320  2.05010e-13
  6649.070  2.08350e-13
  6651.810  2.05520e-13
  6654.550  2.06180e-13
  6657.300  2.05510e-13
  6660.040  2.04310e-13
  6662.790  2.07460e-13
  6665.530  1.98100e-13
  6668.270  1.99270e-13
  6671.020  2.07190e-13
  6673.760  2.02930e-13
  6676.510  2.06280e-13
  6679.250  2.03010e-13
  6681.990  2.01590e-13
  6684.740  2.00800e-13
  6687.480  2.00990e-13
  6690.230  2.05350e-13
  6692.970  2.00320e-13
  6695.710  1.98850e-13
  6698.460  1.96110e-13
  6701.200  2.00390e-13
  6703.950  1.98530e-13
  6706.690  1.99580e-13
  6709.430  1.98980e-13
  6712.180  1.99480e-13
  6714.920  2.09830e-13
  6717.670  2.23390e-13
  6720.410  2.19600e-13
  6723.150  2.06320e-13
  6725.900  2.04850e-13
  6728.640  2.04460e-13
  6731.380  2.14900e-13
  6734.130  2.12600e-13
  6736.870  2.02750e-13
  6739.620  1.97990e-13
  6742.360  1.97600e-13
  6745.100  1.95230e-13
  6747.850  1.99220e-13
  6750.590  2.01440e-13
  6753.340  1.98610e-13
  6756.080  1.97940e-13
  6758.820  1.93940e-13
  6761.570  1.96840e-13
  6764.310  2.02430e-13
  6767.060  1.97220e-13
  6769.800  1.95290e-13
  6772.540  1.94090e-13
  6775.290  1.92000e-13
  6778.030  1.96440e-13
  6780.780  1.95490e-13
  6783.520  1.98540e-13
  6786.260  1.90250e-13
  6789.010  1.91050e-13
  6791.750  1.93390e-13
  6794.500  2.02350e-13
  6797.240  1.99760e-13
  6799.980  1.97220e-13
  6802.730  1.97000e-13
  6805.470  1.96970e-13
  6808.220  2.02230e-13
  6810.960  1.99170e-13
  6813.700  2.11440e-13
  6824.160  1.97210e-13
  6839.890  1.97160e-13
  6855.660  1.95290e-13
  6871.460  1.89920e-13
  6887.300  1.94290e-13
  6903.180  1.93790e-13
  6919.090  1.94180e-13
  6935.040  1.93230e-13
  6951.030  1.97220e-13
  6967.050  1.95360e-13
  6983.110  1.91300e-13
  6999.210  1.95240e-13
  7015.340  1.93840e-13
  7031.520  1.91570e-13
  7047.730  1.98250e-13
  7063.970  1.94570e-13
  7080.260  1.94510e-13
  7096.580  1.88720e-13
  7112.940  1.89540e-13
  7129.340  1.88180e-13
  7145.770  1.87260e-13
  7162.240  1.87630e-13
  7178.760  1.84160e-13
  7195.300  1.77030e-13
  7211.890  1.79860e-13
  7228.510  1.85690e-13
  7245.180  1.86070e-13
  7261.880  1.86440e-13
  7278.620  1.87240e-13
  7295.400  1.81670e-13
  7312.220  1.89300e-13
  7329.070  1.91870e-13
  7345.970  1.94930e-13
  7362.900  1.87390e-13
  7379.880  1.93470e-13
  7396.890  1.87710e-13
  7413.940  1.91140e-13
  7431.030  1.86730e-13
  7448.160  1.89710e-13
  7465.330  1.93170e-13
  7482.540  1.91340e-13
  7499.790  1.88230e-13
  7517.080  1.88600e-13
  7534.410  1.91610e-13
  7551.770  1.92870e-13
  7569.190  1.91490e-13
  7586.630  1.91870e-13
  7604.120  1.87440e-13
  7621.650  1.86520e-13
  7639.220  1.82640e-13
  7656.830  1.85550e-13
  7674.480  1.63420e-13
  7692.170  1.79550e-13
  7709.910  1.67890e-13
  7727.680  1.78190e-13
  7745.500  1.80620e-13
  7763.350  1.77670e-13
  7781.240  1.71580e-13
  7799.180  1.76740e-13
  7817.160  1.77090e-13
  7835.180  1.79490e-13
  7853.240  1.79850e-13
  7871.350  1.78960e-13
  7889.490  1.78080e-13
  7907.680  1.77210e-13
  7925.910  1.71920e-13
  7944.180  1.72660e-13
  7962.490  1.74600e-13
  7980.850  1.76160e-13
  7999.250  1.76100e-13
  8017.690  1.75230e-13
  8036.170  1.71580e-13
  8054.700  1.73110e-13
  8073.260  1.78310e-13
  8091.870  1.74590e-13
  8110.530  1.77370e-13
  8129.220  1.76490e-13
  8147.960  1.76430e-13
  8166.750  1.75560e-13
  8185.570  1.68380e-13
  8204.440  1.56720e-13
  8223.350  1.72580e-13
  8242.310  1.68200e-13
  8261.310  1.76880e-13
  8280.360  1.74800e-13
  8299.450  1.68800e-13
  8318.580  1.69130e-13
  8337.750  1.66750e-13
  8356.980  1.68240e-13
  8376.240  1.70130e-13
  8395.550  1.63160e-13
  8414.900  1.70400e-13
  8434.300  1.66460e-13
  8453.740  1.62990e-13
  8473.230  1.64820e-13
  8492.770  1.67430e-13
  8512.340  1.59470e-13
  8531.960  1.65780e-13
  8551.630  1.09740e-13
  8571.350  1.64900e-13
  8591.100  1.62200e-13
  8610.910  1.61770e-13
  8630.760  1.60970e-13
  8650.660  1.62770e-13
  8670.600  1.15990e-13
  8690.590  1.56770e-13
  8710.620  1.57440e-13
  8730.700  1.61040e-13
  8750.830  1.56240e-13
  8771.000  1.59820e-13
  8791.220  1.60130e-13
  8811.490  1.58230e-13
  8831.800  1.56720e-13
  8852.160  1.58110e-13
  8872.560  1.44810e-13
  8893.020  1.53690e-13
  8913.520  1.55770e-13
  8934.060  1.54640e-13
  8954.660  1.51060e-13
  8975.300  1.45540e-13
  8995.990  1.40870e-13
  9016.730  1.45760e-13
  9037.520  1.50480e-13
  9058.350  1.61930e-13
  9079.230  1.47620e-13
  9100.160  1.46550e-13
  9121.140  1.55170e-13
  9142.160  1.45430e-13
  9163.240  1.34730e-13
  9184.360  1.32220e-13
  9205.530  1.45590e-13
  9226.760  1.41890e-13
  9248.030  1.43810e-13
  9269.340  1.46090e-13
  9290.720  1.47380e-13
  9312.130  1.49370e-13
  9333.600  1.49310e-13
  9355.110  1.48570e-13
  9376.680  1.47150e-13
  9398.290  1.47770e-13
  9419.960  1.45680e-13
  9441.680  1.45960e-13
  9463.440  1.46230e-13
  9485.250  1.45840e-13
  9507.120  1.44110e-13
  9529.040  1.43060e-13
  9551.000  1.37510e-13
  9573.020  1.41960e-13
  9595.090  1.43210e-13
  9617.210  1.42170e-13
  9639.380  1.41780e-13
  9661.600  1.40420e-13
  9683.870  1.40690e-13
  9706.190  1.39660e-13
  9728.570  1.38960e-13
  9751.000  1.38260e-13
  9773.470  1.38200e-13
  9796.010  1.36880e-13
  9818.590  1.37770e-13
  9841.220  1.37080e-13
  9863.910  1.35760e-13
  9886.650  1.35390e-13
  9909.440  1.34710e-13
  9932.280  1.34660e-13
  9955.180  1.34290e-13
  9978.130  1.33610e-13
 10001.130  1.32940e-13
 10024.180  1.30760e-13
 10070.460  1.28560e-13
 10116.940  1.29630e-13
 10163.630  1.28030e-13
 10234.090  1.26980e-13
 10281.320  1.26290e-13
 10305.020  1.25360e-13
 10496.610  1.20670e-13
