# kc96/sc  |  Kinney et al. 1996, ApJ 467, 38 (starb: Calzetti et al. 1994)
# columns: wavelength_Angstrom  flam_erg_s_cm2_A (absolute scale arbitrary - ETC renormalizes)
  1235.000  4.35010e-14
  1240.000  5.45414e-14
  1245.000  4.53988e-14
  1250.000  4.64340e-14
  1255.000  4.65301e-14
  1260.000  3.58600e-14
  1265.000  4.36689e-14
  1270.000  4.44563e-14
  1275.000  4.20785e-14
  1280.000  5.94811e-14
  1285.000  6.14038e-14
  1290.000  5.16117e-14
  1295.000  3.07679e-14
  1300.000  3.39089e-14
  1305.000  4.13717e-14
  1310.000  4.13750e-14
  1315.000  4.22892e-14
  1320.000  4.64063e-14
  1325.000  4.46305e-14
  1330.000  5.14463e-14
  1335.000  4.28305e-14
  1340.000  5.14336e-14
  1345.000  5.38069e-14
  1350.000  5.31120e-14
  1355.000  4.72175e-14
  1360.000  4.51973e-14
  1365.000  4.55491e-14
  1370.000  4.89309e-14
  1375.000  4.77603e-14
  1380.000  4.00389e-14
  1385.000  4.07901e-14
  1390.000  3.41183e-14
  1395.000  1.16016e-14
  1400.000  3.21789e-14
  1405.000  4.33916e-14
  1410.000  3.22254e-14
  1415.000  3.99994e-14
  1420.000  4.47478e-14
  1425.000  4.13170e-14
  1430.000  4.60478e-14
  1435.000  4.35591e-14
  1440.000  4.97832e-14
  1445.000  4.55366e-14
  1450.000  4.07680e-14
  1455.000  3.16519e-14
  1460.000  3.46890e-14
  1465.000  5.06651e-14
  1470.000  4.36596e-14
  1475.000  5.17470e-14
  1480.000  5.12642e-14
  1485.000  6.16188e-14
  1490.000  5.68883e-14
  1495.000  6.09037e-14
  1500.000  4.33183e-14
  1505.000  3.70688e-14
  1510.000  5.11282e-14
  1515.000  6.57615e-14
  1520.000  5.78040e-14
  1525.000  2.91601e-14
  1530.000  2.73058e-14
  1535.000  6.64809e-14
  1540.000  4.20869e-14
  1545.000  3.26442e-14
  1550.000  3.71865e-14
  1555.000  4.07243e-14
  1560.000  4.15326e-14
  1565.000  4.59552e-14
  1570.000  4.07017e-14
  1575.000  4.62092e-14
  1580.000  5.81412e-14
  1585.000  4.87306e-14
  1590.000  3.99207e-14
  1595.000  3.47104e-14
  1600.000  4.21552e-14
  1605.000  5.09233e-14
  1610.000  3.50001e-14
  1615.000  4.27437e-14
  1620.000  4.19049e-14
  1625.000  3.77922e-14
  1630.000  4.00663e-14
  1635.000  3.65679e-14
  1640.000  3.94790e-14
  1645.000  4.65281e-14
  1650.000  4.87835e-14
  1655.000  4.16355e-14
  1660.000  4.85478e-14
  1665.000  3.89236e-14
  1670.000  4.10427e-14
  1675.000  4.55485e-14
  1680.000  4.42796e-14
  1685.000  3.39479e-14
  1690.000  2.84973e-14
  1695.000  4.22739e-14
  1700.000  4.61484e-14
  1705.000  3.99817e-14
  1710.000  3.78729e-14
  1715.000  3.81995e-14
  1720.000  4.08691e-14
  1725.000  3.58111e-14
  1730.000  5.45660e-14
  1735.000  5.34524e-14
  1740.000  5.08365e-14
  1745.000  5.63123e-14
  1750.000  4.03573e-14
  1755.000  4.00185e-14
  1760.000  4.86522e-14
  1765.000  5.81999e-14
  1770.000  5.42445e-14
  1775.000  4.78352e-14
  1780.000  4.74838e-14
  1785.000  3.90133e-14
  1790.000  3.75897e-14
  1795.000  4.12701e-14
  1800.000  4.00996e-14
  1805.000  3.75474e-14
  1810.000  4.40974e-14
  1815.000  5.66575e-14
  1820.000  5.31985e-14
  1825.000  4.21486e-14
  1830.000  4.35019e-14
  1835.000  4.03525e-14
  1840.000  4.23461e-14
  1845.000  3.96834e-14
  1850.000  2.81957e-14
  1855.000  2.99215e-14
  1860.000  3.36542e-14
  1865.000  3.17646e-14
  1870.000  3.84889e-14
  1875.000  3.68211e-14
  1880.000  3.88340e-14
  1885.000  3.40859e-14
  1890.000  3.96884e-14
  1895.000  5.22203e-14
  1900.000  4.65553e-14
  1905.000  3.82586e-14
  1910.000  4.03402e-14
  1915.000  3.48629e-14
  1920.000  2.71469e-14
  1925.000  2.65670e-14
  1930.000  2.75473e-14
  1935.000  1.80091e-14
  1940.000  2.57684e-14
  1945.000  3.40124e-14
  1950.000  3.95314e-14
  1955.000  4.63910e-14
  1960.000  4.04443e-14
  1965.000  3.31492e-14
  1970.000  3.38860e-14
  1975.000  1.36419e-14
  1980.000  2.60631e-14
  1985.000  4.00358e-14
  1990.000  3.64066e-14
  1995.000  2.40543e-14
  2000.000  2.52954e-14
  2005.000  2.02075e-14
  2010.000  3.34628e-15
  2015.000  1.46268e-14
  2020.000  3.55024e-14
  2025.000  3.02116e-14
  2030.000  2.66599e-14
  2035.000  3.30488e-14
  2040.000  2.77493e-14
  2045.000  3.35589e-14
  2050.000  3.03456e-14
  2055.000  2.02626e-14
  2060.000  2.76834e-14
  2065.000  2.68430e-14
  2070.000  3.17927e-14
  2075.000  3.72749e-14
  2080.000  2.41561e-14
  2085.000  1.72088e-14
  2090.000  2.81256e-14
  2095.000  4.05528e-14
  2100.000  4.11557e-14
  2105.000  3.04095e-14
  2110.000  3.25431e-14
  2115.000  2.37724e-14
  2120.000  2.51362e-14
  2125.000  3.53424e-14
  2130.000  2.61523e-14
  2135.000  3.25335e-14
  2140.000  3.33762e-14
  2145.000  3.66789e-14
  2150.000  4.09659e-14
  2155.000  2.79550e-14
  2160.000  1.50629e-14
  2165.000  2.68919e-14
  2170.000  3.85105e-14
  2175.000  3.35321e-14
  2180.000  1.53640e-14
  2185.000  2.79641e-14
  2190.000  3.53580e-14
  2195.000  5.01553e-14
  2200.000  3.23253e-14
  2205.000  2.11374e-14
  2210.000  1.60398e-14
  2215.000  3.73697e-14
  2220.000  3.26341e-14
  2225.000  2.57043e-14
  2230.000  2.52200e-14
  2235.000  2.50312e-14
  2240.000  3.57812e-14
  2245.000  4.93656e-14
  2250.000  3.26279e-14
  2255.000  4.66140e-14
  2260.000  3.14194e-14
  2265.000  1.88529e-14
  2270.000  2.52747e-14
  2275.000  2.96051e-14
  2280.000  2.57983e-14
  2285.000  2.43741e-14
  2290.000  3.00666e-14
  2295.000  2.99262e-14
  2300.000  3.06628e-14
  2305.000  2.24722e-14
  2310.000  2.75990e-14
  2315.000  2.30726e-14
  2320.000  2.42786e-14
  2325.000  1.52425e-14
  2330.000  3.96733e-14
  2335.000  3.15412e-14
  2340.000  1.09797e-14
  2345.000  6.99899e-15
  2350.000  9.96529e-15
  2355.000  2.33070e-14
  2360.000  2.57307e-14
  2365.000  2.43293e-14
  2370.000  3.30087e-14
  2375.000  3.00798e-14
  2380.000  2.66554e-14
  2385.000  3.35077e-14
  2390.000  3.00465e-14
  2395.000  3.60239e-14
  2400.000  3.87142e-14
  2405.000  3.75947e-14
  2410.000  2.00689e-14
  2415.000  3.22762e-14
  2420.000  3.25239e-14
  2425.000  3.33603e-14
  2430.000  3.22553e-14
  2435.000  3.12374e-14
  2440.000  2.77485e-14
  2445.000  3.63663e-14
  2450.000  3.96041e-14
  2455.000  4.82517e-14
  2460.000  5.74782e-14
  2465.000  3.79304e-14
  2470.000  2.81675e-14
  2475.000  4.25198e-14
  2480.000  4.46166e-14
  2485.000  3.31615e-14
  2490.000  4.01976e-14
  2495.000  4.88159e-14
  2500.000  4.38015e-14
  2505.000  3.61307e-14
  2510.000  3.71142e-14
  2515.000  3.49309e-14
  2520.000  2.55962e-14
  2525.000  3.28358e-14
  2530.000  2.96253e-14
  2535.000  3.40574e-14
  2540.000  2.93626e-14
  2545.000  3.30370e-14
  2550.000  3.71061e-14
  2555.000  3.27886e-14
  2560.000  2.91063e-14
  2565.000  3.76105e-14
  2570.000  3.24947e-14
  2575.000  3.48704e-14
  2580.000  4.41461e-14
  2585.000  3.73699e-14
  2590.000  3.22529e-14
  2595.000  3.07633e-14
  2600.000  3.72709e-14
  2605.000  3.89946e-14
  2610.000  3.70360e-14
  2615.000  3.88635e-14
  2620.000  3.78997e-14
  2625.000  4.27738e-14
  2630.000  4.87377e-14
  2635.000  4.86419e-14
  2640.000  5.57764e-14
  2645.000  5.97593e-14
  2650.000  5.89033e-14
  2655.000  5.38792e-14
  2660.000  4.53159e-14
  2665.000  4.50376e-14
  2670.000  4.64544e-14
  2675.000  4.73894e-14
  2680.000  4.33028e-14
  2685.000  4.63488e-14
  2690.000  4.77243e-14
  2695.000  4.66748e-14
  2700.000  3.74630e-14
  2705.000  3.90874e-14
  2710.000  4.85190e-14
  2715.000  5.16173e-14
  2720.000  4.85426e-14
  2725.000  4.80588e-14
  2730.000  4.98822e-14
  2735.000  4.24177e-14
  2740.000  3.93985e-14
  2745.000  4.33949e-14
  2750.000  4.52338e-14
  2755.000  5.04744e-14
  2760.000  4.79455e-14
  2765.000  4.94369e-14
  2770.000  4.84860e-14
  2775.000  4.77754e-14
  2780.000  4.50992e-14
  2785.000  4.47043e-14
  2790.000  4.10950e-14
  2795.000  3.22263e-14
  2800.000  4.09168e-14
  2805.000  3.75060e-14
  2810.000  4.10306e-14
  2815.000  4.85854e-14
  2820.000  5.36062e-14
  2825.000  4.75333e-14
  2830.000  4.82153e-14
  2835.000  4.65377e-14
  2840.000  3.86755e-14
  2845.000  4.44514e-14
  2850.000  4.95904e-14
  2855.000  5.49889e-14
  2860.000  5.94018e-14
  2865.000  6.19381e-14
  2870.000  5.62190e-14
  2875.000  5.77400e-14
  2880.000  6.09769e-14
  2885.000  5.49222e-14
  2890.000  5.79140e-14
  2895.000  6.34030e-14
  2900.000  7.14515e-14
  2905.000  7.22510e-14
  2910.000  7.30927e-14
  2915.000  8.04371e-14
  2920.000  8.34644e-14
  2925.000  6.91035e-14
  2930.000  6.76236e-14
  2935.000  6.39389e-14
  2940.000  6.89557e-14
  2945.000  6.91240e-14
  2950.000  6.60851e-14
  2955.000  6.80214e-14
  2960.000  6.77444e-14
  2965.000  7.56471e-14
  2970.000  8.00049e-14
  2975.000  7.90809e-14
  2980.000  6.49372e-14
  2985.000  6.98335e-14
  2990.000  7.02580e-14
  2995.000  7.62727e-14
  3000.000  6.88985e-14
  3005.000  6.67136e-14
  3010.000  5.63618e-14
  3015.000  5.88613e-14
  3020.000  6.93753e-14
  3025.000  8.11304e-14
  3030.000  9.43332e-14
  3035.000  9.35398e-14
  3040.000  8.74081e-14
  3045.000  7.50539e-14
  3050.000  6.64116e-14
  3055.000  7.31273e-14
  3060.000  6.41236e-14
  3065.000  7.02690e-14
  3070.000  8.58273e-14
  3075.000  1.20957e-13
  3080.000  1.12110e-13
  3085.000  7.59260e-14
  3090.000  7.80333e-14
  3095.000  9.23694e-14
  3100.000  8.03342e-14
  3105.000  6.52306e-14
  3110.000  6.87325e-14
  3115.000  9.55912e-14
  3120.000  1.00926e-13
  3125.000  8.90535e-14
  3130.000  7.43560e-14
  3135.000  8.20043e-14
  3140.000  6.13792e-14
  3145.000  5.27521e-14
  3150.000  7.54734e-14
  3155.000  8.87725e-14
  3160.000  8.81784e-14
  3165.000  9.38966e-14
  3170.000  7.55977e-14
  3175.000  8.46967e-14
  3180.000  6.23001e-14
  3185.000  3.47926e-14
  3190.000  7.88248e-14
  3195.000  1.56216e-13
  3200.000  1.82328e-13
  3205.000  1.06457e-13
  3210.000  8.45704e-14
  3215.000  8.48667e-14
  3220.000  1.27240e-13
  3225.000  1.23923e-13
  3230.000  6.45518e-14
  3235.000  3.16353e-14
  3240.000  4.42050e-14
  3245.000  6.10235e-14
  3250.000  8.73914e-14
  3255.000  8.18393e-14
  3260.000  9.23129e-14
  3265.000  1.04782e-13
  3270.000  1.08098e-13
  3275.000  9.59985e-14
  3280.000  7.07850e-14
  3285.000  8.17936e-14
  3290.000  1.11517e-13
  3295.000  1.24168e-13
  3300.000  1.25466e-13
  3305.000  8.28825e-14
  3310.000  6.18154e-14
  3315.000  7.49162e-14
  3320.000  8.05089e-14
  3325.000  7.09025e-14
  3330.000  6.72109e-14
  3335.000  7.86640e-14
  3340.000  5.57545e-14
  3345.000  6.83666e-14
  3350.000  8.47681e-14
  3355.000  1.08169e-13
  3360.000  1.24054e-13
  3365.000  1.21517e-13
  3370.000  8.94858e-14
  3375.000  6.94948e-14
  3380.000  8.03909e-14
  3385.000  1.08923e-13
  3390.000  9.87094e-14
  3395.000  8.97756e-14
  3400.000  1.13900e-13
  3405.000  1.37835e-13
  3410.000  1.41125e-13
  3415.000  1.20449e-13
  3420.000  1.14875e-13
  3425.000  1.18742e-13
  3430.000  8.90751e-14
  3435.000  7.62486e-14
  3440.000  9.74786e-14
  3445.000  8.42132e-14
  3450.000  5.79532e-14
  3455.000  8.25541e-14
  3460.000  1.08280e-13
  3465.000  9.72307e-14
  3470.000  7.42516e-14
  3475.000  3.53940e-14
  3480.000  4.19471e-14
  3485.000  8.53529e-14
  3490.000  8.19229e-14
  3495.000  6.62392e-14
  3500.000  7.07189e-14
  3505.000  6.83151e-14
  3510.000  7.28364e-14
  3515.000  8.10538e-14
  3520.000  7.00640e-14
  3525.000  4.55535e-14
  3530.000  4.41324e-14
  3535.000  7.30225e-14
  3540.000  8.21289e-14
  3545.000  9.10767e-14
  3550.000  9.23189e-14
  3555.000  1.01596e-13
  3560.000  1.13472e-13
  3565.000  9.06375e-14
  3570.000  7.31104e-14
  3575.000  7.74886e-14
  3580.000  6.68258e-14
  3585.000  5.56832e-14
  3590.000  6.06488e-14
  3595.000  6.73985e-14
  3600.000  6.68498e-14
  3605.000  7.24666e-14
  3610.000  6.87040e-14
  3615.000  6.13531e-14
  3620.000  7.93564e-14
  3625.000  8.71998e-14
  3630.000  8.46375e-14
  3635.000  7.82463e-14
  3640.000  6.76743e-14
  3645.000  6.69287e-14
  3650.000  7.28610e-14
  3655.000  7.39968e-14
  3660.000  7.29463e-14
  3665.000  8.05760e-14
  3670.000  8.06910e-14
  3675.000  8.83913e-14
  3680.000  9.76729e-14
  3685.000  9.10256e-14
  3690.000  7.87376e-14
  3695.000  7.50283e-14
  3700.000  8.69555e-14
  3705.000  9.10291e-14
  3710.000  8.49222e-14
  3715.000  9.25011e-14
  3720.000  2.11662e-13
  3725.000  4.26065e-13
  3730.000  3.76174e-13
  3735.000  1.65112e-13
  3740.000  8.85890e-14
  3745.000  7.13554e-14
  3750.000  7.47096e-14
  3755.000  7.85731e-14
  3760.000  7.95541e-14
  3765.000  7.87350e-14
  3770.000  7.01748e-14
  3775.000  6.23577e-14
  3780.000  5.71210e-14
  3785.000  5.76755e-14
  3790.000  5.94060e-14
  3795.000  6.28379e-14
  3800.000  6.29224e-14
  3805.000  4.96750e-14
  3810.000  4.31556e-14
  3815.000  5.38617e-14
  3820.000  6.37595e-14
  3825.000  6.34112e-14
  3830.000  5.57173e-14
  3835.000  6.55189e-14
  3840.000  6.43890e-14
  3845.000  5.61981e-14
  3850.000  6.04893e-14
  3855.000  5.92302e-14
  3860.000  5.92586e-14
  3865.000  6.42996e-14
  3870.000  5.20366e-14
  3875.000  4.68149e-14
  3880.000  6.24345e-14
  3885.000  8.25220e-14
  3890.000  8.22413e-14
  3895.000  6.21883e-14
  3900.000  5.53292e-14
  3905.000  5.70268e-14
  3910.000  4.98205e-14
  3915.000  4.73087e-14
  3920.000  4.89959e-14
  3925.000  5.25090e-14
  3930.000  5.01650e-14
  3935.000  5.09312e-14
  3940.000  5.62852e-14
  3945.000  5.98842e-14
  3950.000  5.74870e-14
  3955.000  4.67891e-14
  3960.000  4.80035e-14
  3965.000  6.06866e-14
  3970.000  7.00229e-14
  3975.000  6.20756e-14
  3980.000  5.49103e-14
  3985.000  5.87472e-14
  3990.000  5.99946e-14
  3995.000  6.20477e-14
  4000.000  6.03796e-14
  4005.000  5.51412e-14
  4010.000  5.44823e-14
  4015.000  5.68788e-14
  4020.000  5.78553e-14
  4025.000  5.64715e-14
  4030.000  5.80025e-14
  4035.000  5.84785e-14
  4040.000  6.30934e-14
  4045.000  6.35534e-14
  4050.000  6.01541e-14
  4055.000  5.53704e-14
  4060.000  5.75001e-14
  4065.000  6.38525e-14
  4070.000  6.06319e-14
  4075.000  5.73329e-14
  4080.000  5.50563e-14
  4085.000  5.79033e-14
  4090.000  6.15150e-14
  4095.000  6.88457e-14
  4100.000  9.07189e-14
  4105.000  8.58031e-14
  4110.000  5.94365e-14
  4115.000  4.89169e-14
  4120.000  4.96859e-14
  4125.000  5.36190e-14
  4130.000  5.80008e-14
  4135.000  6.51939e-14
  4140.000  6.00172e-14
  4145.000  5.14861e-14
  4150.000  5.42725e-14
  4155.000  5.56153e-14
  4160.000  5.39266e-14
  4165.000  5.30189e-14
  4170.000  5.05844e-14
  4175.000  4.83676e-14
  4180.000  5.29406e-14
  4185.000  5.73866e-14
  4190.000  5.46335e-14
  4195.000  5.19217e-14
  4200.000  5.18101e-14
  4205.000  5.43450e-14
  4210.000  5.60777e-14
  4215.000  5.30518e-14
  4220.000  5.24065e-14
  4225.000  5.70303e-14
  4230.000  5.82366e-14
  4235.000  5.20460e-14
  4240.000  5.24103e-14
  4245.000  6.38718e-14
  4250.000  6.63242e-14
  4255.000  5.91290e-14
  4260.000  5.77149e-14
  4265.000  5.25090e-14
  4270.000  5.20384e-14
  4275.000  5.62435e-14
  4280.000  5.44135e-14
  4285.000  5.46524e-14
  4290.000  5.78516e-14
  4295.000  5.35585e-14
  4300.000  5.01763e-14
  4305.000  5.14791e-14
  4310.000  5.00316e-14
  4315.000  4.59922e-14
  4320.000  4.86385e-14
  4325.000  5.59336e-14
  4330.000  6.33466e-14
  4335.000  9.45614e-14
  4340.000  1.27880e-13
  4345.000  1.00368e-13
  4350.000  6.65176e-14
  4355.000  5.91104e-14
  4360.000  5.88072e-14
  4365.000  5.99262e-14
  4370.000  6.25259e-14
  4375.000  5.98573e-14
  4380.000  5.44321e-14
  4385.000  5.09366e-14
  4390.000  5.17222e-14
  4395.000  5.33053e-14
  4400.000  5.17415e-14
  4405.000  5.00839e-14
  4410.000  5.12183e-14
  4415.000  5.24089e-14
  4420.000  5.55779e-14
  4425.000  6.01983e-14
  4430.000  5.61635e-14
  4435.000  5.15088e-14
  4440.000  4.97485e-14
  4445.000  4.61069e-14
  4450.000  4.40270e-14
  4455.000  4.69582e-14
  4460.000  5.05742e-14
  4465.000  5.25259e-14
  4470.000  5.79254e-14
  4475.000  5.37793e-14
  4480.000  5.18473e-14
  4485.000  5.31079e-14
  4490.000  5.08792e-14
  4495.000  5.53245e-14
  4500.000  5.69441e-14
  4505.000  5.25115e-14
  4510.000  4.95875e-14
  4515.000  4.74294e-14
  4520.000  4.50514e-14
  4525.000  4.54960e-14
  4530.000  4.60773e-14
  4535.000  4.66571e-14
  4540.000  4.81674e-14
  4545.000  4.85616e-14
  4550.000  4.33581e-14
  4555.000  4.08530e-14
  4560.000  4.75363e-14
  4565.000  5.04847e-14
  4570.000  5.02670e-14
  4575.000  5.03193e-14
  4580.000  4.89480e-14
  4585.000  4.60336e-14
  4590.000  5.04000e-14
  4595.000  5.36781e-14
  4600.000  5.19682e-14
  4605.000  4.72958e-14
  4610.000  4.38923e-14
  4615.000  4.47202e-14
  4620.000  4.56918e-14
  4625.000  4.96704e-14
  4630.000  5.07500e-14
  4635.000  5.04732e-14
  4640.000  5.16469e-14
  4645.000  5.11774e-14
  4650.000  4.96330e-14
  4655.000  5.04999e-14
  4660.000  5.35280e-14
  4665.000  5.29292e-14
  4670.000  5.24049e-14
  4675.000  4.81103e-14
  4680.000  4.49898e-14
  4685.000  4.47986e-14
  4690.000  4.65027e-14
  4695.000  4.56966e-14
  4700.000  4.17455e-14
  4705.000  4.35052e-14
  4710.000  4.66530e-14
  4715.000  4.95272e-14
  4720.000  4.75643e-14
  4725.000  4.45534e-14
  4730.000  4.31310e-14
  4735.000  4.15432e-14
  4740.000  3.89747e-14
  4745.000  3.77537e-14
  4750.000  3.98154e-14
  4755.000  4.19330e-14
  4760.000  4.21857e-14
  4765.000  3.88233e-14
  4770.000  3.74420e-14
  4775.000  4.05064e-14
  4780.000  4.18360e-14
  4785.000  4.17562e-14
  4790.000  3.95052e-14
  4795.000  3.93011e-14
  4800.000  4.49401e-14
  4805.000  4.74922e-14
  4810.000  4.76320e-14
  4815.000  4.75938e-14
  4820.000  4.30077e-14
  4825.000  4.36138e-14
  4830.000  4.51129e-14
  4835.000  4.33581e-14
  4840.000  4.16750e-14
  4845.000  3.56706e-14
  4850.000  5.38381e-14
  4855.000  1.05980e-13
  4860.000  1.86178e-13
  4865.000  1.69611e-13
  4870.000  9.25719e-14
  4875.000  5.67365e-14
  4880.000  4.75695e-14
  4885.000  4.25661e-14
  4890.000  4.12075e-14
  4895.000  4.23143e-14
  4900.000  4.34758e-14
  4905.000  4.34011e-14
  4910.000  4.22848e-14
  4915.000  4.37989e-14
  4920.000  4.51129e-14
  4925.000  4.46988e-14
  4930.000  4.28546e-14
  4935.000  4.05860e-14
  4940.000  3.99075e-14
  4945.000  4.39063e-14
  4950.000  5.46516e-14
  4955.000  8.31523e-14
  4960.000  9.84082e-14
  4965.000  7.31025e-14
  4970.000  4.88349e-14
  4975.000  4.19106e-14
  4980.000  4.05203e-14
  4985.000  4.22971e-14
  4990.000  4.43271e-14
  4995.000  5.14014e-14
  5000.000  1.09743e-13
  5005.000  2.17138e-13
  5010.000  2.19178e-13
  5015.000  1.08058e-13
  5020.000  5.62672e-14
  5025.000  4.53134e-14
  5030.000  4.29794e-14
  5035.000  4.13491e-14
  5040.000  3.87248e-14
  5045.000  3.79965e-14
  5050.000  3.95884e-14
  5055.000  3.78826e-14
  5060.000  3.70365e-14
  5065.000  3.90558e-14
  5070.000  3.91743e-14
  5075.000  3.97298e-14
  5080.000  4.08203e-14
  5085.000  3.95066e-14
  5090.000  3.76655e-14
  5095.000  3.61901e-14
  5100.000  3.86410e-14
  5105.000  3.93131e-14
  5110.000  3.89297e-14
  5115.000  3.69417e-14
  5120.000  3.41969e-14
  5125.000  3.47879e-14
  5130.000  3.95626e-14
  5135.000  4.13151e-14
  5140.000  4.02813e-14
  5145.000  3.89842e-14
  5150.000  4.02303e-14
  5155.000  3.89692e-14
  5160.000  3.35286e-14
  5165.000  3.24097e-14
  5170.000  3.47334e-14
  5175.000  3.64105e-14
  5180.000  3.66714e-14
  5185.000  3.61272e-14
  5190.000  3.59913e-14
  5195.000  3.72382e-14
  5200.000  3.78814e-14
  5205.000  3.60792e-14
  5210.000  3.41998e-14
  5215.000  3.22213e-14
  5220.000  3.47404e-14
  5225.000  3.80644e-14
  5230.000  3.80202e-14
  5235.000  3.75789e-14
  5240.000  3.79918e-14
  5245.000  3.67258e-14
  5250.000  3.50074e-14
  5255.000  3.56656e-14
  5260.000  3.79098e-14
  5265.000  4.05861e-14
  5270.000  4.05646e-14
  5275.000  3.86769e-14
  5280.000  3.96461e-14
  5285.000  3.83301e-14
  5290.000  3.70903e-14
  5295.000  3.91634e-14
  5300.000  3.88339e-14
  5305.000  3.47128e-14
  5310.000  3.59116e-14
  5315.000  3.68895e-14
  5320.000  3.51193e-14
  5325.000  3.39452e-14
  5330.000  3.20787e-14
  5335.000  3.25709e-14
  5340.000  3.49612e-14
  5345.000  3.60457e-14
  5350.000  3.59292e-14
  5355.000  3.44021e-14
  5360.000  3.40590e-14
  5365.000  3.54364e-14
  5370.000  3.37623e-14
  5375.000  3.49753e-14
  5380.000  3.70215e-14
  5385.000  3.63015e-14
  5390.000  3.58383e-14
  5395.000  3.56655e-14
  5400.000  3.41245e-14
  5405.000  3.60142e-14
  5410.000  3.81130e-14
  5415.000  3.72109e-14
  5420.000  3.67184e-14
  5425.000  3.76022e-14
  5430.000  3.92744e-14
  5435.000  3.75764e-14
  5440.000  3.19681e-14
  5445.000  2.81716e-14
  5450.000  2.96573e-14
  5455.000  3.23770e-14
  5460.000  3.36140e-14
  5465.000  3.32965e-14
  5470.000  3.16918e-14
  5475.000  3.32744e-14
  5480.000  3.47676e-14
  5485.000  3.33623e-14
  5490.000  3.55762e-14
  5495.000  3.47338e-14
  5500.000  2.28584e-14
  5505.000  2.26928e-14
  5510.000  3.00017e-14
  5515.000  2.84587e-14
  5520.000  2.74455e-14
  5525.000  3.24485e-14
  5530.000  3.10316e-14
  5535.000  3.50970e-14
  5540.000  3.96712e-14
  5545.000  3.85635e-14
  5550.000  3.66356e-14
  5555.000  3.57921e-14
  5560.000  3.29224e-14
  5565.000  3.10665e-14
  5570.000  3.41563e-14
  5575.000  3.49586e-14
  5580.000  3.56786e-14
  5585.000  3.46358e-14
  5590.000  3.37513e-14
  5595.000  3.51881e-14
  5600.000  3.47580e-14
  5605.000  3.10390e-14
  5610.000  2.91269e-14
  5615.000  3.31248e-14
  5620.000  3.32776e-14
  5625.000  3.14060e-14
  5630.000  3.37068e-14
  5635.000  3.56763e-14
  5640.000  3.29739e-14
  5645.000  2.86949e-14
  5650.000  2.69616e-14
  5655.000  2.83356e-14
  5660.000  2.92621e-14
  5665.000  2.79529e-14
  5670.000  3.01612e-14
  5675.000  3.63136e-14
  5680.000  4.00111e-14
  5685.000  3.63061e-14
  5690.000  3.34321e-14
  5695.000  3.27014e-14
  5700.000  3.21067e-14
  5705.000  3.18651e-14
  5710.000  3.40048e-14
  5715.000  3.42278e-14
  5720.000  3.25215e-14
  5725.000  3.36953e-14
  5730.000  3.41837e-14
  5735.000  2.80344e-14
  5740.000  2.04638e-14
  5745.000  2.44917e-14
  5750.000  3.06850e-14
  5755.000  3.11641e-14
  5760.000  3.18716e-14
  5765.000  3.19809e-14
  5770.000  3.10361e-14
  5775.000  3.25264e-14
  5780.000  3.15514e-14
  5785.000  3.27529e-14
  5790.000  3.33145e-14
  5795.000  3.43507e-14
  5800.000  3.49918e-14
  5805.000  3.32035e-14
  5810.000  3.41007e-14
  5815.000  3.37809e-14
  5820.000  3.00502e-14
  5825.000  2.95190e-14
  5830.000  2.98938e-14
  5835.000  3.02858e-14
  5840.000  3.00927e-14
  5845.000  2.89267e-14
  5850.000  2.95442e-14
  5855.000  3.01964e-14
  5860.000  3.20012e-14
  5865.000  3.40333e-14
  5870.000  3.61598e-14
  5875.000  4.38308e-14
  5880.000  4.65942e-14
  5885.000  3.62939e-14
  5890.000  2.89079e-14
  5895.000  2.85448e-14
  5900.000  3.09264e-14
  5905.000  3.19687e-14
  5910.000  3.06541e-14
  5915.000  2.91506e-14
  5920.000  2.89188e-14
  5925.000  2.98071e-14
  5930.000  3.21041e-14
  5935.000  3.37922e-14
  5940.000  3.39110e-14
  5945.000  3.29162e-14
  5950.000  3.27143e-14
  5955.000  3.25733e-14
  5960.000  3.07947e-14
  5965.000  3.11552e-14
  5970.000  3.25899e-14
  5975.000  3.29630e-14
  5980.000  3.36235e-14
  5985.000  3.29934e-14
  5990.000  3.11082e-14
  5995.000  3.16231e-14
  6000.000  3.18288e-14
  6005.000  3.11661e-14
  6010.000  2.85319e-14
  6015.000  2.79113e-14
  6020.000  2.92155e-14
  6025.000  2.94260e-14
  6030.000  2.99156e-14
  6035.000  2.93515e-14
  6040.000  2.93601e-14
  6045.000  2.68367e-14
  6050.000  2.38454e-14
  6055.000  2.56605e-14
  6060.000  2.75461e-14
  6065.000  2.82745e-14
  6070.000  2.93564e-14
  6075.000  3.03273e-14
  6080.000  3.02420e-14
  6085.000  2.92194e-14
  6090.000  2.88425e-14
  6095.000  3.00751e-14
  6100.000  3.14987e-14
  6105.000  3.11934e-14
  6110.000  3.12052e-14
  6115.000  3.06893e-14
  6120.000  2.95344e-14
  6125.000  2.90034e-14
  6130.000  2.79580e-14
  6135.000  2.60494e-14
  6140.000  2.67560e-14
  6145.000  2.81361e-14
  6150.000  2.69627e-14
  6155.000  2.71688e-14
  6160.000  2.84388e-14
  6165.000  2.89225e-14
  6170.000  2.87018e-14
  6175.000  2.86649e-14
  6180.000  2.77405e-14
  6185.000  2.80583e-14
  6190.000  2.81097e-14
  6195.000  2.79045e-14
  6200.000  2.95712e-14
  6205.000  2.95853e-14
  6210.000  2.98544e-14
  6215.000  2.91971e-14
  6220.000  2.67751e-14
  6225.000  2.62989e-14
  6230.000  2.78905e-14
  6235.000  3.03136e-14
  6240.000  2.81741e-14
  6245.000  2.61869e-14
  6250.000  2.74353e-14
  6255.000  2.82041e-14
  6260.000  3.22411e-14
  6265.000  3.36403e-14
  6270.000  3.17716e-14
  6275.000  2.95537e-14
  6280.000  2.73767e-14
  6285.000  2.59293e-14
  6290.000  2.34184e-14
  6295.000  2.21199e-14
  6300.000  2.44699e-14
  6305.000  2.62522e-14
  6310.000  2.80031e-14
  6315.000  2.75354e-14
  6320.000  2.72886e-14
  6325.000  2.87605e-14
  6330.000  2.67271e-14
  6335.000  2.53198e-14
  6340.000  2.79069e-14
  6345.000  2.98608e-14
  6350.000  3.07817e-14
  6355.000  3.04474e-14
  6360.000  2.91777e-14
  6365.000  2.91184e-14
  6370.000  3.04534e-14
  6375.000  3.08318e-14
  6380.000  2.95276e-14
  6385.000  2.68250e-14
  6390.000  2.60689e-14
  6395.000  2.73495e-14
  6400.000  2.81869e-14
  6405.000  2.77032e-14
  6410.000  2.81872e-14
  6415.000  2.84750e-14
  6420.000  2.63732e-14
  6425.000  2.57487e-14
  6430.000  2.67749e-14
  6435.000  2.76811e-14
  6440.000  2.93057e-14
  6445.000  2.79016e-14
  6450.000  2.47867e-14
  6455.000  2.49539e-14
  6460.000  2.63796e-14
  6465.000  2.71356e-14
  6470.000  2.80602e-14
  6475.000  2.73557e-14
  6480.000  2.78257e-14
  6485.000  2.73497e-14
  6490.000  2.58224e-14
  6495.000  2.51098e-14
  6500.000  2.48453e-14
  6505.000  2.48321e-14
  6510.000  2.41398e-14
  6515.000  2.49480e-14
  6520.000  2.72510e-14
  6525.000  3.11892e-14
  6530.000  3.34879e-14
  6535.000  3.21373e-14
  6540.000  3.58083e-14
  6545.000  5.19668e-14
  6550.000  7.78235e-14
  6555.000  1.57544e-13
  6560.000  3.93066e-13
  6565.000  5.09977e-13
  6570.000  2.79513e-13
  6575.000  9.86925e-14
  6580.000  9.57970e-14
  6585.000  1.21929e-13
  6590.000  7.70519e-14
  6595.000  3.98207e-14
  6600.000  3.45155e-14
  6605.000  3.07631e-14
  6610.000  2.65996e-14
  6615.000  2.74734e-14
  6620.000  2.96484e-14
  6625.000  2.88489e-14
  6630.000  2.91513e-14
  6635.000  2.79937e-14
  6640.000  2.67332e-14
  6645.000  2.74467e-14
  6650.000  2.74924e-14
  6655.000  2.58416e-14
  6660.000  2.51039e-14
  6665.000  2.46658e-14
  6670.000  2.89978e-14
  6675.000  3.24029e-14
  6680.000  3.18052e-14
  6685.000  2.95474e-14
  6690.000  2.92449e-14
  6695.000  2.87824e-14
  6700.000  2.91407e-14
  6705.000  3.05359e-14
  6710.000  3.71900e-14
  6715.000  5.37666e-14
  6720.000  5.77614e-14
  6725.000  5.02271e-14
  6730.000  5.46031e-14
  6735.000  5.07157e-14
  6740.000  3.55919e-14
  6745.000  2.89555e-14
  6750.000  2.89373e-14
  6755.000  2.80585e-14
  6760.000  2.45548e-14
  6765.000  2.37695e-14
  6770.000  2.64519e-14
  6775.000  2.66879e-14
  6780.000  2.59766e-14
  6785.000  2.65616e-14
  6790.000  2.62128e-14
  6795.000  2.42424e-14
  6800.000  2.68525e-14
  6805.000  2.67695e-14
  6810.000  2.54769e-14
  6815.000  2.77034e-14
  6820.000  2.89641e-14
  6825.000  2.79912e-14
  6830.000  2.77587e-14
  6835.000  2.56633e-14
  6840.000  2.56108e-14
  6845.000  2.66508e-14
  6850.000  2.64538e-14
  6855.000  2.60043e-14
  6860.000  2.75567e-14
  6865.000  2.36101e-14
  6870.000  1.86491e-14
  6875.000  1.92422e-14
  6880.000  2.08753e-14
  6885.000  2.31550e-14
  6890.000  2.55109e-14
  6895.000  2.63246e-14
  6900.000  2.43805e-14
  6905.000  2.35940e-14
  6910.000  2.42203e-14
  6915.000  2.64741e-14
  6920.000  2.76969e-14
  6925.000  2.50419e-14
  6930.000  2.39526e-14
  6935.000  2.27939e-14
  6940.000  2.28376e-14
  6945.000  2.31278e-14
  6950.000  2.10420e-14
  6955.000  1.94066e-14
  6960.000  1.83428e-14
  6965.000  2.00611e-14
  6970.000  2.13962e-14
  6975.000  2.06670e-14
  6980.000  2.32191e-14
  6985.000  2.63779e-14
  6990.000  2.59985e-14
  6995.000  2.59910e-14
  7000.000  2.54055e-14
  7005.000  2.57268e-14
  7010.000  2.71489e-14
  7015.000  2.54343e-14
  7020.000  2.49761e-14
  7025.000  2.37500e-14
  7030.000  2.18525e-14
  7035.000  2.35402e-14
  7040.000  2.63360e-14
  7045.000  2.93635e-14
  7050.000  3.05780e-14
  7055.000  2.51030e-14
  7060.000  2.16750e-14
  7065.000  2.29673e-14
  7070.000  2.38411e-14
  7075.000  2.24363e-14
  7080.000  2.16674e-14
  7085.000  2.49146e-14
  7090.000  2.74381e-14
  7095.000  2.55033e-14
  7100.000  2.29359e-14
  7105.000  2.32176e-14
  7110.000  2.33950e-14
  7115.000  2.44712e-14
  7120.000  2.62593e-14
  7125.000  2.62131e-14
  7130.000  3.15528e-14
  7135.000  3.94252e-14
  7140.000  3.78739e-14
  7145.000  3.14794e-14
  7150.000  2.66132e-14
  7155.000  2.65048e-14
  7160.000  2.84542e-14
  7165.000  2.71493e-14
  7170.000  2.37196e-14
  7175.000  1.97433e-14
  7180.000  2.12272e-14
  7185.000  2.40458e-14
  7190.000  2.24871e-14
  7195.000  2.14663e-14
  7200.000  2.41676e-14
  7205.000  2.77369e-14
  7210.000  2.74532e-14
  7215.000  2.39262e-14
  7220.000  1.98025e-14
  7225.000  1.90895e-14
  7230.000  1.88804e-14
  7235.000  1.73598e-14
  7240.000  2.13389e-14
  7245.000  2.01536e-14
  7250.000  1.91250e-14
  7255.000  1.93004e-14
  7260.000  1.77720e-14
  7265.000  1.77302e-14
  7270.000  1.65840e-14
  7275.000  1.98396e-14
  7280.000  2.38980e-14
  7285.000  2.25272e-14
  7290.000  2.17149e-14
  7295.000  2.14041e-14
  7300.000  2.33656e-14
  7305.000  2.60481e-14
  7310.000  2.49264e-14
  7315.000  2.59458e-14
  7320.000  2.78693e-14
  7325.000  2.96568e-14
  7330.000  3.01885e-14
  7335.000  2.42213e-14
  7340.000  2.39634e-14
  7345.000  2.69367e-14
  7350.000  2.48132e-14
  7355.000  2.63025e-14
  7360.000  3.46176e-14
  7365.000  4.43446e-14
  7370.000  4.06546e-14
  7375.000  2.57505e-14
  7380.000  1.85899e-14
  7385.000  1.94753e-14
  7390.000  2.01055e-14
  7395.000  2.54250e-14
  7400.000  3.35069e-14
  7405.000  3.72696e-14
  7410.000  3.51695e-14
  7415.000  3.30863e-14
  7420.000  3.43393e-14
  7425.000  3.54756e-14
  7430.000  3.39746e-14
  7435.000  2.84136e-14
  7440.000  2.07361e-14
  7445.000  1.85700e-14
  7450.000  2.06128e-14
  7455.000  3.17258e-14
  7460.000  3.56248e-14
  7465.000  3.09887e-14
  7470.000  2.12966e-14
  7475.000  1.59713e-14
  7480.000  1.86469e-14
  7485.000  2.51557e-14
  7490.000  2.76467e-14
  7495.000  2.73770e-14
  7500.000  2.02140e-14
  7505.000  2.04969e-14
  7510.000  2.69642e-14
  7515.000  2.22180e-14
  7520.000  2.96378e-14
  7525.000  3.25811e-14
  7530.000  2.51412e-14
  7535.000  1.77330e-14
  7540.000  1.83538e-14
  7545.000  2.10383e-14
  7550.000  2.26078e-14
  7555.000  3.26898e-14
  7560.000  6.30733e-14
  7565.000  6.42882e-14
  7570.000  4.07893e-14
  7575.000  3.27212e-14
  7580.000  3.45716e-14
  7585.000  2.99361e-14
  7590.000  2.03608e-14
  7595.000  1.42654e-14
  7600.000  2.87454e-14
  7605.000  5.76273e-14
  7610.000  6.40154e-14
  7615.000  4.30989e-14
  7620.000  2.51370e-14
  7625.000  2.34476e-14
  7630.000  2.33927e-14
  7635.000  2.63059e-14
  7640.000  4.97047e-14
  7645.000  7.35436e-14
  7650.000  6.74868e-14
  7655.000  4.28715e-14
  7660.000  2.33983e-14
