# kc96/sa  |  Kinney et al. 1996, ApJ 467, 38 (starb: Calzetti et al. 1994)
# columns: wavelength_Angstrom  flam_erg_s_cm2_A (absolute scale arbitrary - ETC renormalizes)
  1235.000  5.80914e-15
  1240.000  6.25373e-15
  1245.000  5.57547e-15
  1250.000  3.77336e-15
  1255.000  3.22558e-15
  1260.000  2.49457e-15
  1265.000  3.53360e-15
  1270.000  3.64131e-15
  1275.000  4.86871e-15
  1280.000  5.49912e-15
  1285.000  4.71830e-15
  1290.000  3.52156e-15
  1295.000  3.80028e-15
  1300.000  3.06634e-15
  1305.000  1.83456e-15
  1310.000  3.20353e-15
  1315.000  3.66254e-15
  1320.000  3.25918e-15
  1325.000  2.87395e-15
  1330.000  2.87236e-15
  1335.000  2.73816e-15
  1340.000  2.90326e-15
  1345.000  3.46505e-15
  1350.000  3.60799e-15
  1355.000  3.23243e-15
  1360.000  2.72499e-15
  1365.000  2.44912e-15
  1370.000  3.31569e-15
  1375.000  2.60862e-15
  1380.000  3.03237e-15
  1385.000  2.71753e-15
  1390.000  2.74688e-15
  1395.000  2.51245e-15
  1400.000  2.17449e-15
  1405.000  1.14859e-15
  1410.000  2.95876e-15
  1415.000  2.09465e-15
  1420.000  2.61001e-15
  1425.000  3.20483e-15
  1430.000  3.00420e-15
  1435.000  3.32438e-15
  1440.000  3.62699e-15
  1445.000  4.24715e-15
  1450.000  3.33321e-15
  1455.000  3.03303e-15
  1460.000  5.00852e-15
  1465.000  4.87967e-15
  1470.000  3.94652e-15
  1475.000  3.83891e-15
  1480.000  2.92187e-15
  1485.000  4.33178e-15
  1490.000  4.15703e-15
  1495.000  4.06593e-15
  1500.000  3.25656e-15
  1505.000  2.62820e-15
  1510.000  2.36607e-15
  1515.000  4.07711e-15
  1520.000  3.64982e-15
  1525.000  3.33847e-15
  1530.000  4.12776e-15
  1535.000  3.88212e-15
  1540.000  3.64404e-15
  1545.000  3.67267e-15
  1550.000  3.34955e-15
  1555.000  1.67020e-15
  1560.000  4.67243e-15
  1565.000  2.27730e-15
  1570.000  2.29362e-15
  1575.000  2.47285e-15
  1580.000  8.64088e-16
  1585.000  3.17276e-15
  1590.000  2.71516e-15
  1595.000  3.47774e-15
  1600.000  3.87444e-15
  1605.000  2.64068e-15
  1610.000  3.51035e-15
  1615.000  3.08138e-15
  1620.000  3.18991e-15
  1625.000  2.90547e-15
  1630.000  2.91340e-15
  1635.000  3.14032e-15
  1640.000  2.90009e-15
  1645.000  2.79056e-15
  1650.000  3.57808e-15
  1655.000  4.33674e-15
  1660.000  3.24025e-15
  1665.000  2.35036e-15
  1670.000  2.89301e-15
  1675.000  2.99220e-15
  1680.000  3.42116e-15
  1685.000  3.21628e-15
  1690.000  1.84737e-15
  1695.000  2.81580e-15
  1700.000  3.16415e-15
  1705.000  3.60078e-15
  1710.000  3.06302e-15
  1715.000  3.57392e-15
  1720.000  3.35909e-15
  1725.000  2.74717e-15
  1730.000  4.07898e-15
  1735.000  4.04418e-15
  1740.000  4.45582e-15
  1745.000  4.36253e-15
  1750.000  3.89958e-15
  1755.000  3.50609e-15
  1760.000  3.51784e-15
  1765.000  3.71361e-15
  1770.000  3.77449e-15
  1775.000  3.98207e-15
  1780.000  3.22418e-15
  1785.000  3.00980e-15
  1790.000  3.56820e-15
  1795.000  3.37090e-15
  1800.000  3.61170e-15
  1805.000  3.61111e-15
  1810.000  3.37557e-15
  1815.000  3.91571e-15
  1820.000  3.89449e-15
  1825.000  3.61082e-15
  1830.000  3.58152e-15
  1835.000  3.36568e-15
  1840.000  3.08891e-15
  1845.000  3.25182e-15
  1850.000  3.28403e-15
  1855.000  3.30340e-15
  1860.000  3.21869e-15
  1865.000  2.88197e-15
  1870.000  3.23323e-15
  1875.000  3.68788e-15
  1880.000  3.31991e-15
  1885.000  3.54670e-15
  1890.000  3.11591e-15
  1895.000  3.51099e-15
  1900.000  3.22754e-15
  1905.000  4.16257e-15
  1910.000  3.69949e-15
  1915.000  2.71634e-15
  1920.000  2.61183e-15
  1925.000  2.91934e-15
  1930.000  2.84704e-15
  1935.000  2.83884e-15
  1940.000  2.73274e-15
  1945.000  3.05230e-15
  1950.000  3.31399e-15
  1955.000  3.52061e-15
  1960.000  3.51384e-15
  1965.000  3.55628e-15
  1970.000  3.17103e-15
  1975.000  2.76202e-15
  1980.000  4.92116e-15
  1985.000  3.64909e-15
  1990.000  4.04668e-15
  1995.000  4.07401e-15
  2000.000  4.62255e-15
  2005.000  4.81427e-15
  2010.000  3.01800e-15
  2015.000  3.65140e-15
  2020.000  3.95904e-15
  2025.000  4.08930e-15
  2030.000  2.01283e-15
  2035.000  3.70344e-15
  2040.000  3.69937e-15
  2045.000  3.94576e-15
  2050.000  3.07407e-15
  2055.000  3.71499e-15
  2060.000  4.24648e-15
  2065.000  3.69784e-15
  2070.000  4.11868e-15
  2075.000  3.73564e-15
  2080.000  4.24530e-15
  2085.000  4.81610e-15
  2090.000  4.02146e-15
  2095.000  3.38275e-15
  2100.000  9.54226e-16
  2105.000  3.97539e-15
  2110.000  4.18406e-15
  2115.000  3.26959e-15
  2120.000  4.56601e-15
  2125.000  4.30845e-15
  2130.000  4.45067e-15
  2135.000  3.38754e-15
  2140.000  4.20285e-15
  2145.000  2.78350e-15
  2150.000  4.17934e-15
  2155.000  4.28245e-15
  2160.000  2.14081e-15
  2165.000  2.91122e-15
  2170.000  2.90957e-15
  2175.000  3.98309e-15
  2180.000  4.67442e-15
  2185.000  4.00607e-15
  2190.000  4.26765e-15
  2195.000  4.49577e-15
  2200.000  4.30856e-15
  2205.000  4.75229e-15
  2210.000  3.98719e-15
  2215.000  1.93230e-15
  2220.000  7.91909e-16
  2225.000  3.59026e-15
  2230.000  3.88825e-15
  2235.000  4.28168e-15
  2240.000  3.74909e-15
  2245.000  4.25008e-15
  2250.000  5.32919e-15
  2255.000  4.96281e-15
  2260.000  4.58854e-15
  2265.000  4.77124e-15
  2270.000  5.00700e-15
  2275.000  3.87787e-15
  2280.000  1.42074e-15
  2285.000  3.45928e-15
  2290.000  4.45967e-15
  2295.000  3.94328e-15
  2300.000  3.36702e-15
  2305.000  4.28519e-15
  2310.000  5.01576e-15
  2315.000  4.36497e-15
  2320.000  3.55394e-15
  2325.000  4.43377e-15
  2330.000  4.94629e-15
  2335.000  3.14278e-15
  2340.000  4.07781e-15
  2345.000  3.85381e-15
  2350.000  4.06048e-15
  2355.000  4.09600e-15
  2360.000  3.90434e-15
  2365.000  3.51336e-15
  2370.000  3.03431e-15
  2375.000  2.68987e-15
  2380.000  2.36376e-15
  2385.000  2.93782e-15
  2390.000  2.82912e-15
  2395.000  3.36561e-15
  2400.000  2.80564e-15
  2405.000  2.51052e-15
  2410.000  2.93073e-15
  2415.000  3.68134e-15
  2420.000  4.21027e-15
  2425.000  4.77436e-15
  2430.000  4.12134e-15
  2435.000  3.98061e-15
  2440.000  4.13901e-15
  2445.000  4.42393e-15
  2450.000  4.36067e-15
  2455.000  5.29483e-15
  2460.000  4.51520e-15
  2465.000  3.24094e-15
  2470.000  3.32596e-15
  2475.000  3.62446e-15
  2480.000  3.93070e-15
  2485.000  3.27580e-15
  2490.000  3.66542e-15
  2495.000  4.01578e-15
  2500.000  4.10025e-15
  2505.000  4.35232e-15
  2510.000  4.07555e-15
  2515.000  3.43870e-15
  2520.000  3.45153e-15
  2525.000  3.50226e-15
  2530.000  3.14441e-15
  2535.000  3.42639e-15
  2540.000  3.43751e-15
  2545.000  3.26080e-15
  2550.000  3.49467e-15
  2555.000  3.92324e-15
  2560.000  4.61186e-15
  2565.000  4.60563e-15
  2570.000  4.19477e-15
  2575.000  4.29719e-15
  2580.000  3.92314e-15
  2585.000  3.91573e-15
  2590.000  3.93838e-15
  2595.000  3.53082e-15
  2600.000  3.45249e-15
  2605.000  3.83158e-15
  2610.000  3.73692e-15
  2615.000  3.86486e-15
  2620.000  4.00840e-15
  2625.000  4.18659e-15
  2630.000  4.09865e-15
  2635.000  4.54392e-15
  2640.000  5.36106e-15
  2645.000  5.69755e-15
  2650.000  5.58739e-15
  2655.000  5.42454e-15
  2660.000  5.52336e-15
  2665.000  5.48580e-15
  2670.000  5.68826e-15
  2675.000  5.90012e-15
  2680.000  6.33352e-15
  2685.000  5.58615e-15
  2690.000  5.15897e-15
  2695.000  5.38805e-15
  2700.000  5.56204e-15
  2705.000  5.48721e-15
  2710.000  5.44975e-15
  2715.000  5.02181e-15
  2720.000  4.88052e-15
  2725.000  4.98478e-15
  2730.000  4.96966e-15
  2735.000  4.99029e-15
  2740.000  4.72591e-15
  2745.000  4.06523e-15
  2750.000  4.41502e-15
  2755.000  4.63141e-15
  2760.000  4.75689e-15
  2765.000  4.86500e-15
  2770.000  5.57221e-15
  2775.000  5.82365e-15
  2780.000  5.05031e-15
  2785.000  4.41260e-15
  2790.000  3.66748e-15
  2795.000  3.19003e-15
  2800.000  3.01911e-15
  2805.000  3.47987e-15
  2810.000  4.35413e-15
  2815.000  4.95152e-15
  2820.000  5.36507e-15
  2825.000  5.72667e-15
  2830.000  5.91027e-15
  2835.000  5.76997e-15
  2840.000  5.87194e-15
  2845.000  5.54803e-15
  2850.000  4.95707e-15
  2855.000  4.86895e-15
  2860.000  5.46780e-15
  2865.000  6.20133e-15
  2870.000  6.44314e-15
  2875.000  6.26058e-15
  2880.000  6.29964e-15
  2885.000  6.32789e-15
  2890.000  6.34946e-15
  2895.000  6.72103e-15
  2900.000  7.37054e-15
  2905.000  7.78930e-15
  2910.000  7.94372e-15
  2915.000  7.87311e-15
  2920.000  7.90852e-15
  2925.000  7.63800e-15
  2930.000  7.75162e-15
  2935.000  7.88168e-15
  2940.000  7.76843e-15
  2945.000  7.90214e-15
  2950.000  7.85698e-15
  2955.000  8.33658e-15
  2960.000  8.31576e-15
  2965.000  8.00146e-15
  2970.000  7.85611e-15
  2975.000  7.96970e-15
  2980.000  7.83007e-15
  2985.000  7.68747e-15
  2990.000  7.81623e-15
  2995.000  7.64335e-15
  3000.000  7.11208e-15
  3005.000  7.33480e-15
  3010.000  7.60040e-15
  3015.000  7.57285e-15
  3020.000  7.87444e-15
  3025.000  8.10147e-15
  3030.000  8.20135e-15
  3035.000  8.02721e-15
  3040.000  8.98520e-15
  3045.000  8.65832e-15
  3050.000  8.58940e-15
  3055.000  8.51810e-15
  3060.000  8.75242e-15
  3065.000  9.00360e-15
  3070.000  9.38945e-15
  3075.000  1.00238e-14
  3080.000  1.06039e-14
  3085.000  9.50626e-15
  3090.000  9.26429e-15
  3095.000  9.53591e-15
  3100.000  9.48870e-15
  3105.000  1.04567e-14
  3110.000  1.10612e-14
  3115.000  1.13040e-14
  3120.000  1.10105e-14
  3125.000  1.04471e-14
  3130.000  1.04102e-14
  3135.000  1.07945e-14
  3140.000  1.11089e-14
  3145.000  1.05894e-14
  3150.000  1.05234e-14
  3155.000  9.76566e-15
  3160.000  1.01779e-14
  3165.000  1.03568e-14
  3170.000  1.01448e-14
  3175.000  9.99383e-15
  3180.000  1.18089e-14
  3185.000  9.77208e-15
  3190.000  9.49352e-15
  3195.000  9.10821e-15
  3200.000  8.48932e-15
  3205.000  1.29821e-14
  3210.000  9.81080e-15
  3215.000  1.02585e-14
  3220.000  9.52270e-15
  3225.000  8.83234e-15
  3230.000  8.72144e-15
  3235.000  8.91614e-15
  3240.000  9.01180e-15
  3245.000  8.76533e-15
  3250.000  9.15803e-15
  3255.000  9.37514e-15
  3260.000  1.08385e-14
  3265.000  1.10907e-14
  3270.000  1.08067e-14
  3275.000  1.03045e-14
  3280.000  9.75663e-15
  3285.000  1.04450e-14
  3290.000  1.17777e-14
  3295.000  1.25167e-14
  3300.000  1.13958e-14
  3305.000  1.11526e-14
  3310.000  1.05370e-14
  3315.000  1.15615e-14
  3320.000  1.17108e-14
  3325.000  1.12557e-14
  3330.000  1.11934e-14
  3335.000  1.09776e-14
  3340.000  1.10883e-14
  3345.000  1.15852e-14
  3350.000  1.13904e-14
  3355.000  1.08750e-14
  3360.000  9.98618e-15
  3365.000  1.03386e-14
  3370.000  1.07027e-14
  3375.000  1.10910e-14
  3380.000  1.07046e-14
  3385.000  1.08968e-14
  3390.000  1.14660e-14
  3395.000  1.22329e-14
  3400.000  1.15555e-14
  3405.000  1.11521e-14
  3410.000  1.13715e-14
  3415.000  1.15074e-14
  3420.000  1.07080e-14
  3425.000  1.05531e-14
  3430.000  1.08300e-14
  3435.000  1.06662e-14
  3440.000  1.05937e-14
  3445.000  1.03729e-14
  3450.000  1.04799e-14
  3455.000  1.12593e-14
  3460.000  1.07310e-14
  3465.000  1.02161e-14
  3470.000  1.03727e-14
  3475.000  1.03960e-14
  3480.000  1.06737e-14
  3485.000  1.05177e-14
  3490.000  1.04264e-14
  3495.000  1.05696e-14
  3500.000  1.12298e-14
  3505.000  1.12287e-14
  3510.000  1.15323e-14
  3515.000  1.15429e-14
  3520.000  1.09449e-14
  3525.000  1.08259e-14
  3530.000  1.14697e-14
  3535.000  1.17033e-14
  3540.000  1.18825e-14
  3545.000  1.19829e-14
  3550.000  1.19715e-14
  3555.000  1.18270e-14
  3560.000  1.16292e-14
  3565.000  1.12386e-14
  3570.000  1.04461e-14
  3575.000  9.99465e-15
  3580.000  9.78516e-15
  3585.000  9.75149e-15
  3590.000  1.04251e-14
  3595.000  1.08365e-14
  3600.000  1.10428e-14
  3605.000  1.09618e-14
  3610.000  1.11733e-14
  3615.000  1.15642e-14
  3620.000  1.25671e-14
  3625.000  1.22858e-14
  3630.000  1.24513e-14
  3635.000  1.24593e-14
  3640.000  1.25211e-14
  3645.000  1.25416e-14
  3650.000  1.32523e-14
  3655.000  1.35454e-14
  3660.000  1.38217e-14
  3665.000  1.40421e-14
  3670.000  1.39789e-14
  3675.000  1.37573e-14
  3680.000  1.38091e-14
  3685.000  1.34447e-14
  3690.000  1.45415e-14
  3695.000  1.49156e-14
  3700.000  1.46188e-14
  3705.000  1.42474e-14
  3710.000  1.43658e-14
  3715.000  1.55401e-14
  3720.000  1.81112e-14
  3725.000  2.15058e-14
  3730.000  1.79875e-14
  3735.000  1.41484e-14
  3740.000  1.38004e-14
  3745.000  1.33520e-14
  3750.000  1.39100e-14
  3755.000  1.47199e-14
  3760.000  1.46486e-14
  3765.000  1.37555e-14
  3770.000  1.44061e-14
  3775.000  1.70018e-14
  3780.000  1.88133e-14
  3785.000  1.79192e-14
  3790.000  1.57008e-14
  3795.000  1.49143e-14
  3800.000  1.58472e-14
  3805.000  1.73198e-14
  3810.000  1.79863e-14
  3815.000  1.74161e-14
  3820.000  1.59815e-14
  3825.000  1.42583e-14
  3830.000  1.23810e-14
  3835.000  1.24170e-14
  3840.000  1.43847e-14
  3845.000  1.68158e-14
  3850.000  1.82448e-14
  3855.000  1.90733e-14
  3860.000  1.92711e-14
  3865.000  1.89395e-14
  3870.000  1.82769e-14
  3875.000  1.73303e-14
  3880.000  1.62573e-14
  3885.000  1.49776e-14
  3890.000  1.61622e-14
  3895.000  1.76228e-14
  3900.000  1.90967e-14
  3905.000  2.04492e-14
  3910.000  2.13917e-14
  3915.000  2.14273e-14
  3920.000  2.00629e-14
  3925.000  1.72347e-14
  3930.000  1.44559e-14
  3935.000  1.47749e-14
  3940.000  1.70372e-14
  3945.000  1.95134e-14
  3950.000  2.14135e-14
  3955.000  2.02723e-14
  3960.000  1.65742e-14
  3965.000  1.29513e-14
  3970.000  1.32776e-14
  3975.000  1.73647e-14
  3980.000  2.15824e-14
  3985.000  2.43384e-14
  3990.000  2.57838e-14
  3995.000  2.64915e-14
  4000.000  2.68660e-14
  4005.000  2.72232e-14
  4010.000  2.79024e-14
  4015.000  2.82037e-14
  4020.000  2.77039e-14
  4025.000  2.70138e-14
  4030.000  2.66364e-14
  4035.000  2.66452e-14
  4040.000  2.70339e-14
  4045.000  2.71484e-14
  4050.000  2.70475e-14
  4055.000  2.64987e-14
  4060.000  2.64408e-14
  4065.000  2.61258e-14
  4070.000  2.58737e-14
  4075.000  2.58182e-14
  4080.000  2.64514e-14
  4085.000  2.67227e-14
  4090.000  2.52573e-14
  4095.000  2.28791e-14
  4100.000  2.11038e-14
  4105.000  2.24399e-14
  4110.000  2.45388e-14
  4115.000  2.57704e-14
  4120.000  2.60807e-14
  4125.000  2.53467e-14
  4130.000  2.54238e-14
  4135.000  2.62005e-14
  4140.000  2.61266e-14
  4145.000  2.58167e-14
  4150.000  2.61050e-14
  4155.000  2.63024e-14
  4160.000  2.68048e-14
  4165.000  2.71671e-14
  4170.000  2.64841e-14
  4175.000  2.58382e-14
  4180.000  2.60671e-14
  4185.000  2.67850e-14
  4190.000  2.69785e-14
  4195.000  2.68135e-14
  4200.000  2.70670e-14
  4205.000  2.76335e-14
  4210.000  2.83104e-14
  4215.000  2.84484e-14
  4220.000  2.79035e-14
  4225.000  2.64504e-14
  4230.000  2.74357e-14
  4235.000  2.81289e-14
  4240.000  2.86107e-14
  4245.000  2.82247e-14
  4250.000  2.76232e-14
  4255.000  2.75443e-14
  4260.000  2.86435e-14
  4265.000  2.85480e-14
  4270.000  2.76414e-14
  4275.000  2.77081e-14
  4280.000  2.77065e-14
  4285.000  2.72465e-14
  4290.000  2.69093e-14
  4295.000  2.64934e-14
  4300.000  2.54587e-14
  4305.000  2.48918e-14
  4310.000  2.63793e-14
  4315.000  2.86326e-14
  4320.000  2.94224e-14
  4325.000  2.92206e-14
  4330.000  2.86671e-14
  4335.000  2.74843e-14
  4340.000  2.65378e-14
  4345.000  2.65185e-14
  4350.000  2.72831e-14
  4355.000  2.88357e-14
  4360.000  3.05763e-14
  4365.000  3.12481e-14
  4370.000  3.06416e-14
  4375.000  2.95387e-14
  4380.000  2.84826e-14
  4385.000  2.75370e-14
  4390.000  2.83158e-14
  4395.000  2.94854e-14
  4400.000  2.92173e-14
  4405.000  2.89341e-14
  4410.000  2.89985e-14
  4415.000  2.98116e-14
  4420.000  3.10553e-14
  4425.000  3.14689e-14
  4430.000  3.09437e-14
  4435.000  3.03365e-14
  4440.000  3.02216e-14
  4445.000  3.05756e-14
  4450.000  3.05152e-14
  4455.000  2.97098e-14
  4460.000  2.90399e-14
  4465.000  2.92027e-14
  4470.000  3.03085e-14
  4475.000  3.18747e-14
  4480.000  3.22175e-14
  4485.000  3.21620e-14
  4490.000  3.24230e-14
  4495.000  3.29906e-14
  4500.000  3.33604e-14
  4505.000  3.41890e-14
  4510.000  3.40359e-14
  4515.000  3.31717e-14
  4520.000  3.21373e-14
  4525.000  3.11895e-14
  4530.000  3.08577e-14
  4535.000  3.14975e-14
  4540.000  3.22894e-14
  4545.000  3.17893e-14
  4550.000  3.07804e-14
  4555.000  3.14347e-14
  4560.000  3.28792e-14
  4565.000  3.35627e-14
  4570.000  3.39278e-14
  4575.000  3.37364e-14
  4580.000  3.32018e-14
  4585.000  3.28660e-14
  4590.000  3.32584e-14
  4595.000  3.41415e-14
  4600.000  3.41378e-14
  4605.000  3.43026e-14
  4610.000  3.51815e-14
  4615.000  3.53146e-14
  4620.000  3.59409e-14
  4625.000  3.60711e-14
  4630.000  3.54905e-14
  4635.000  3.45266e-14
  4640.000  3.35784e-14
  4645.000  3.30512e-14
  4650.000  3.33189e-14
  4655.000  3.40812e-14
  4660.000  3.35620e-14
  4665.000  3.22972e-14
  4670.000  3.21954e-14
  4675.000  3.29045e-14
  4680.000  3.32288e-14
  4685.000  3.31542e-14
  4690.000  3.28413e-14
  4695.000  3.20717e-14
  4700.000  3.13812e-14
  4705.000  3.10012e-14
  4710.000  3.20671e-14
  4715.000  3.34643e-14
  4720.000  3.39191e-14
  4725.000  3.34749e-14
  4730.000  3.29940e-14
  4735.000  3.32290e-14
  4740.000  3.42285e-14
  4745.000  3.53854e-14
  4750.000  3.48318e-14
  4755.000  3.43204e-14
  4760.000  3.33946e-14
  4765.000  3.33887e-14
  4770.000  3.38432e-14
  4775.000  3.40441e-14
  4780.000  3.39676e-14
  4785.000  3.37732e-14
  4790.000  3.35935e-14
  4795.000  3.44887e-14
  4800.000  3.47003e-14
  4805.000  3.45983e-14
  4810.000  3.49689e-14
  4815.000  3.54098e-14
  4820.000  3.47672e-14
  4825.000  3.40692e-14
  4830.000  3.39537e-14
  4835.000  3.37124e-14
  4840.000  3.35636e-14
  4845.000  3.30189e-14
  4850.000  3.19822e-14
  4855.000  3.08291e-14
  4860.000  2.99423e-14
  4865.000  2.92162e-14
  4870.000  2.97772e-14
  4875.000  3.14872e-14
  4880.000  3.26091e-14
  4885.000  3.25536e-14
  4890.000  3.22624e-14
  4895.000  3.34284e-14
  4900.000  3.39357e-14
  4905.000  3.35531e-14
  4910.000  3.31430e-14
  4915.000  3.25223e-14
  4920.000  3.21811e-14
  4925.000  3.29156e-14
  4930.000  3.42471e-14
  4935.000  3.32348e-14
  4940.000  3.35263e-14
  4945.000  3.46614e-14
  4950.000  3.55477e-14
  4955.000  3.54499e-14
  4960.000  3.44947e-14
  4965.000  3.24702e-14
  4970.000  3.19342e-14
  4975.000  3.19407e-14
  4980.000  3.30383e-14
  4985.000  3.50039e-14
  4990.000  3.64514e-14
  4995.000  3.52027e-14
  5000.000  3.50868e-14
  5005.000  3.47843e-14
  5010.000  3.32452e-14
  5015.000  3.11626e-14
  5020.000  3.03983e-14
  5025.000  3.16116e-14
  5030.000  3.29711e-14
  5035.000  3.30771e-14
  5040.000  3.26487e-14
  5045.000  3.24135e-14
  5050.000  3.27398e-14
  5055.000  3.36524e-14
  5060.000  3.43758e-14
  5065.000  3.44953e-14
  5070.000  3.39539e-14
  5075.000  3.31283e-14
  5080.000  3.28320e-14
  5085.000  3.31177e-14
  5090.000  3.35694e-14
  5095.000  3.38113e-14
  5100.000  3.37849e-14
  5105.000  3.36561e-14
  5110.000  3.38678e-14
  5115.000  3.41567e-14
  5120.000  3.42117e-14
  5125.000  3.39756e-14
  5130.000  3.35321e-14
  5135.000  3.31044e-14
  5140.000  3.34076e-14
  5145.000  3.30477e-14
  5150.000  3.27087e-14
  5155.000  3.25510e-14
  5160.000  3.22867e-14
  5165.000  3.04715e-14
  5170.000  2.94517e-14
  5175.000  2.96861e-14
  5180.000  3.05217e-14
  5185.000  3.12226e-14
  5190.000  3.22442e-14
  5195.000  3.32283e-14
  5200.000  3.34248e-14
  5205.000  3.32828e-14
  5210.000  3.34327e-14
  5215.000  3.44216e-14
  5220.000  3.37731e-14
  5225.000  3.35535e-14
  5230.000  3.40157e-14
  5235.000  3.50339e-14
  5240.000  3.61565e-14
  5245.000  3.52031e-14
  5250.000  3.45725e-14
  5255.000  3.41857e-14
  5260.000  3.36069e-14
  5265.000  3.25194e-14
  5270.000  3.24528e-14
  5275.000  3.34377e-14
  5280.000  3.49577e-14
  5285.000  3.62783e-14
  5290.000  3.63803e-14
  5295.000  3.57961e-14
  5300.000  3.56725e-14
  5305.000  3.62039e-14
  5310.000  3.70623e-14
  5315.000  3.62406e-14
  5320.000  3.54956e-14
  5325.000  3.51665e-14
  5330.000  3.53887e-14
  5335.000  3.60035e-14
  5340.000  3.64435e-14
  5345.000  3.67405e-14
  5350.000  3.73353e-14
  5355.000  3.85624e-14
  5360.000  3.83333e-14
  5365.000  3.75977e-14
  5370.000  3.69616e-14
  5375.000  3.67001e-14
  5380.000  3.69016e-14
  5385.000  3.62563e-14
  5390.000  3.54396e-14
  5395.000  3.45797e-14
  5400.000  3.37922e-14
  5405.000  3.40112e-14
  5410.000  3.48514e-14
  5415.000  3.56761e-14
  5420.000  3.61329e-14
  5425.000  3.60457e-14
  5430.000  3.59183e-14
  5435.000  3.62037e-14
  5440.000  3.64409e-14
  5445.000  3.55820e-14
  5450.000  3.55845e-14
  5455.000  3.56775e-14
  5460.000  3.59460e-14
  5465.000  3.64806e-14
  5470.000  3.63986e-14
  5475.000  3.63009e-14
  5480.000  3.63651e-14
  5485.000  3.66746e-14
  5490.000  3.70474e-14
  5495.000  3.73922e-14
  5500.000  3.77311e-14
  5505.000  3.78042e-14
  5510.000  3.63930e-14
  5515.000  3.60851e-14
  5520.000  3.59628e-14
  5525.000  3.59258e-14
  5530.000  3.63866e-14
  5535.000  3.64309e-14
  5540.000  3.63746e-14
  5545.000  3.65530e-14
  5550.000  3.76996e-14
  5555.000  3.84626e-14
  5560.000  3.84931e-14
  5565.000  3.79115e-14
  5570.000  3.70963e-14
  5575.000  3.80964e-14
  5580.000  3.78895e-14
  5585.000  3.66844e-14
  5590.000  3.59622e-14
  5595.000  3.62926e-14
  5600.000  3.67678e-14
  5605.000  3.71526e-14
  5610.000  3.71646e-14
  5615.000  3.63969e-14
  5620.000  3.61869e-14
  5625.000  3.66550e-14
  5630.000  3.72611e-14
  5635.000  3.69909e-14
  5640.000  3.67366e-14
  5645.000  3.67807e-14
  5650.000  3.72955e-14
  5655.000  3.72796e-14
  5660.000  3.73519e-14
  5665.000  3.77688e-14
  5670.000  3.79999e-14
  5675.000  3.81271e-14
  5680.000  3.84019e-14
  5685.000  3.90505e-14
  5690.000  3.89950e-14
  5695.000  3.87922e-14
  5700.000  3.83804e-14
  5705.000  3.75915e-14
  5710.000  3.75403e-14
  5715.000  3.86271e-14
  5720.000  4.05001e-14
  5725.000  4.13783e-14
  5730.000  4.14522e-14
  5735.000  4.09951e-14
  5740.000  4.01225e-14
  5745.000  3.99671e-14
  5750.000  3.96831e-14
  5755.000  3.92402e-14
  5760.000  3.85626e-14
  5765.000  3.92208e-14
  5770.000  3.92235e-14
  5775.000  3.84209e-14
  5780.000  3.71499e-14
  5785.000  3.68171e-14
  5790.000  3.74813e-14
  5795.000  3.93234e-14
  5800.000  3.94788e-14
  5805.000  3.93002e-14
  5810.000  3.90463e-14
  5815.000  3.93044e-14
  5820.000  3.96571e-14
  5825.000  4.00852e-14
  5830.000  4.05731e-14
  5835.000  4.04496e-14
  5840.000  4.04619e-14
  5845.000  4.02173e-14
  5850.000  3.88279e-14
  5855.000  3.87254e-14
  5860.000  3.88819e-14
  5865.000  3.90314e-14
  5870.000  3.94447e-14
  5875.000  3.88106e-14
  5880.000  3.69998e-14
  5885.000  3.31964e-14
  5890.000  3.14845e-14
  5895.000  3.16428e-14
  5900.000  3.39075e-14
  5905.000  3.71902e-14
  5910.000  3.86225e-14
  5915.000  3.86129e-14
  5920.000  3.86413e-14
  5925.000  3.90035e-14
  5930.000  3.90028e-14
  5935.000  3.79311e-14
  5940.000  3.82611e-14
  5945.000  3.84740e-14
  5950.000  3.83714e-14
  5955.000  3.85177e-14
  5960.000  3.84509e-14
  5965.000  3.83384e-14
  5970.000  3.85858e-14
  5975.000  3.85217e-14
  5980.000  3.83990e-14
  5985.000  3.83540e-14
  5990.000  3.88811e-14
  5995.000  3.92702e-14
  6000.000  3.94116e-14
  6005.000  3.90531e-14
  6010.000  3.88964e-14
  6015.000  3.88086e-14
  6020.000  3.83212e-14
  6025.000  3.90465e-14
  6030.000  4.00954e-14
  6035.000  4.06724e-14
  6040.000  4.07435e-14
  6045.000  4.05690e-14
  6050.000  4.01687e-14
  6055.000  4.07320e-14
  6060.000  4.08455e-14
  6065.000  4.04099e-14
  6070.000  4.09104e-14
  6075.000  4.11483e-14
  6080.000  4.10971e-14
  6085.000  4.03450e-14
  6090.000  4.03371e-14
  6095.000  4.05551e-14
  6100.000  4.01574e-14
  6105.000  4.01670e-14
  6110.000  4.02462e-14
  6115.000  4.01398e-14
  6120.000  4.06610e-14
  6125.000  4.11816e-14
  6130.000  4.14396e-14
  6135.000  4.03090e-14
  6140.000  3.96489e-14
  6145.000  3.99186e-14
  6150.000  3.99761e-14
  6155.000  3.96145e-14
  6160.000  3.87947e-14
  6165.000  3.74752e-14
  6170.000  3.74288e-14
  6175.000  3.85622e-14
  6180.000  3.97046e-14
  6185.000  4.02396e-14
  6190.000  4.02206e-14
  6195.000  3.92668e-14
  6200.000  3.83369e-14
  6205.000  3.73835e-14
  6210.000  3.61129e-14
  6215.000  3.65776e-14
  6220.000  3.80734e-14
  6225.000  3.95271e-14
  6230.000  3.89562e-14
  6235.000  3.74321e-14
  6240.000  3.67550e-14
  6245.000  3.62300e-14
  6250.000  3.60164e-14
  6255.000  3.69906e-14
  6260.000  3.79764e-14
  6265.000  3.88800e-14
  6270.000  3.93489e-14
  6275.000  3.93664e-14
  6280.000  3.91427e-14
  6285.000  3.88388e-14
  6290.000  3.90855e-14
  6295.000  3.95242e-14
  6300.000  3.94437e-14
  6305.000  3.90748e-14
  6310.000  3.87869e-14
  6315.000  4.00561e-14
  6320.000  3.99348e-14
  6325.000  3.90203e-14
  6330.000  3.85512e-14
  6335.000  3.78253e-14
  6340.000  3.70202e-14
  6345.000  3.74171e-14
  6350.000  3.74472e-14
  6355.000  3.71995e-14
  6360.000  3.73875e-14
  6365.000  3.71704e-14
  6370.000  3.65670e-14
  6375.000  3.57890e-14
  6380.000  3.54489e-14
  6385.000  3.56243e-14
  6390.000  3.74542e-14
  6395.000  3.87833e-14
  6400.000  3.91896e-14
  6405.000  3.77791e-14
  6410.000  3.65315e-14
  6415.000  3.61375e-14
  6420.000  3.60324e-14
  6425.000  3.61724e-14
  6430.000  3.67969e-14
  6435.000  3.68948e-14
  6440.000  3.68397e-14
  6445.000  3.69979e-14
  6450.000  3.68798e-14
  6455.000  3.66754e-14
  6460.000  3.71349e-14
  6465.000  3.74284e-14
  6470.000  3.75854e-14
  6475.000  3.82827e-14
  6480.000  3.87241e-14
  6485.000  3.88512e-14
  6490.000  3.82987e-14
  6495.000  3.82825e-14
  6500.000  3.94458e-14
  6505.000  4.00374e-14
  6510.000  4.03657e-14
  6515.000  4.03324e-14
  6520.000  4.03995e-14
  6525.000  4.05479e-14
  6530.000  4.09630e-14
  6535.000  4.18501e-14
  6540.000  4.31333e-14
  6545.000  4.20883e-14
  6550.000  4.22703e-14
  6555.000  4.42895e-14
  6560.000  4.27374e-14
  6565.000  4.17061e-14
  6570.000  4.38915e-14
  6575.000  4.62323e-14
  6580.000  4.77773e-14
  6585.000  4.31443e-14
  6590.000  4.04597e-14
  6595.000  3.93935e-14
  6600.000  3.94208e-14
  6605.000  3.95202e-14
  6610.000  3.96758e-14
  6615.000  3.95582e-14
  6620.000  3.92994e-14
  6625.000  3.87759e-14
  6630.000  3.85099e-14
  6635.000  3.84065e-14
  6640.000  3.86004e-14
  6645.000  3.85771e-14
  6650.000  3.82961e-14
  6655.000  3.81413e-14
  6660.000  3.80091e-14
  6665.000  3.78843e-14
  6670.000  3.79320e-14
  6675.000  3.80520e-14
  6680.000  3.80484e-14
  6685.000  3.80109e-14
  6690.000  3.79365e-14
  6695.000  3.81784e-14
  6700.000  3.86396e-14
  6705.000  3.95666e-14
  6710.000  3.98074e-14
  6715.000  3.97392e-14
  6720.000  4.01448e-14
  6725.000  3.99402e-14
  6730.000  3.89950e-14
  6735.000  3.81380e-14
  6740.000  3.75253e-14
  6745.000  3.76821e-14
  6750.000  3.78682e-14
  6755.000  3.80728e-14
  6760.000  3.79777e-14
  6765.000  3.80134e-14
  6770.000  3.82669e-14
  6775.000  3.81075e-14
  6780.000  3.78699e-14
  6785.000  3.79817e-14
  6790.000  3.80989e-14
  6795.000  3.82213e-14
  6800.000  3.83509e-14
  6805.000  3.84499e-14
  6810.000  3.84568e-14
  6815.000  3.85870e-14
  6820.000  3.87912e-14
  6825.000  3.82239e-14
  6830.000  3.79055e-14
  6835.000  3.80460e-14
  6840.000  3.80703e-14
  6845.000  3.80524e-14
  6850.000  3.80626e-14
  6855.000  3.82886e-14
  6860.000  3.87863e-14
  6865.000  3.84900e-14
  6870.000  3.81189e-14
  6875.000  3.84154e-14
  6880.000  3.86550e-14
  6885.000  3.88402e-14
  6890.000  3.89497e-14
  6895.000  3.90395e-14
  6900.000  3.91009e-14
  6905.000  3.89707e-14
  6910.000  3.86898e-14
  6915.000  3.86717e-14
  6920.000  3.86747e-14
  6925.000  3.86590e-14
  6930.000  3.87624e-14
  6935.000  3.89479e-14
  6940.000  3.91236e-14
  6945.000  3.92363e-14
  6950.000  3.91807e-14
  6955.000  3.91926e-14
  6960.000  3.92482e-14
  6965.000  3.90663e-14
  6970.000  3.89513e-14
  6975.000  3.90563e-14
  6980.000  3.92254e-14
  6985.000  3.94368e-14
  6990.000  3.92803e-14
  6995.000  3.91402e-14
  7000.000  3.91277e-14
  7005.000  3.90876e-14
  7010.000  3.90278e-14
  7015.000  3.90234e-14
  7020.000  3.90566e-14
  7025.000  3.92003e-14
  7030.000  3.94562e-14
  7035.000  3.98072e-14
  7040.000  3.98162e-14
  7045.000  3.96091e-14
  7050.000  3.86291e-14
  7055.000  3.79427e-14
  7060.000  3.75710e-14
  7065.000  3.74825e-14
  7070.000  3.74443e-14
  7075.000  3.71863e-14
  7080.000  3.68025e-14
  7085.000  3.62346e-14
  7090.000  3.59421e-14
  7095.000  3.57643e-14
  7100.000  3.57147e-14
  7105.000  3.56479e-14
  7110.000  3.55432e-14
  7115.000  3.53101e-14
  7120.000  3.49946e-14
  7125.000  3.50017e-14
  7130.000  3.50486e-14
  7135.000  3.51182e-14
  7140.000  3.51954e-14
  7145.000  3.52807e-14
  7150.000  3.54079e-14
  7155.000  3.55582e-14
  7160.000  3.58647e-14
  7165.000  3.61131e-14
  7170.000  3.62548e-14
  7175.000  3.59550e-14
  7180.000  3.54032e-14
  7185.000  3.52550e-14
  7190.000  3.51924e-14
  7195.000  3.53296e-14
  7200.000  3.55570e-14
  7205.000  3.58844e-14
  7210.000  3.60673e-14
  7215.000  3.62060e-14
  7220.000  3.65345e-14
  7225.000  3.68414e-14
  7230.000  3.70965e-14
  7235.000  3.71073e-14
  7240.000  3.69279e-14
  7245.000  3.68736e-14
  7250.000  3.69092e-14
  7255.000  3.75600e-14
  7260.000  3.78088e-14
  7265.000  3.73330e-14
  7270.000  3.70531e-14
  7275.000  3.68947e-14
  7280.000  3.69023e-14
  7285.000  3.69314e-14
  7290.000  3.69480e-14
  7295.000  3.71071e-14
  7300.000  3.74919e-14
  7305.000  3.77834e-14
  7310.000  3.80218e-14
  7315.000  3.80483e-14
  7320.000  3.80778e-14
  7325.000  3.82915e-14
  7330.000  3.85016e-14
  7335.000  3.87061e-14
  7340.000  3.85017e-14
  7345.000  3.80541e-14
  7350.000  3.81431e-14
  7355.000  3.83424e-14
  7360.000  3.87823e-14
  7365.000  3.92134e-14
  7370.000  3.96283e-14
  7375.000  3.95003e-14
  7380.000  3.89820e-14
  7385.000  3.89898e-14
  7390.000  3.91103e-14
  7395.000  3.90923e-14
  7400.000  3.90090e-14
  7405.000  3.87543e-14
  7410.000  3.86262e-14
  7415.000  3.86235e-14
  7420.000  3.89221e-14
  7425.000  3.93333e-14
  7430.000  3.93910e-14
  7435.000  3.94050e-14
  7440.000  3.92970e-14
  7445.000  3.92590e-14
  7450.000  3.93307e-14
  7455.000  3.93862e-14
  7460.000  3.94310e-14
  7465.000  3.93628e-14
  7470.000  3.92823e-14
  7475.000  3.95783e-14
  7480.000  3.97522e-14
  7485.000  3.95437e-14
  7490.000  3.94950e-14
  7495.000  3.96416e-14
  7500.000  3.99329e-14
  7505.000  4.02999e-14
  7510.000  4.03912e-14
  7515.000  4.04249e-14
  7520.000  4.02688e-14
  7525.000  4.02512e-14
  7530.000  4.06301e-14
  7535.000  4.08393e-14
  7540.000  4.08468e-14
  7545.000  4.08916e-14
  7550.000  4.09562e-14
  7555.000  4.11043e-14
  7560.000  4.12615e-14
  7565.000  4.12430e-14
  7570.000  4.10017e-14
  7575.000  3.99817e-14
  7580.000  3.92705e-14
  7585.000  3.90051e-14
  7590.000  3.89000e-14
  7595.000  3.89050e-14
  7600.000  3.85784e-14
  7605.000  3.81558e-14
  7610.000  3.81337e-14
  7615.000  3.81818e-14
  7620.000  3.85648e-14
  7625.000  3.88231e-14
  7630.000  3.88013e-14
  7635.000  3.85806e-14
  7640.000  3.81454e-14
  7645.000  3.76193e-14
  7650.000  3.70448e-14
  7655.000  3.66519e-14
  7660.000  3.62991e-14
  7665.000  3.67598e-14
  7670.000  3.71894e-14
  7675.000  3.73866e-14
  7680.000  3.74753e-14
  7685.000  3.73264e-14
  7690.000  3.72230e-14
  7695.000  3.71702e-14
  7700.000  3.70894e-14
  7705.000  3.69923e-14
  7710.000  3.69304e-14
  7715.000  3.68782e-14
  7720.000  3.73926e-14
  7725.000  3.78921e-14
  7730.000  3.78853e-14
  7735.000  3.77863e-14
  7740.000  3.73957e-14
  7745.000  3.72742e-14
  7750.000  3.75779e-14
  7755.000  3.78371e-14
  7760.000  3.80568e-14
  7765.000  3.80396e-14
  7770.000  3.79078e-14
  7775.000  3.77809e-14
  7780.000  3.76553e-14
  7785.000  3.75995e-14
  7790.000  3.75568e-14
  7795.000  3.76138e-14
  7800.000  3.77696e-14
  7805.000  3.82766e-14
  7810.000  3.86289e-14
  7815.000  3.86953e-14
  7820.000  3.85551e-14
  7825.000  3.81910e-14
  7830.000  3.79033e-14
  7835.000  3.76651e-14
  7840.000  3.77021e-14
  7845.000  3.78405e-14
  7850.000  3.78924e-14
  7855.000  3.79294e-14
  7860.000  3.78097e-14
  7865.000  3.76777e-14
  7870.000  3.74653e-14
  7875.000  3.73338e-14
  7880.000  3.75145e-14
  7885.000  3.75371e-14
  7890.000  3.72226e-14
  7895.000  3.69463e-14
  7900.000  3.67205e-14
  7905.000  3.64902e-14
  7910.000  3.62561e-14
  7915.000  3.60916e-14
  7920.000  3.59656e-14
  7925.000  3.57518e-14
  7930.000  3.55089e-14
  7935.000  3.53821e-14
  7940.000  3.52757e-14
  7945.000  3.59202e-14
  7950.000  3.65855e-14
  7955.000  3.68968e-14
  7960.000  3.71492e-14
  7965.000  3.70458e-14
  7970.000  3.70490e-14
  7975.000  3.74001e-14
  7980.000  3.76705e-14
  7985.000  3.77735e-14
  7990.000  3.76927e-14
  7995.000  3.73510e-14
  8000.000  3.72665e-14
  8005.000  3.74406e-14
  8010.000  3.76465e-14
  8015.000  3.78752e-14
  8020.000  3.78718e-14
  8025.000  3.77510e-14
  8030.000  3.77995e-14
  8035.000  3.79067e-14
  8040.000  3.79635e-14
  8045.000  3.80091e-14
  8050.000  3.80688e-14
  8055.000  3.81300e-14
  8060.000  3.80843e-14
  8065.000  3.80368e-14
  8070.000  3.80465e-14
  8075.000  3.80206e-14
  8080.000  3.76831e-14
  8085.000  3.73988e-14
  8090.000  3.73787e-14
  8095.000  3.73700e-14
  8100.000  3.73997e-14
  8105.000  3.75233e-14
  8110.000  3.78759e-14
  8115.000  3.82543e-14
  8120.000  3.86812e-14
  8125.000  3.89422e-14
  8130.000  3.89591e-14
  8135.000  3.90031e-14
  8140.000  3.90791e-14
  8145.000  3.93197e-14
  8150.000  3.97187e-14
  8155.000  3.99745e-14
  8160.000  4.01171e-14
  8165.000  4.01319e-14
  8170.000  4.00629e-14
  8175.000  3.97361e-14
  8180.000  3.92697e-14
  8185.000  3.89290e-14
  8190.000  3.86448e-14
  8195.000  3.81574e-14
  8200.000  3.75951e-14
  8205.000  3.78284e-14
  8210.000  3.83028e-14
  8215.000  3.88219e-14
  8220.000  3.93515e-14
  8225.000  3.97005e-14
  8230.000  4.00129e-14
  8235.000  3.96483e-14
  8240.000  3.91768e-14
  8245.000  3.90599e-14
  8250.000  3.89866e-14
  8255.000  3.92448e-14
  8260.000  3.95334e-14
  8265.000  3.78869e-14
  8270.000  3.61160e-14
  8275.000  3.56445e-14
  8280.000  3.52284e-14
  8285.000  3.50862e-14
  8290.000  3.49504e-14
  8295.000  3.46061e-14
  8300.000  3.42642e-14
  8305.000  3.44710e-14
  8310.000  3.46739e-14
  8315.000  3.46780e-14
  8320.000  3.46768e-14
  8325.000  3.44827e-14
  8330.000  3.43016e-14
  8335.000  3.45024e-14
  8340.000  3.47078e-14
  8345.000  3.50401e-14
  8350.000  3.53565e-14
  8355.000  3.52788e-14
  8360.000  3.51998e-14
  8365.000  3.50861e-14
  8370.000  3.49713e-14
  8375.000  3.48200e-14
  8380.000  3.46777e-14
  8385.000  3.48409e-14
  8390.000  3.50065e-14
  8395.000  3.53024e-14
  8400.000  3.55952e-14
  8405.000  3.56146e-14
  8410.000  3.56340e-14
  8415.000  3.54199e-14
  8420.000  3.52054e-14
  8425.000  3.49875e-14
  8430.000  3.47698e-14
  8435.000  3.43618e-14
  8440.000  3.39470e-14
  8445.000  3.41894e-14
  8450.000  3.44708e-14
  8455.000  3.44230e-14
  8460.000  3.43471e-14
  8465.000  3.44175e-14
  8470.000  3.45048e-14
  8475.000  3.45313e-14
  8480.000  3.45485e-14
  8485.000  3.40935e-14
  8490.000  3.35476e-14
  8495.000  3.31969e-14
  8500.000  3.28935e-14
  8505.000  3.31297e-14
  8510.000  3.35257e-14
  8515.000  3.35785e-14
  8520.000  3.35064e-14
  8525.000  3.30413e-14
  8530.000  3.24033e-14
  8535.000  3.15140e-14
  8540.000  3.04914e-14
  8545.000  3.08440e-14
  8550.000  3.20822e-14
  8555.000  3.32486e-14
  8560.000  3.43583e-14
  8565.000  3.50164e-14
  8570.000  3.52428e-14
  8575.000  3.54029e-14
  8580.000  3.54848e-14
  8585.000  3.54569e-14
  8590.000  3.52680e-14
  8595.000  3.51679e-14
  8600.000  3.52340e-14
  8605.000  3.53620e-14
  8610.000  3.56427e-14
  8615.000  3.59207e-14
  8620.000  3.61899e-14
  8625.000  3.64127e-14
  8630.000  3.63989e-14
  8635.000  3.63508e-14
  8640.000  3.59841e-14
  8645.000  3.55869e-14
  8650.000  3.40772e-14
  8655.000  3.25693e-14
  8660.000  3.23124e-14
  8665.000  3.21141e-14
  8670.000  3.29752e-14
  8675.000  3.39774e-14
  8680.000  3.46169e-14
  8685.000  3.51683e-14
  8690.000  3.56216e-14
  8695.000  3.60376e-14
  8700.000  3.62461e-14
  8705.000  3.63402e-14
  8710.000  3.64959e-14
  8715.000  3.66999e-14
  8720.000  3.67190e-14
  8725.000  3.65325e-14
  8730.000  3.64119e-14
  8735.000  3.63967e-14
  8740.000  3.63561e-14
  8745.000  3.62539e-14
  8750.000  3.62191e-14
  8755.000  3.64560e-14
  8760.000  3.66695e-14
  8765.000  3.66800e-14
  8770.000  3.66911e-14
  8775.000  3.70296e-14
  8780.000  3.73678e-14
  8785.000  3.73020e-14
  8790.000  3.71919e-14
  8795.000  3.68503e-14
  8800.000  3.64501e-14
  8805.000  3.64924e-14
  8810.000  3.67326e-14
  8815.000  3.69476e-14
  8820.000  3.71444e-14
  8825.000  3.73454e-14
  8830.000  3.75513e-14
  8835.000  3.76504e-14
  8840.000  3.75558e-14
  8845.000  3.73745e-14
  8850.000  3.69162e-14
  8855.000  3.64532e-14
  8860.000  3.59515e-14
  8865.000  3.54504e-14
  8870.000  3.52657e-14
  8875.000  3.50822e-14
  8880.000  3.54385e-14
  8885.000  3.58730e-14
  8890.000  3.62238e-14
  8895.000  3.65459e-14
  8900.000  3.65756e-14
  8905.000  3.64241e-14
  8910.000  3.63577e-14
  8915.000  3.63817e-14
  8920.000  3.64369e-14
  8925.000  3.65495e-14
  8930.000  3.66477e-14
  8935.000  3.66928e-14
  8940.000  3.67402e-14
  8945.000  3.68185e-14
  8950.000  3.68967e-14
  8955.000  3.71529e-14
  8960.000  3.74219e-14
  8965.000  3.72474e-14
  8970.000  3.69525e-14
  8975.000  3.69141e-14
  8980.000  3.70205e-14
  8985.000  3.69636e-14
  8990.000  3.67363e-14
  8995.000  3.66175e-14
  9000.000  3.67119e-14
  9005.000  3.66723e-14
  9010.000  3.60237e-14
  9015.000  3.53928e-14
  9020.000  3.55035e-14
  9025.000  3.56140e-14
  9030.000  3.63355e-14
  9035.000  3.71535e-14
  9040.000  3.76512e-14
  9045.000  3.80114e-14
  9050.000  3.81426e-14
  9055.000  3.80738e-14
  9060.000  3.81619e-14
  9065.000  3.85216e-14
  9070.000  3.86954e-14
  9075.000  3.81056e-14
  9080.000  3.75175e-14
  9085.000  3.69705e-14
  9090.000  3.64241e-14
  9095.000  3.67961e-14
  9100.000  3.73347e-14
  9105.000  3.72813e-14
  9110.000  3.69336e-14
  9115.000  3.69235e-14
  9120.000  3.72687e-14
  9125.000  3.74316e-14
  9130.000  3.71770e-14
  9135.000  3.69418e-14
  9140.000  3.68520e-14
  9145.000  3.67623e-14
  9150.000  3.64750e-14
  9155.000  3.61726e-14
  9160.000  3.58812e-14
  9165.000  3.55941e-14
  9170.000  3.54347e-14
  9175.000  3.53832e-14
  9180.000  3.54314e-14
  9185.000  3.56683e-14
  9190.000  3.58265e-14
  9195.000  3.55240e-14
  9200.000  3.52219e-14
  9205.000  3.44963e-14
  9210.000  3.37463e-14
  9215.000  3.35963e-14
  9220.000  3.36577e-14
  9225.000  3.36564e-14
  9230.000  3.35999e-14
  9235.000  3.35415e-14
  9240.000  3.34791e-14
  9245.000  3.34325e-14
  9250.000  3.35166e-14
  9255.000  3.36007e-14
  9260.000  3.42261e-14
  9265.000  3.49157e-14
  9270.000  3.52013e-14
  9275.000  3.52927e-14
  9280.000  3.51452e-14
  9285.000  3.47119e-14
  9290.000  3.45348e-14
  9295.000  3.52093e-14
  9300.000  3.58805e-14
  9305.000  3.60820e-14
  9310.000  3.62833e-14
  9315.000  3.59664e-14
  9320.000  3.55009e-14
  9325.000  3.54204e-14
  9330.000  3.56596e-14
  9335.000  3.56409e-14
  9340.000  3.50521e-14
  9345.000  3.44852e-14
  9350.000  3.41808e-14
  9355.000  3.38768e-14
  9360.000  3.39452e-14
  9365.000  3.40867e-14
  9370.000  3.42025e-14
  9375.000  3.43009e-14
  9380.000  3.42449e-14
  9385.000  3.39007e-14
  9390.000  3.36027e-14
  9395.000  3.37110e-14
  9400.000  3.38191e-14
  9405.000  3.32940e-14
  9410.000  3.26591e-14
  9415.000  3.28194e-14
  9420.000  3.35105e-14
  9425.000  3.38260e-14
  9430.000  3.34232e-14
  9435.000  3.30705e-14
  9440.000  3.32536e-14
  9445.000  3.34364e-14
  9450.000  3.35290e-14
  9455.000  3.36023e-14
  9460.000  3.37953e-14
  9465.000  3.40815e-14
  9470.000  3.43572e-14
  9475.000  3.46080e-14
  9480.000  3.48459e-14
  9485.000  3.45997e-14
  9490.000  3.43538e-14
  9495.000  3.43678e-14
  9500.000  3.44666e-14
  9505.000  3.46508e-14
  9510.000  3.49279e-14
  9515.000  3.52197e-14
  9520.000  3.55706e-14
  9525.000  3.59211e-14
  9530.000  3.56728e-14
  9535.000  3.53735e-14
  9540.000  3.49400e-14
  9545.000  3.44310e-14
  9550.000  3.42041e-14
  9555.000  3.44925e-14
  9560.000  3.47464e-14
  9565.000  3.45160e-14
  9570.000  3.42859e-14
  9575.000  3.44424e-14
  9580.000  3.47114e-14
  9585.000  3.47824e-14
  9590.000  3.46399e-14
  9595.000  3.46478e-14
  9600.000  3.53179e-14
  9605.000  3.59874e-14
  9610.000  3.54141e-14
  9615.000  3.46814e-14
  9620.000  3.46377e-14
  9625.000  3.50832e-14
  9630.000  3.53186e-14
  9635.000  3.50119e-14
  9640.000  3.47055e-14
  9645.000  3.47597e-14
  9650.000  3.48242e-14
  9655.000  3.48655e-14
  9660.000  3.48949e-14
  9665.000  3.49425e-14
  9670.000  3.50239e-14
  9675.000  3.50977e-14
  9680.000  3.49516e-14
  9685.000  3.48057e-14
  9690.000  3.48248e-14
  9695.000  3.49096e-14
  9700.000  3.49845e-14
  9705.000  3.50441e-14
  9710.000  3.50887e-14
  9715.000  3.49346e-14
  9720.000  3.47807e-14
  9725.000  3.45216e-14
  9730.000  3.42264e-14
  9735.000  3.41314e-14
  9740.000  3.43204e-14
  9745.000  3.44786e-14
  9750.000  3.42895e-14
  9755.000  3.41005e-14
  9760.000  3.41712e-14
  9765.000  3.43300e-14
  9770.000  3.45266e-14
  9775.000  3.47782e-14
  9780.000  3.50285e-14
  9785.000  3.52638e-14
  9790.000  3.54989e-14
  9795.000  3.53513e-14
  9800.000  3.50578e-14
  9805.000  3.49811e-14
  9810.000  3.52627e-14
  9815.000  3.55299e-14
  9820.000  3.53000e-14
  9825.000  3.50703e-14
  9830.000  3.49626e-14
  9835.000  3.49135e-14
  9840.000  3.49488e-14
  9845.000  3.51628e-14
  9850.000  3.53766e-14
  9855.000  3.54258e-14
  9860.000  3.54686e-14
  9865.000  3.52487e-14
  9870.000  3.48561e-14
  9875.000  3.46238e-14
  9880.000  3.49014e-14
  9885.000  3.51788e-14
  9890.000  3.49819e-14
  9895.000  3.47162e-14
  9900.000  3.48133e-14
  9905.000  3.52667e-14
  9910.000  3.56938e-14
  9915.000  3.59510e-14
  9920.000  3.62079e-14
  9925.000  3.57187e-14
  9930.000  3.49909e-14
  9935.000  2.90211e-14
  9940.000  1.45033e-14
  9945.000  0.00000e+00
  9950.000  0.00000e+00
  9955.000  0.00000e+00
  9960.000  0.00000e+00
  9965.000  0.00000e+00
  9970.000  0.00000e+00
  9975.000  0.00000e+00
  9980.000  0.00000e+00
  9985.000  0.00000e+00
  9990.000  0.00000e+00
  9995.000  0.00000e+00
