# kc96/sb  |  Kinney et al. 1996, ApJ 467, 38 (starb: Calzetti et al. 1994)
# columns: wavelength_Angstrom  flam_erg_s_cm2_A (absolute scale arbitrary - ETC renormalizes)
  1235.000  1.84115e-14
  1240.000  1.44759e-14
  1245.000  1.20651e-14
  1250.000  7.71414e-15
  1255.000  1.60945e-14
  1260.000  1.07346e-14
  1265.000  1.17381e-14
  1270.000  7.58519e-15
  1275.000  1.76951e-14
  1280.000  9.44541e-15
  1285.000  1.33981e-14
  1290.000  7.50596e-15
  1295.000  6.39128e-15
  1300.000  7.28019e-15
  1305.000  8.00866e-15
  1310.000  4.52644e-15
  1315.000  7.12824e-15
  1320.000  3.60138e-15
  1325.000  6.57896e-15
  1330.000  3.06919e-15
  1335.000  6.39614e-15
  1340.000  1.27411e-14
  1345.000  6.39698e-15
  1350.000  7.84791e-15
  1355.000  1.02328e-14
  1360.000  8.50229e-15
  1365.000  9.04137e-15
  1370.000  7.75369e-15
  1375.000  1.03518e-14
  1380.000  1.52828e-14
  1385.000  6.02037e-15
  1390.000  5.65748e-15
  1395.000  3.25637e-15
  1400.000  5.89904e-15
  1405.000  8.05155e-15
  1410.000  9.46574e-15
  1415.000  1.49472e-15
  1420.000  5.37886e-15
  1425.000  7.21081e-15
  1430.000  5.41619e-15
  1435.000  1.04251e-14
  1440.000  1.05315e-14
  1445.000  1.57327e-14
  1450.000  1.14103e-14
  1455.000  5.94158e-15
  1460.000  1.02998e-14
  1465.000  4.08918e-15
  1470.000  1.29466e-14
  1475.000  1.83563e-14
  1480.000  1.57099e-14
  1485.000  1.28493e-14
  1490.000  1.48509e-14
  1495.000  1.43097e-14
  1500.000  7.03075e-15
  1505.000  1.20408e-14
  1510.000  5.92761e-15
  1515.000  2.02415e-15
  1520.000  1.15150e-14
  1525.000  1.27426e-14
  1530.000  9.29437e-15
  1535.000  1.14408e-14
  1540.000  9.67448e-15
  1545.000  9.46378e-15
  1550.000  7.99669e-15
  1555.000  8.28666e-15
  1560.000  2.10866e-15
  1565.000  7.84958e-15
  1570.000  1.19525e-14
  1575.000  6.23511e-15
  1580.000  8.64903e-15
  1585.000  1.18605e-14
  1590.000  4.99150e-15
  1595.000  3.26333e-15
  1600.000  1.29239e-14
  1605.000  6.43215e-15
  1610.000  5.21604e-15
  1615.000  1.02313e-14
  1620.000  2.15915e-15
  1625.000  2.87566e-15
  1630.000  6.98633e-15
  1635.000  2.07143e-15
  1640.000  4.06821e-15
  1645.000  2.72692e-15
  1650.000  3.89226e-15
  1655.000  7.24040e-15
  1660.000  1.09743e-14
  1665.000  1.01851e-14
  1670.000  6.14833e-15
  1675.000  2.17373e-15
  1680.000  7.49833e-15
  1685.000  2.61980e-15
  1690.000  5.72279e-15
  1695.000  8.99987e-15
  1700.000  6.26341e-15
  1705.000  6.32360e-15
  1710.000  5.72100e-15
  1715.000  7.06515e-15
  1720.000  1.32549e-14
  1725.000  1.10493e-14
  1730.000  1.05474e-14
  1735.000  9.68394e-15
  1740.000  1.05506e-14
  1745.000  8.47363e-15
  1750.000  1.01527e-14
  1755.000  9.58561e-15
  1760.000  7.15574e-15
  1765.000  5.62685e-15
  1770.000  5.50657e-15
  1775.000  6.10987e-15
  1780.000  9.40587e-15
  1785.000  4.96600e-15
  1790.000  2.83843e-15
  1795.000  6.22377e-15
  1800.000  6.02871e-15
  1805.000  8.24538e-15
  1810.000  7.14958e-15
  1815.000  6.71453e-15
  1820.000  7.35382e-15
  1825.000  7.91913e-15
  1830.000  9.53235e-15
  1835.000  7.18596e-15
  1840.000  5.79443e-15
  1845.000  7.07693e-15
  1850.000  5.78000e-15
  1855.000  3.47035e-15
  1860.000  9.23136e-15
  1865.000  7.70818e-15
  1870.000  9.56516e-15
  1875.000  8.70633e-15
  1880.000  7.23587e-15
  1885.000  7.84731e-15
  1890.000  8.88736e-15
  1895.000  6.67593e-15
  1900.000  6.29152e-15
  1905.000  7.14220e-15
  1910.000  6.45675e-15
  1915.000  5.30689e-15
  1920.000  4.13052e-15
  1925.000  3.26657e-15
  1930.000  5.22543e-15
  1935.000  8.81477e-15
  1940.000  1.09772e-14
  1945.000  9.46952e-15
  1950.000  6.42989e-15
  1955.000  5.14225e-15
  1960.000  6.30152e-15
  1965.000  3.91976e-15
  1970.000  4.48018e-15
  1975.000  3.78601e-15
  1980.000  2.33662e-15
  1985.000  2.73398e-15
  1990.000  7.80317e-15
  1995.000  8.66225e-15
  2000.000  2.97104e-15
  2005.000  4.46091e-15
  2010.000  1.01253e-14
  2015.000  7.44347e-15
  2020.000  6.44797e-15
  2025.000  1.44464e-15
  2030.000  9.42796e-15
  2035.000  7.09554e-15
  2040.000  2.03014e-14
  2045.000  5.13856e-15
  2050.000  9.00879e-15
  2055.000  7.97003e-15
  2060.000  1.21024e-14
  2065.000  8.18008e-15
  2070.000  1.27272e-14
  2075.000  1.69177e-14
  2080.000  7.76329e-15
  2085.000  6.28599e-15
  2090.000  5.13374e-15
  2095.000  7.27573e-15
  2100.000  6.82476e-15
  2105.000  1.36272e-14
  2110.000  4.37123e-15
  2115.000  7.65656e-15
  2120.000  3.95591e-15
  2125.000  6.29037e-15
  2130.000  5.47987e-15
  2135.000  5.01836e-15
  2140.000  1.91093e-14
  2145.000  5.58939e-15
  2150.000  9.16802e-15
  2155.000  9.89877e-15
  2160.000  9.51280e-15
  2165.000  2.43406e-15
  2170.000  4.42185e-15
  2175.000  9.58427e-15
  2180.000  5.94402e-15
  2185.000  6.15754e-15
  2190.000  4.81644e-15
  2195.000  7.89358e-15
  2200.000  8.80937e-15
  2205.000  1.31490e-15
  2210.000  4.44649e-15
  2215.000  1.54997e-15
  2220.000  7.95032e-15
  2225.000  5.18375e-15
  2230.000  6.87171e-15
  2235.000  9.75316e-15
  2240.000  1.20547e-14
  2245.000  9.11106e-15
  2250.000  1.26691e-14
  2255.000  8.89949e-15
  2260.000  5.23587e-15
  2265.000  7.79870e-15
  2270.000  1.05830e-14
  2275.000  1.03689e-14
  2280.000  1.05754e-15
  2285.000  5.64682e-15
  2290.000  6.34556e-15
  2295.000  5.58302e-15
  2300.000  3.35557e-15
  2305.000  6.35648e-15
  2310.000  8.00316e-15
  2315.000  5.89718e-15
  2320.000  4.99793e-15
  2325.000  3.69298e-15
  2330.000  8.87972e-15
  2335.000  5.21033e-15
  2340.000  3.66242e-15
  2345.000  7.64742e-15
  2350.000  2.58041e-15
  2355.000  6.21123e-15
  2360.000  7.44516e-15
  2365.000  7.21949e-15
  2370.000  7.35616e-15
  2375.000  7.66514e-15
  2380.000  2.66966e-15
  2385.000  4.59384e-15
  2390.000  7.44845e-15
  2395.000  8.47006e-15
  2400.000  8.54792e-15
  2405.000  7.28548e-15
  2410.000  5.47081e-15
  2415.000  3.40251e-15
  2420.000  4.93916e-15
  2425.000  7.13043e-15
  2430.000  6.57709e-15
  2435.000  5.91612e-15
  2440.000  6.87150e-15
  2445.000  5.50908e-15
  2450.000  6.50719e-15
  2455.000  7.22991e-15
  2460.000  5.03604e-15
  2465.000  6.07487e-15
  2470.000  6.54101e-15
  2475.000  6.93543e-15
  2480.000  6.93186e-15
  2485.000  6.82045e-15
  2490.000  5.28264e-15
  2495.000  5.21946e-15
  2500.000  6.07216e-15
  2505.000  2.09287e-15
  2510.000  5.68638e-15
  2515.000  5.10837e-15
  2520.000  4.20587e-15
  2525.000  4.65816e-15
  2530.000  5.48771e-15
  2535.000  6.36027e-15
  2540.000  5.63301e-15
  2545.000  5.83729e-15
  2550.000  4.06596e-15
  2555.000  4.88520e-15
  2560.000  5.87940e-15
  2565.000  5.48225e-15
  2570.000  5.91738e-15
  2575.000  5.75278e-15
  2580.000  5.14515e-15
  2585.000  5.95932e-15
  2590.000  6.24736e-15
  2595.000  5.55896e-15
  2600.000  5.74408e-15
  2605.000  6.69153e-15
  2610.000  5.63634e-15
  2615.000  5.96654e-15
  2620.000  7.04437e-15
  2625.000  7.07482e-15
  2630.000  6.53962e-15
  2635.000  7.07853e-15
  2640.000  7.10089e-15
  2645.000  8.01129e-15
  2650.000  7.85537e-15
  2655.000  8.39889e-15
  2660.000  7.88088e-15
  2665.000  7.23486e-15
  2670.000  8.68106e-15
  2675.000  7.54913e-15
  2680.000  6.90364e-15
  2685.000  8.68846e-15
  2690.000  8.84851e-15
  2695.000  7.51840e-15
  2700.000  7.13135e-15
  2705.000  7.56208e-15
  2710.000  8.16607e-15
  2715.000  8.68563e-15
  2720.000  7.68330e-15
  2725.000  7.59447e-15
  2730.000  7.73192e-15
  2735.000  7.06944e-15
  2740.000  6.51509e-15
  2745.000  7.00888e-15
  2750.000  7.22718e-15
  2755.000  6.79029e-15
  2760.000  6.83152e-15
  2765.000  6.56610e-15
  2770.000  7.13812e-15
  2775.000  6.41393e-15
  2780.000  6.02286e-15
  2785.000  5.39099e-15
  2790.000  5.09462e-15
  2795.000  3.84773e-15
  2800.000  4.96295e-15
  2805.000  5.24863e-15
  2810.000  6.18588e-15
  2815.000  6.91954e-15
  2820.000  8.09953e-15
  2825.000  8.58623e-15
  2830.000  8.82667e-15
  2835.000  9.82332e-15
  2840.000  9.28054e-15
  2845.000  8.08589e-15
  2850.000  8.86683e-15
  2855.000  8.32914e-15
  2860.000  8.54900e-15
  2865.000  9.64498e-15
  2870.000  1.04432e-14
  2875.000  1.02783e-14
  2880.000  1.02451e-14
  2885.000  9.63869e-15
  2890.000  1.03189e-14
  2895.000  1.18190e-14
  2900.000  1.23773e-14
  2905.000  1.14415e-14
  2910.000  1.16758e-14
  2915.000  1.18507e-14
  2920.000  1.08749e-14
  2925.000  1.00615e-14
  2930.000  1.02631e-14
  2935.000  1.11710e-14
  2940.000  1.09501e-14
  2945.000  1.07745e-14
  2950.000  1.08302e-14
  2955.000  1.14952e-14
  2960.000  1.22043e-14
  2965.000  1.27329e-14
  2970.000  1.23737e-14
  2975.000  1.21781e-14
  2980.000  1.30572e-14
  2985.000  1.28081e-14
  2990.000  1.17632e-14
  2995.000  1.13772e-14
  3000.000  1.09262e-14
  3005.000  1.11692e-14
  3010.000  1.08334e-14
  3015.000  1.07982e-14
  3020.000  1.13625e-14
  3025.000  1.30282e-14
  3030.000  1.33699e-14
  3035.000  1.42913e-14
  3040.000  1.47146e-14
  3045.000  1.46394e-14
  3050.000  1.40394e-14
  3055.000  1.27081e-14
  3060.000  1.29020e-14
  3065.000  1.36558e-14
  3070.000  1.18802e-14
  3075.000  1.15857e-14
  3080.000  1.34841e-14
  3085.000  1.23906e-14
  3090.000  1.32718e-14
  3095.000  1.52394e-14
  3100.000  1.34675e-14
  3105.000  1.39087e-14
  3110.000  1.68151e-14
  3115.000  1.51876e-14
  3120.000  1.12036e-14
  3125.000  1.42936e-14
  3130.000  1.60866e-14
  3135.000  1.70617e-14
  3140.000  2.21826e-14
  3145.000  2.12942e-14
  3150.000  2.04629e-14
  3155.000  1.66549e-14
  3160.000  1.82702e-14
  3165.000  2.25954e-14
  3170.000  1.82293e-14
  3175.000  1.51490e-14
  3180.000  1.67575e-14
  3185.000  1.50362e-14
  3190.000  1.61688e-14
  3195.000  1.90312e-14
  3200.000  1.96142e-14
  3205.000  1.15067e-14
  3210.000  1.07105e-14
  3215.000  1.52526e-14
  3220.000  1.61945e-14
  3225.000  1.44986e-14
  3230.000  1.27323e-14
  3235.000  1.06966e-14
  3240.000  1.21029e-14
  3245.000  1.27498e-14
  3250.000  1.59515e-14
  3255.000  1.54434e-14
  3260.000  1.40324e-14
  3265.000  9.40304e-15
  3270.000  1.14118e-14
  3275.000  1.31354e-14
  3280.000  1.45849e-14
  3285.000  1.27903e-14
  3290.000  1.32390e-14
  3295.000  1.48616e-14
  3300.000  1.35279e-14
  3305.000  1.47926e-14
  3310.000  1.43765e-14
  3315.000  1.44428e-14
  3320.000  1.35910e-14
  3325.000  1.18337e-14
  3330.000  1.28843e-14
  3335.000  1.31774e-14
  3340.000  1.36498e-14
  3345.000  1.39633e-14
  3350.000  1.34121e-14
  3355.000  1.33582e-14
  3360.000  1.27083e-14
  3365.000  1.29736e-14
  3370.000  1.25362e-14
  3375.000  1.33478e-14
  3380.000  1.27603e-14
  3385.000  1.45576e-14
  3390.000  1.29270e-14
  3395.000  1.29618e-14
  3400.000  1.33363e-14
  3405.000  1.17737e-14
  3410.000  1.18365e-14
  3415.000  1.23889e-14
  3420.000  1.31476e-14
  3425.000  1.34471e-14
  3430.000  1.34721e-14
  3435.000  1.24132e-14
  3440.000  1.19438e-14
  3445.000  1.24981e-14
  3450.000  1.28504e-14
  3455.000  1.31387e-14
  3460.000  1.28221e-14
  3465.000  1.30556e-14
  3470.000  1.38625e-14
  3475.000  1.35930e-14
  3480.000  1.38404e-14
  3485.000  1.22517e-14
  3490.000  1.26043e-14
  3495.000  1.31895e-14
  3500.000  1.29619e-14
  3505.000  1.51622e-14
  3510.000  1.52700e-14
  3515.000  1.42797e-14
  3520.000  1.36374e-14
  3525.000  1.24281e-14
  3530.000  1.21373e-14
  3535.000  1.29421e-14
  3540.000  1.42925e-14
  3545.000  1.41420e-14
  3550.000  1.34456e-14
  3555.000  1.30467e-14
  3560.000  1.37522e-14
  3565.000  1.30748e-14
  3570.000  1.25253e-14
  3575.000  1.19598e-14
  3580.000  1.20207e-14
  3585.000  1.06937e-14
  3590.000  1.25675e-14
  3595.000  1.39103e-14
  3600.000  1.62910e-14
  3605.000  1.51744e-14
  3610.000  1.34929e-14
  3615.000  1.29485e-14
  3620.000  1.43712e-14
  3625.000  1.49407e-14
  3630.000  1.60214e-14
  3635.000  1.62499e-14
  3640.000  1.62361e-14
  3645.000  1.43931e-14
  3650.000  1.36101e-14
  3655.000  1.51153e-14
  3660.000  1.68943e-14
  3665.000  1.73908e-14
  3670.000  1.67466e-14
  3675.000  1.58673e-14
  3680.000  1.56192e-14
  3685.000  1.54649e-14
  3690.000  1.54939e-14
  3695.000  1.58047e-14
  3700.000  1.70868e-14
  3705.000  1.54992e-14
  3710.000  1.46434e-14
  3715.000  1.54604e-14
  3720.000  1.71797e-14
  3725.000  1.75921e-14
  3730.000  2.06098e-14
  3735.000  1.70665e-14
  3740.000  1.48371e-14
  3745.000  1.36979e-14
  3750.000  1.33569e-14
  3755.000  1.39748e-14
  3760.000  1.49242e-14
  3765.000  1.43863e-14
  3770.000  1.53004e-14
  3775.000  1.67617e-14
  3780.000  1.75938e-14
  3785.000  1.74631e-14
  3790.000  1.66638e-14
  3795.000  1.51447e-14
  3800.000  1.46612e-14
  3805.000  1.59883e-14
  3810.000  1.75534e-14
  3815.000  1.73896e-14
  3820.000  1.65897e-14
  3825.000  1.47644e-14
  3830.000  1.38870e-14
  3835.000  1.21277e-14
  3840.000  1.25655e-14
  3845.000  1.45286e-14
  3850.000  1.57603e-14
  3855.000  1.63544e-14
  3860.000  1.70848e-14
  3865.000  1.72147e-14
  3870.000  1.75190e-14
  3875.000  1.62344e-14
  3880.000  1.58964e-14
  3885.000  1.45040e-14
  3890.000  1.46821e-14
  3895.000  1.59642e-14
  3900.000  1.70845e-14
  3905.000  1.81550e-14
  3910.000  1.94632e-14
  3915.000  1.99786e-14
  3920.000  1.85872e-14
  3925.000  1.61091e-14
  3930.000  1.36516e-14
  3935.000  1.21711e-14
  3940.000  1.29742e-14
  3945.000  1.63204e-14
  3950.000  1.87192e-14
  3955.000  1.94350e-14
  3960.000  1.75551e-14
  3965.000  1.47907e-14
  3970.000  1.21543e-14
  3975.000  1.47927e-14
  3980.000  1.85510e-14
  3985.000  2.08980e-14
  3990.000  2.31255e-14
  3995.000  2.46294e-14
  4000.000  2.52154e-14
  4005.000  2.48022e-14
  4010.000  2.48164e-14
  4015.000  2.59489e-14
  4020.000  2.69662e-14
  4025.000  2.74661e-14
  4030.000  2.67527e-14
  4035.000  2.57671e-14
  4040.000  2.61069e-14
  4045.000  2.61225e-14
  4050.000  2.56408e-14
  4055.000  2.57266e-14
  4060.000  2.49239e-14
  4065.000  2.54169e-14
  4070.000  2.52429e-14
  4075.000  2.50865e-14
  4080.000  2.53847e-14
  4085.000  2.69702e-14
  4090.000  2.63361e-14
  4095.000  2.44188e-14
  4100.000  2.33916e-14
  4105.000  2.25264e-14
  4110.000  2.40111e-14
  4115.000  2.48304e-14
  4120.000  2.51072e-14
  4125.000  2.58177e-14
  4130.000  2.64091e-14
  4135.000  2.69465e-14
  4140.000  2.62470e-14
  4145.000  2.52625e-14
  4150.000  2.57303e-14
  4155.000  2.49743e-14
  4160.000  2.66719e-14
  4165.000  2.69350e-14
  4170.000  2.63964e-14
  4175.000  2.56161e-14
  4180.000  2.60554e-14
  4185.000  2.66553e-14
  4190.000  2.73693e-14
  4195.000  2.75780e-14
  4200.000  2.59989e-14
  4205.000  2.63710e-14
  4210.000  2.72197e-14
  4215.000  2.78663e-14
  4220.000  2.77684e-14
  4225.000  2.69457e-14
  4230.000  2.64831e-14
  4235.000  2.69357e-14
  4240.000  2.70889e-14
  4245.000  2.75663e-14
  4250.000  2.74547e-14
  4255.000  2.61683e-14
  4260.000  2.68564e-14
  4265.000  2.87168e-14
  4270.000  2.82623e-14
  4275.000  2.67312e-14
  4280.000  2.71539e-14
  4285.000  2.71641e-14
  4290.000  2.63052e-14
  4295.000  2.56215e-14
  4300.000  2.35075e-14
  4305.000  2.21835e-14
  4310.000  2.26782e-14
  4315.000  2.51080e-14
  4320.000  2.73722e-14
  4325.000  2.79791e-14
  4330.000  2.75495e-14
  4335.000  2.70287e-14
  4340.000  2.63793e-14
  4345.000  2.64235e-14
  4350.000  2.75006e-14
  4355.000  2.85469e-14
  4360.000  2.93617e-14
  4365.000  3.01240e-14
  4370.000  2.99256e-14
  4375.000  2.87531e-14
  4380.000  2.71993e-14
  4385.000  2.50219e-14
  4390.000  2.50059e-14
  4395.000  2.66155e-14
  4400.000  2.79463e-14
  4405.000  2.77754e-14
  4410.000  2.79496e-14
  4415.000  2.90905e-14
  4420.000  2.95342e-14
  4425.000  2.97172e-14
  4430.000  2.95377e-14
  4435.000  2.94015e-14
  4440.000  2.92006e-14
  4445.000  2.94515e-14
  4450.000  2.98776e-14
  4455.000  2.96061e-14
  4460.000  2.90844e-14
  4465.000  2.92993e-14
  4470.000  3.01592e-14
  4475.000  3.16623e-14
  4480.000  3.23086e-14
  4485.000  3.32689e-14
  4490.000  3.21581e-14
  4495.000  3.09056e-14
  4500.000  3.16256e-14
  4505.000  3.40502e-14
  4510.000  3.48929e-14
  4515.000  3.44195e-14
  4520.000  3.32285e-14
  4525.000  3.14754e-14
  4530.000  3.01898e-14
  4535.000  3.01815e-14
  4540.000  3.07709e-14
  4545.000  3.25911e-14
  4550.000  3.25746e-14
  4555.000  3.14741e-14
  4560.000  3.30787e-14
  4565.000  3.31507e-14
  4570.000  3.35161e-14
  4575.000  3.37435e-14
  4580.000  3.35691e-14
  4585.000  3.35990e-14
  4590.000  3.42936e-14
  4595.000  3.50968e-14
  4600.000  3.49202e-14
  4605.000  3.43233e-14
  4610.000  3.38835e-14
  4615.000  3.49365e-14
  4620.000  3.59454e-14
  4625.000  3.59879e-14
  4630.000  3.57468e-14
  4635.000  3.50553e-14
  4640.000  3.40626e-14
  4645.000  3.35738e-14
  4650.000  3.38530e-14
  4655.000  3.47340e-14
  4660.000  3.62833e-14
  4665.000  3.49182e-14
  4670.000  3.44394e-14
  4675.000  3.40153e-14
  4680.000  3.35399e-14
  4685.000  3.32117e-14
  4690.000  3.33902e-14
  4695.000  3.39517e-14
  4700.000  3.36507e-14
  4705.000  3.34936e-14
  4710.000  3.33757e-14
  4715.000  3.42618e-14
  4720.000  3.53578e-14
  4725.000  3.53725e-14
  4730.000  3.49709e-14
  4735.000  3.50540e-14
  4740.000  3.51352e-14
  4745.000  3.45703e-14
  4750.000  3.60794e-14
  4755.000  3.47823e-14
  4760.000  3.38888e-14
  4765.000  3.36667e-14
  4770.000  3.42246e-14
  4775.000  3.49755e-14
  4780.000  3.50954e-14
  4785.000  3.49846e-14
  4790.000  3.54724e-14
  4795.000  3.57864e-14
  4800.000  3.61297e-14
  4805.000  3.61829e-14
  4810.000  3.61815e-14
  4815.000  3.63943e-14
  4820.000  3.65723e-14
  4825.000  3.58099e-14
  4830.000  3.51352e-14
  4835.000  3.49806e-14
  4840.000  3.52513e-14
  4845.000  3.53752e-14
  4850.000  3.51627e-14
  4855.000  3.44345e-14
  4860.000  3.25265e-14
  4865.000  3.28182e-14
  4870.000  3.12906e-14
  4875.000  3.11402e-14
  4880.000  3.14577e-14
  4885.000  3.15438e-14
  4890.000  3.17250e-14
  4895.000  3.29848e-14
  4900.000  3.51003e-14
  4905.000  3.58334e-14
  4910.000  3.56525e-14
  4915.000  3.55178e-14
  4920.000  3.49733e-14
  4925.000  3.34773e-14
  4930.000  3.40190e-14
  4935.000  3.37035e-14
  4940.000  3.41278e-14
  4945.000  3.49008e-14
  4950.000  3.57533e-14
  4955.000  3.59684e-14
  4960.000  3.44810e-14
  4965.000  3.40318e-14
  4970.000  3.40455e-14
  4975.000  3.39669e-14
  4980.000  3.31463e-14
  4985.000  3.23874e-14
  4990.000  3.32650e-14
  4995.000  3.37347e-14
  5000.000  3.40204e-14
  5005.000  3.41177e-14
  5010.000  3.39536e-14
  5015.000  3.34581e-14
  5020.000  3.27946e-14
  5025.000  3.32852e-14
  5030.000  3.43523e-14
  5035.000  3.42630e-14
  5040.000  3.37617e-14
  5045.000  3.36847e-14
  5050.000  3.43326e-14
  5055.000  3.40176e-14
  5060.000  3.48212e-14
  5065.000  3.56292e-14
  5070.000  3.56919e-14
  5075.000  3.46891e-14
  5080.000  3.29351e-14
  5085.000  3.40751e-14
  5090.000  3.45184e-14
  5095.000  3.46341e-14
  5100.000  3.44185e-14
  5105.000  3.40373e-14
  5110.000  3.48685e-14
  5115.000  3.52132e-14
  5120.000  3.52090e-14
  5125.000  3.43320e-14
  5130.000  3.33487e-14
  5135.000  3.45434e-14
  5140.000  3.35476e-14
  5145.000  3.37154e-14
  5150.000  3.39595e-14
  5155.000  3.37477e-14
  5160.000  3.30287e-14
  5165.000  3.28088e-14
  5170.000  2.98392e-14
  5175.000  2.91667e-14
  5180.000  3.02367e-14
  5185.000  3.11616e-14
  5190.000  3.15366e-14
  5195.000  3.30250e-14
  5200.000  3.44532e-14
  5205.000  3.49639e-14
  5210.000  3.42531e-14
  5215.000  3.35116e-14
  5220.000  3.42807e-14
  5225.000  3.37042e-14
  5230.000  3.35555e-14
  5235.000  3.50724e-14
  5240.000  3.57258e-14
  5245.000  3.61633e-14
  5250.000  3.56267e-14
  5255.000  3.49949e-14
  5260.000  3.48251e-14
  5265.000  3.28953e-14
  5270.000  3.12514e-14
  5275.000  3.24804e-14
  5280.000  3.48930e-14
  5285.000  3.59665e-14
  5290.000  3.71229e-14
  5295.000  3.69400e-14
  5300.000  3.66291e-14
  5305.000  3.68175e-14
  5310.000  3.79156e-14
  5315.000  3.70996e-14
  5320.000  3.68595e-14
  5325.000  3.62869e-14
  5330.000  3.53041e-14
  5335.000  3.55362e-14
  5340.000  3.55912e-14
  5345.000  3.57950e-14
  5350.000  3.64278e-14
  5355.000  3.76316e-14
  5360.000  3.78676e-14
  5365.000  3.72262e-14
  5370.000  3.64891e-14
  5375.000  3.60419e-14
  5380.000  3.60812e-14
  5385.000  3.74904e-14
  5390.000  3.72498e-14
  5395.000  3.64639e-14
  5400.000  3.66728e-14
  5405.000  3.67564e-14
  5410.000  3.69795e-14
  5415.000  3.70575e-14
  5420.000  3.69613e-14
  5425.000  3.71615e-14
  5430.000  3.73059e-14
  5435.000  3.68518e-14
  5440.000  3.66087e-14
  5445.000  3.83195e-14
  5450.000  3.80711e-14
  5455.000  3.77571e-14
  5460.000  3.74598e-14
  5465.000  3.71633e-14
  5470.000  3.68868e-14
  5475.000  3.67053e-14
  5480.000  3.62795e-14
  5485.000  3.55692e-14
  5490.000  3.58758e-14
  5495.000  3.69664e-14
  5500.000  3.74646e-14
  5505.000  3.70451e-14
  5510.000  3.65633e-14
  5515.000  3.65977e-14
  5520.000  3.67438e-14
  5525.000  3.66253e-14
  5530.000  3.53500e-14
  5535.000  3.60350e-14
  5540.000  3.72757e-14
  5545.000  3.82812e-14
  5550.000  3.76441e-14
  5555.000  3.70699e-14
  5560.000  3.66249e-14
  5565.000  3.65980e-14
  5570.000  3.76795e-14
  5575.000  3.75582e-14
  5580.000  3.68052e-14
  5585.000  3.58487e-14
  5590.000  3.55391e-14
  5595.000  3.55850e-14
  5600.000  3.56685e-14
  5605.000  3.60006e-14
  5610.000  3.73564e-14
  5615.000  3.83154e-14
  5620.000  3.86507e-14
  5625.000  3.83054e-14
  5630.000  3.71962e-14
  5635.000  3.72870e-14
  5640.000  3.70931e-14
  5645.000  3.64304e-14
  5650.000  3.68783e-14
  5655.000  3.68854e-14
  5660.000  3.64192e-14
  5665.000  3.56059e-14
  5670.000  3.70571e-14
  5675.000  3.74318e-14
  5680.000  3.76947e-14
  5685.000  3.86419e-14
  5690.000  3.93081e-14
  5695.000  3.90528e-14
  5700.000  3.81687e-14
  5705.000  3.71039e-14
  5710.000  3.65713e-14
  5715.000  3.70855e-14
  5720.000  3.84470e-14
  5725.000  3.94939e-14
  5730.000  3.98628e-14
  5735.000  4.01474e-14
  5740.000  4.05123e-14
  5745.000  3.87860e-14
  5750.000  3.86755e-14
  5755.000  3.89393e-14
  5760.000  3.80325e-14
  5765.000  3.82256e-14
  5770.000  3.89162e-14
  5775.000  3.97857e-14
  5780.000  3.96314e-14
  5785.000  3.92069e-14
  5790.000  3.88820e-14
  5795.000  3.88718e-14
  5800.000  3.96267e-14
  5805.000  3.92020e-14
  5810.000  3.82219e-14
  5815.000  3.82192e-14
  5820.000  3.83727e-14
  5825.000  3.89788e-14
  5830.000  4.01525e-14
  5835.000  4.09379e-14
  5840.000  4.02378e-14
  5845.000  3.91593e-14
  5850.000  3.97927e-14
  5855.000  4.01918e-14
  5860.000  4.03307e-14
  5865.000  4.01853e-14
  5870.000  4.00658e-14
  5875.000  3.98084e-14
  5880.000  3.94544e-14
  5885.000  3.90587e-14
  5890.000  3.56162e-14
  5895.000  3.29263e-14
  5900.000  3.25976e-14
  5905.000  3.53366e-14
  5910.000  3.66388e-14
  5915.000  3.67890e-14
  5920.000  3.70108e-14
  5925.000  3.63349e-14
  5930.000  3.59496e-14
  5935.000  3.69325e-14
  5940.000  3.80037e-14
  5945.000  3.84256e-14
  5950.000  3.80886e-14
  5955.000  3.74717e-14
  5960.000  3.80471e-14
  5965.000  3.90112e-14
  5970.000  3.85209e-14
  5975.000  3.79344e-14
  5980.000  3.70070e-14
  5985.000  3.54514e-14
  5990.000  3.66334e-14
  5995.000  3.70722e-14
  6000.000  3.63357e-14
  6005.000  3.68623e-14
  6010.000  3.61412e-14
  6015.000  3.49441e-14
  6020.000  3.59341e-14
  6025.000  3.66112e-14
  6030.000  3.68602e-14
  6035.000  3.62835e-14
  6040.000  3.68338e-14
  6045.000  3.74405e-14
  6050.000  3.77359e-14
  6055.000  3.87505e-14
  6060.000  3.89179e-14
  6065.000  3.80940e-14
  6070.000  3.71360e-14
  6075.000  3.69829e-14
  6080.000  3.72470e-14
  6085.000  3.61419e-14
  6090.000  3.70357e-14
  6095.000  3.81759e-14
  6100.000  3.62318e-14
  6105.000  3.68227e-14
  6110.000  3.80342e-14
  6115.000  3.85727e-14
  6120.000  3.85035e-14
  6125.000  3.81601e-14
  6130.000  3.75621e-14
  6135.000  3.68350e-14
  6140.000  3.66285e-14
  6145.000  3.71846e-14
  6150.000  3.62302e-14
  6155.000  3.56741e-14
  6160.000  3.56716e-14
  6165.000  3.46601e-14
  6170.000  3.36524e-14
  6175.000  3.27962e-14
  6180.000  3.52580e-14
  6185.000  3.64349e-14
  6190.000  3.66533e-14
  6195.000  3.73514e-14
  6200.000  3.76623e-14
  6205.000  3.75222e-14
  6210.000  3.58756e-14
  6215.000  3.53297e-14
  6220.000  3.54174e-14
  6225.000  3.53466e-14
  6230.000  3.52947e-14
  6235.000  3.52404e-14
  6240.000  3.51160e-14
  6245.000  3.51121e-14
  6250.000  3.53128e-14
  6255.000  3.62401e-14
  6260.000  3.66556e-14
  6265.000  3.68776e-14
  6270.000  3.74089e-14
  6275.000  3.79293e-14
  6280.000  3.83143e-14
  6285.000  3.80347e-14
  6290.000  3.84205e-14
  6295.000  3.90214e-14
  6300.000  3.89002e-14
  6305.000  3.85733e-14
  6310.000  3.81387e-14
  6315.000  3.77410e-14
  6320.000  3.78953e-14
  6325.000  3.83524e-14
  6330.000  3.85326e-14
  6335.000  3.81789e-14
  6340.000  3.75275e-14
  6345.000  3.77348e-14
  6350.000  3.79363e-14
  6355.000  3.81293e-14
  6360.000  3.82145e-14
  6365.000  3.83718e-14
  6370.000  3.85979e-14
  6375.000  3.93635e-14
  6380.000  3.98615e-14
  6385.000  4.00380e-14
  6390.000  3.94306e-14
  6395.000  3.91113e-14
  6400.000  3.93051e-14
  6405.000  3.91732e-14
  6410.000  3.89460e-14
  6415.000  3.86268e-14
  6420.000  3.87251e-14
  6425.000  3.88045e-14
  6430.000  3.85398e-14
  6435.000  3.88243e-14
  6440.000  3.92471e-14
  6445.000  3.93541e-14
  6450.000  3.91507e-14
  6455.000  3.88706e-14
  6460.000  3.95331e-14
  6465.000  3.93099e-14
  6470.000  3.83575e-14
  6475.000  3.90473e-14
  6480.000  3.92769e-14
  6485.000  3.89406e-14
  6490.000  3.82583e-14
  6495.000  3.77292e-14
  6500.000  3.75702e-14
  6505.000  3.81200e-14
  6510.000  3.87577e-14
  6515.000  3.90434e-14
  6520.000  3.91588e-14
  6525.000  3.92215e-14
  6530.000  3.95495e-14
  6535.000  3.99781e-14
  6540.000  4.04910e-14
  6545.000  4.07586e-14
  6550.000  4.07966e-14
  6555.000  4.05129e-14
  6560.000  4.32681e-14
  6565.000  4.49144e-14
  6570.000  4.20313e-14
  6575.000  4.13259e-14
  6580.000  4.17699e-14
  6585.000  4.36967e-14
  6590.000  4.23731e-14
  6595.000  3.83512e-14
  6600.000  3.78976e-14
  6605.000  3.79050e-14
  6610.000  3.84515e-14
  6615.000  3.89252e-14
  6620.000  3.90707e-14
  6625.000  3.81190e-14
  6630.000  3.76946e-14
  6635.000  3.75949e-14
  6640.000  3.79302e-14
  6645.000  3.81076e-14
  6650.000  3.80977e-14
  6655.000  3.81231e-14
  6660.000  3.80782e-14
  6665.000  3.78293e-14
  6670.000  3.80160e-14
  6675.000  3.83319e-14
  6680.000  3.77064e-14
  6685.000  3.75614e-14
  6690.000  3.79414e-14
  6695.000  3.77813e-14
  6700.000  3.76750e-14
  6705.000  3.79134e-14
  6710.000  3.87344e-14
  6715.000  3.97686e-14
  6720.000  3.96565e-14
  6725.000  3.98569e-14
  6730.000  4.04364e-14
  6735.000  3.96556e-14
  6740.000  3.87471e-14
  6745.000  3.82774e-14
  6750.000  3.76407e-14
  6755.000  3.68990e-14
  6760.000  3.72867e-14
  6765.000  3.75179e-14
  6770.000  3.74835e-14
  6775.000  3.76102e-14
  6780.000  3.77972e-14
  6785.000  3.80404e-14
  6790.000  3.80212e-14
  6795.000  3.77497e-14
  6800.000  3.79054e-14
  6805.000  3.80908e-14
  6810.000  3.81970e-14
  6815.000  3.83864e-14
  6820.000  3.86256e-14
  6825.000  3.79908e-14
  6830.000  3.75990e-14
  6835.000  3.76572e-14
  6840.000  3.74439e-14
  6845.000  3.71538e-14
  6850.000  3.71726e-14
  6855.000  3.71970e-14
  6860.000  3.72283e-14
  6865.000  3.73812e-14
  6870.000  3.75692e-14
  6875.000  3.77829e-14
  6880.000  3.78473e-14
  6885.000  3.77685e-14
  6890.000  3.82668e-14
  6895.000  3.87861e-14
  6900.000  3.90417e-14
  6905.000  3.94378e-14
  6910.000  3.99442e-14
  6915.000  3.94237e-14
  6920.000  3.88887e-14
  6925.000  3.86306e-14
  6930.000  3.85381e-14
  6935.000  3.85598e-14
  6940.000  3.88353e-14
  6945.000  3.89814e-14
  6950.000  3.87265e-14
  6955.000  3.88817e-14
  6960.000  3.93032e-14
  6965.000  3.94367e-14
  6970.000  3.93961e-14
  6975.000  3.89392e-14
  6980.000  3.87645e-14
  6985.000  3.87764e-14
  6990.000  3.90925e-14
  6995.000  3.92375e-14
  7000.000  3.88210e-14
  7005.000  3.87812e-14
  7010.000  3.90139e-14
  7015.000  3.88047e-14
  7020.000  3.86415e-14
  7025.000  3.88061e-14
  7030.000  3.88573e-14
  7035.000  3.88121e-14
  7040.000  3.94888e-14
  7045.000  4.00365e-14
  7050.000  3.93660e-14
  7055.000  3.85838e-14
  7060.000  3.76817e-14
  7065.000  3.72509e-14
  7070.000  3.70032e-14
  7075.000  3.72915e-14
  7080.000  3.72592e-14
  7085.000  3.67582e-14
  7090.000  3.63921e-14
  7095.000  3.60836e-14
  7100.000  3.59412e-14
  7105.000  3.59307e-14
  7110.000  3.62128e-14
  7115.000  3.63521e-14
  7120.000  3.63996e-14
  7125.000  3.57357e-14
  7130.000  3.51728e-14
  7135.000  3.53204e-14
  7140.000  3.53525e-14
  7145.000  3.52644e-14
  7150.000  3.57547e-14
  7155.000  3.63597e-14
  7160.000  3.62833e-14
  7165.000  3.61227e-14
  7170.000  3.58071e-14
  7175.000  3.59401e-14
  7180.000  3.63293e-14
  7185.000  3.54535e-14
  7190.000  3.47809e-14
  7195.000  3.54067e-14
  7200.000  3.59370e-14
  7205.000  3.63615e-14
  7210.000  3.58966e-14
  7215.000  3.51644e-14
  7220.000  3.57694e-14
  7225.000  3.63101e-14
  7230.000  3.66968e-14
  7235.000  3.67692e-14
  7240.000  3.65971e-14
  7245.000  3.65962e-14
  7250.000  3.66359e-14
  7255.000  3.67267e-14
  7260.000  3.69179e-14
  7265.000  3.72907e-14
  7270.000  3.75235e-14
  7275.000  3.76696e-14
  7280.000  3.69768e-14
  7285.000  3.63247e-14
  7290.000  3.67092e-14
  7295.000  3.70752e-14
  7300.000  3.74122e-14
  7305.000  3.79777e-14
  7310.000  3.86720e-14
  7315.000  3.83335e-14
  7320.000  3.79339e-14
  7325.000  3.79551e-14
  7330.000  3.80312e-14
  7335.000  3.81959e-14
  7340.000  3.83807e-14
  7345.000  3.85774e-14
  7350.000  3.80426e-14
  7355.000  3.74732e-14
  7360.000  3.75236e-14
  7365.000  3.77311e-14
  7370.000  3.82358e-14
  7375.000  3.87038e-14
  7380.000  3.91451e-14
  7385.000  3.88446e-14
  7390.000  3.84201e-14
  7395.000  3.89065e-14
  7400.000  3.92403e-14
  7405.000  3.91744e-14
  7410.000  3.89247e-14
  7415.000  3.84930e-14
  7420.000  3.83078e-14
  7425.000  3.82152e-14
  7430.000  3.86283e-14
  7435.000  3.90360e-14
  7440.000  3.92919e-14
  7445.000  3.93957e-14
  7450.000  3.92609e-14
  7455.000  3.95631e-14
  7460.000  4.01495e-14
  7465.000  3.97066e-14
  7470.000  3.90668e-14
  7475.000  3.92864e-14
  7480.000  3.94861e-14
  7485.000  3.96240e-14
  7490.000  3.95166e-14
  7495.000  3.91094e-14
  7500.000  3.89336e-14
  7505.000  3.88793e-14
  7510.000  3.85900e-14
  7515.000  3.82928e-14
  7520.000  3.84649e-14
  7525.000  3.85503e-14
  7530.000  3.83876e-14
  7535.000  3.83578e-14
  7540.000  3.84859e-14
  7545.000  3.84905e-14
  7550.000  3.84289e-14
  7555.000  3.83395e-14
  7560.000  3.82454e-14
  7565.000  3.81631e-14
  7570.000  3.80789e-14
  7575.000  3.79883e-14
  7580.000  3.79475e-14
  7585.000  3.79787e-14
  7590.000  3.80293e-14
  7595.000  3.80934e-14
  7600.000  3.75379e-14
  7605.000  3.68026e-14
  7610.000  3.75917e-14
  7615.000  3.82417e-14
  7620.000  3.75011e-14
  7625.000  3.72061e-14
  7630.000  3.79125e-14
  7635.000  3.81927e-14
  7640.000  3.80135e-14
  7645.000  3.76775e-14
  7650.000  3.72578e-14
  7655.000  3.67964e-14
  7660.000  3.63263e-14
  7665.000  3.60065e-14
  7670.000  3.57704e-14
  7675.000  3.59901e-14
  7680.000  3.62972e-14
  7685.000  3.67963e-14
  7690.000  3.66722e-14
  7695.000  3.58554e-14
  7700.000  3.59241e-14
  7705.000  3.65092e-14
  7710.000  3.67660e-14
  7715.000  3.69339e-14
  7720.000  3.66517e-14
  7725.000  3.64281e-14
  7730.000  3.70731e-14
  7735.000  3.75476e-14
  7740.000  3.74851e-14
  7745.000  3.72324e-14
  7750.000  3.66787e-14
  7755.000  3.67035e-14
  7760.000  3.72402e-14
  7765.000  3.73496e-14
  7770.000  3.72521e-14
  7775.000  3.75989e-14
  7780.000  3.80476e-14
  7785.000  3.73915e-14
  7790.000  3.67795e-14
  7795.000  3.72257e-14
  7800.000  3.76241e-14
  7805.000  3.78540e-14
  7810.000  3.80219e-14
  7815.000  3.80757e-14
  7820.000  3.80898e-14
  7825.000  3.80611e-14
  7830.000  3.78094e-14
  7835.000  3.74134e-14
  7840.000  3.70696e-14
  7845.000  3.67455e-14
  7850.000  3.69172e-14
  7855.000  3.71743e-14
  7860.000  3.73670e-14
  7865.000  3.75499e-14
  7870.000  3.76540e-14
  7875.000  3.76908e-14
  7880.000  3.74672e-14
  7885.000  3.71396e-14
  7890.000  3.65896e-14
  7895.000  3.64228e-14
  7900.000  3.67635e-14
  7905.000  3.68134e-14
  7910.000  3.66144e-14
  7915.000  3.62164e-14
  7920.000  3.57094e-14
  7925.000  3.59429e-14
  7930.000  3.64247e-14
  7935.000  3.58961e-14
  7940.000  3.51908e-14
  7945.000  3.56643e-14
  7950.000  3.61700e-14
  7955.000  3.60986e-14
  7960.000  3.61321e-14
  7965.000  3.68033e-14
  7970.000  3.72591e-14
  7975.000  3.70126e-14
  7980.000  3.68652e-14
  7985.000  3.69232e-14
  7990.000  3.70427e-14
  7995.000  3.72493e-14
  8000.000  3.75746e-14
  8005.000  3.80194e-14
  8010.000  3.85392e-14
  8015.000  3.91126e-14
  8020.000  3.91662e-14
  8025.000  3.89563e-14
  8030.000  3.84250e-14
  8035.000  3.77828e-14
  8040.000  3.79674e-14
  8045.000  3.83351e-14
  8050.000  3.79032e-14
  8055.000  3.73760e-14
  8060.000  3.74690e-14
  8065.000  3.75676e-14
  8070.000  3.72053e-14
  8075.000  3.68870e-14
  8080.000  3.69509e-14
  8085.000  3.69841e-14
  8090.000  3.68641e-14
  8095.000  3.67503e-14
  8100.000  3.66568e-14
  8105.000  3.66267e-14
  8110.000  3.67508e-14
  8115.000  3.70918e-14
  8120.000  3.78370e-14
  8125.000  3.84128e-14
  8130.000  3.87393e-14
  8135.000  3.88855e-14
  8140.000  3.88184e-14
  8145.000  3.85885e-14
  8150.000  3.82019e-14
  8155.000  3.85554e-14
  8160.000  3.94942e-14
  8165.000  3.98164e-14
  8170.000  3.97344e-14
  8175.000  3.94196e-14
  8180.000  3.89787e-14
  8185.000  3.82353e-14
  8190.000  3.73567e-14
  8195.000  3.71336e-14
  8200.000  3.71540e-14
  8205.000  3.71254e-14
  8210.000  3.70819e-14
  8215.000  3.67663e-14
  8220.000  3.63835e-14
  8225.000  3.69286e-14
  8230.000  3.76590e-14
  8235.000  3.77931e-14
  8240.000  3.78327e-14
  8245.000  3.80454e-14
  8250.000  3.82790e-14
  8255.000  3.82144e-14
  8260.000  3.81224e-14
  8265.000  3.80513e-14
  8270.000  3.79816e-14
  8275.000  3.76543e-14
  8280.000  3.73165e-14
  8285.000  3.76909e-14
  8290.000  3.80810e-14
  8295.000  3.77649e-14
  8300.000  3.74431e-14
  8305.000  3.69705e-14
  8310.000  3.65193e-14
  8315.000  3.72141e-14
  8320.000  3.78671e-14
  8325.000  3.70160e-14
  8330.000  3.61940e-14
  8335.000  3.62182e-14
  8340.000  3.62368e-14
  8345.000  3.61052e-14
  8350.000  3.59735e-14
  8355.000  3.58361e-14
  8360.000  3.57291e-14
  8365.000  3.64035e-14
  8370.000  3.70511e-14
  8375.000  3.69661e-14
  8380.000  3.68726e-14
  8385.000  3.64795e-14
  8390.000  3.61024e-14
  8395.000  3.64910e-14
  8400.000  3.68799e-14
  8405.000  3.73485e-14
  8410.000  3.78166e-14
  8415.000  3.72714e-14
  8420.000  3.67238e-14
  8425.000  3.63791e-14
  8430.000  3.60386e-14
  8435.000  3.58968e-14
  8440.000  3.57627e-14
  8445.000  3.59108e-14
  8450.000  3.60756e-14
  8455.000  3.63242e-14
  8460.000  3.65796e-14
  8465.000  3.62044e-14
  8470.000  3.57561e-14
  8475.000  3.58377e-14
  8480.000  3.60002e-14
  8485.000  3.58035e-14
  8490.000  3.55375e-14
  8495.000  3.44880e-14
  8500.000  3.32508e-14
  8505.000  3.39819e-14
  8510.000  3.52957e-14
  8515.000  3.55084e-14
  8520.000  3.53209e-14
  8525.000  3.52061e-14
  8530.000  3.51233e-14
  8535.000  3.33353e-14
  8540.000  3.06396e-14
  8545.000  3.03676e-14
  8550.000  3.16570e-14
  8555.000  3.33935e-14
  8560.000  3.54803e-14
  8565.000  3.64392e-14
  8570.000  3.63203e-14
  8575.000  3.64262e-14
  8580.000  3.67965e-14
  8585.000  3.72978e-14
  8590.000  3.79916e-14
  8595.000  3.83880e-14
  8600.000  3.82275e-14
  8605.000  3.80036e-14
  8610.000  3.76233e-14
  8615.000  3.73363e-14
  8620.000  3.73650e-14
  8625.000  3.74344e-14
  8630.000  3.77117e-14
  8635.000  3.79516e-14
  8640.000  3.78449e-14
  8645.000  3.77305e-14
  8650.000  3.73353e-14
  8655.000  3.69406e-14
  8660.000  3.47921e-14
  8665.000  3.25643e-14
  8670.000  3.36796e-14
  8675.000  3.52417e-14
  8680.000  3.56645e-14
  8685.000  3.58119e-14
  8690.000  3.61070e-14
  8695.000  3.64577e-14
  8700.000  3.70029e-14
  8705.000  3.76550e-14
  8710.000  3.79973e-14
  8715.000  3.80970e-14
  8720.000  3.81137e-14
  8725.000  3.80383e-14
  8730.000  3.81176e-14
  8735.000  3.84453e-14
  8740.000  3.83407e-14
  8745.000  3.71895e-14
  8750.000  3.63993e-14
  8755.000  3.70633e-14
  8760.000  3.76663e-14
  8765.000  3.77370e-14
  8770.000  3.78081e-14
  8775.000  3.80479e-14
  8780.000  3.82874e-14
  8785.000  3.80754e-14
  8790.000  3.78139e-14
  8795.000  3.96625e-14
  8800.000  4.20464e-14
  8805.000  4.08656e-14
  8810.000  3.80899e-14
  8815.000  3.72080e-14
  8820.000  3.76874e-14
  8825.000  3.80245e-14
  8830.000  3.82008e-14
  8835.000  3.82868e-14
  8840.000  3.82094e-14
  8845.000  3.82957e-14
  8850.000  3.89037e-14
  8855.000  3.93581e-14
  8860.000  3.86865e-14
  8865.000  3.80157e-14
  8870.000  3.73433e-14
  8875.000  3.66716e-14
  8880.000  3.69642e-14
  8885.000  3.73967e-14
  8890.000  3.77392e-14
  8895.000  3.80508e-14
  8900.000  3.79237e-14
  8905.000  3.75248e-14
  8910.000  3.72325e-14
  8915.000  3.70535e-14
  8920.000  3.71227e-14
  8925.000  3.76519e-14
  8930.000  3.81668e-14
  8935.000  3.86300e-14
  8940.000  3.89794e-14
  8945.000  3.79037e-14
  8950.000  3.68292e-14
  8955.000  3.74577e-14
  8960.000  3.82102e-14
  8965.000  3.80443e-14
  8970.000  3.76287e-14
  8975.000  3.77345e-14
  8980.000  3.81344e-14
  8985.000  3.84914e-14
  8990.000  3.88036e-14
  8995.000  3.89426e-14
  9000.000  3.87418e-14
  9005.000  3.84578e-14
  9010.000  3.77951e-14
  9015.000  3.71433e-14
  9020.000  3.69404e-14
  9025.000  3.67377e-14
  9030.000  3.72932e-14
  9035.000  3.79690e-14
  9040.000  3.82329e-14
  9045.000  3.83203e-14
  9050.000  3.85161e-14
  9055.000  3.88064e-14
  9060.000  3.89334e-14
  9065.000  3.87779e-14
  9070.000  3.86524e-14
  9075.000  3.86501e-14
  9080.000  3.86220e-14
  9085.000  3.74757e-14
  9090.000  3.63306e-14
  9095.000  3.67394e-14
  9100.000  3.74304e-14
  9105.000  3.78380e-14
  9110.000  3.81045e-14
  9115.000  3.82231e-14
  9120.000  3.81860e-14
  9125.000  3.81256e-14
  9130.000  3.80119e-14
  9135.000  3.79388e-14
  9140.000  3.81716e-14
  9145.000  3.84040e-14
  9150.000  3.81792e-14
  9155.000  3.79189e-14
  9160.000  3.82201e-14
  9165.000  3.87218e-14
  9170.000  3.86915e-14
  9175.000  3.82131e-14
  9180.000  3.79443e-14
  9185.000  3.80712e-14
  9190.000  3.81165e-14
  9195.000  3.76841e-14
  9200.000  3.72521e-14
  9205.000  3.68465e-14
  9210.000  3.64429e-14
  9215.000  3.59327e-14
  9220.000  3.53854e-14
  9225.000  3.49042e-14
  9230.000  3.44811e-14
  9235.000  3.44063e-14
  9240.000  3.50688e-14
  9245.000  3.54108e-14
  9250.000  3.31136e-14
  9255.000  3.08189e-14
  9260.000  3.29714e-14
  9265.000  3.56539e-14
  9270.000  3.69370e-14
  9275.000  3.75472e-14
  9280.000  3.71705e-14
  9285.000  3.56128e-14
  9290.000  3.45428e-14
  9295.000  3.50925e-14
  9300.000  3.56403e-14
  9305.000  3.59341e-14
  9310.000  3.62276e-14
  9315.000  3.65084e-14
  9320.000  3.67854e-14
  9325.000  3.70766e-14
  9330.000  3.73796e-14
  9335.000  3.73512e-14
  9340.000  3.65900e-14
  9345.000  3.57893e-14
  9350.000  3.44902e-14
  9355.000  3.31924e-14
  9360.000  3.73476e-14
  9365.000  4.25692e-14
  9370.000  4.22764e-14
  9375.000  3.82199e-14
  9380.000  3.54141e-14
  9385.000  3.49408e-14
  9390.000  3.41870e-14
  9395.000  3.09455e-14
  9400.000  2.77074e-14
  9405.000  3.02581e-14
  9410.000  3.38140e-14
  9415.000  3.51637e-14
  9420.000  3.50398e-14
  9425.000  3.45687e-14
  9430.000  3.34333e-14
  9435.000  3.24952e-14
  9440.000  3.36702e-14
  9445.000  3.48439e-14
  9450.000  3.49914e-14
  9455.000  3.49205e-14
  9460.000  3.52875e-14
  9465.000  3.59964e-14
  9470.000  3.60804e-14
  9475.000  3.46746e-14
  9480.000  3.33351e-14
  9485.000  3.44837e-14
  9490.000  3.56311e-14
  9495.000  3.58257e-14
  9500.000  3.57097e-14
  9505.000  3.57157e-14
  9510.000  3.58543e-14
  9515.000  3.59228e-14
  9520.000  3.57148e-14
  9525.000  3.55069e-14
  9530.000  3.62432e-14
  9535.000  3.70594e-14
  9540.000  3.65904e-14
  9545.000  3.53955e-14
  9550.000  3.47384e-14
  9555.000  3.50627e-14
  9560.000  3.53540e-14
  9565.000  3.51830e-14
  9570.000  3.50121e-14
  9575.000  3.55770e-14
  9580.000  3.63555e-14
  9585.000  3.66583e-14
  9590.000  3.64483e-14
  9595.000  3.61735e-14
  9600.000  3.56125e-14
  9605.000  3.50520e-14
  9610.000  3.61359e-14
  9615.000  3.74302e-14
  9620.000  3.71481e-14
  9625.000  3.57467e-14
  9630.000  3.49781e-14
  9635.000  3.58420e-14
  9640.000  3.67049e-14
  9645.000  3.63060e-14
  9650.000  3.58711e-14
  9655.000  3.57436e-14
  9660.000  3.57726e-14
  9665.000  3.60557e-14
  9670.000  3.68110e-14
  9675.000  3.75242e-14
  9680.000  3.70241e-14
  9685.000  3.65245e-14
  9690.000  3.62526e-14
  9695.000  3.60714e-14
  9700.000  3.57841e-14
  9705.000  3.53334e-14
  9710.000  3.49439e-14
  9715.000  3.53613e-14
  9720.000  3.57783e-14
  9725.000  3.61000e-14
  9730.000  3.63885e-14
  9735.000  3.61607e-14
  9740.000  3.52009e-14
  9745.000  3.43350e-14
  9750.000  3.45237e-14
  9755.000  3.47122e-14
  9760.000  3.51509e-14
  9765.000  3.56742e-14
  9770.000  3.54123e-14
  9775.000  3.40101e-14
  9780.000  3.28635e-14
  9785.000  3.52554e-14
  9790.000  3.76448e-14
  9795.000  3.80263e-14
  9800.000  3.76419e-14
  9805.000  3.55697e-14
  9810.000  3.07061e-14
  9815.000  2.61185e-14
  9820.000  3.10318e-14
  9825.000  3.59401e-14
  9830.000  3.74846e-14
  9835.000  3.74097e-14
  9840.000  3.72013e-14
  9845.000  3.67097e-14
  9850.000  3.62186e-14
  9855.000  3.73995e-14
  9860.000  3.86436e-14
  9865.000  3.82181e-14
  9870.000  3.66939e-14
  9875.000  3.55369e-14
  9880.000  3.55472e-14
  9885.000  3.55574e-14
  9890.000  3.30141e-14
  9895.000  3.01016e-14
  9900.000  3.02133e-14
  9905.000  3.32957e-14
  9910.000  3.59988e-14
  9915.000  3.62405e-14
  9920.000  3.64819e-14
  9925.000  3.65766e-14
  9930.000  3.66242e-14
  9935.000  3.07970e-14
  9940.000  1.53908e-14
  9945.000  0.00000e+00
  9950.000  0.00000e+00
