# kc96/elliptical  |  Kinney et al. 1996, ApJ 467, 38 (starb: Calzetti et al. 1994)
# columns: wavelength_Angstrom  flam_erg_s_cm2_A (absolute scale arbitrary - ETC renormalizes)
  1235.000  3.83947e-15
  1240.000  3.01396e-15
  1245.000  2.64838e-15
  1250.000  3.12707e-15
  1255.000  3.19167e-15
  1260.000  2.44093e-15
  1265.000  3.24012e-15
  1270.000  3.42013e-15
  1275.000  3.93495e-15
  1280.000  2.82319e-15
  1285.000  2.52227e-15
  1290.000  2.37585e-15
  1295.000  1.96729e-15
  1300.000  2.04593e-15
  1305.000  1.97195e-15
  1310.000  1.75085e-15
  1315.000  2.22654e-15
  1320.000  2.43409e-15
  1325.000  1.90108e-15
  1330.000  1.53253e-15
  1335.000  1.61950e-15
  1340.000  2.02034e-15
  1345.000  2.19865e-15
  1350.000  2.00520e-15
  1355.000  2.08124e-15
  1360.000  2.04856e-15
  1365.000  1.42705e-15
  1370.000  1.46487e-15
  1375.000  1.81722e-15
  1380.000  2.01431e-15
  1385.000  1.51710e-15
  1390.000  1.76848e-15
  1395.000  2.06698e-15
  1400.000  1.43356e-15
  1405.000  1.02600e-15
  1410.000  1.51840e-15
  1415.000  1.34583e-15
  1420.000  1.83543e-15
  1425.000  1.68873e-15
  1430.000  2.18554e-15
  1435.000  1.77131e-15
  1440.000  1.52725e-15
  1445.000  2.28941e-15
  1450.000  1.67864e-15
  1455.000  2.13282e-15
  1460.000  2.20924e-15
  1465.000  2.05215e-15
  1470.000  2.37338e-15
  1475.000  2.56353e-15
  1480.000  2.97299e-15
  1485.000  2.05330e-15
  1490.000  1.62611e-15
  1495.000  1.34823e-15
  1500.000  1.69268e-15
  1505.000  2.50881e-15
  1510.000  1.80420e-15
  1515.000  1.25241e-15
  1520.000  1.35366e-15
  1525.000  1.71199e-15
  1530.000  2.65560e-15
  1535.000  2.04347e-15
  1540.000  1.45000e-15
  1545.000  2.32190e-15
  1550.000  2.13163e-15
  1555.000  1.35992e-15
  1560.000  9.86271e-16
  1565.000  1.18972e-15
  1570.000  1.50144e-15
  1575.000  1.74436e-15
  1580.000  1.71762e-15
  1585.000  1.64373e-15
  1590.000  2.62768e-15
  1595.000  2.76364e-15
  1600.000  1.81288e-15
  1605.000  1.09776e-15
  1610.000  1.29257e-15
  1615.000  1.60706e-15
  1620.000  1.60089e-15
  1625.000  1.35741e-15
  1630.000  1.10197e-15
  1635.000  1.53562e-15
  1640.000  2.35282e-15
  1645.000  2.33637e-15
  1650.000  2.35001e-15
  1655.000  1.49216e-15
  1660.000  2.00976e-15
  1665.000  2.04153e-15
  1670.000  1.63049e-15
  1675.000  8.36789e-16
  1680.000  1.05976e-15
  1685.000  1.56515e-15
  1690.000  1.29257e-15
  1695.000  1.01146e-15
  1700.000  1.28040e-15
  1705.000  1.38796e-15
  1710.000  1.17487e-15
  1715.000  1.67829e-15
  1720.000  2.42654e-15
  1725.000  2.17624e-15
  1730.000  2.69696e-15
  1735.000  2.34327e-15
  1740.000  1.43997e-15
  1745.000  1.24461e-15
  1750.000  1.64690e-15
  1755.000  1.63592e-15
  1760.000  1.71089e-15
  1765.000  1.23250e-15
  1770.000  1.88569e-15
  1775.000  1.69251e-15
  1780.000  1.49702e-15
  1785.000  1.50541e-15
  1790.000  1.67081e-15
  1795.000  1.70632e-15
  1800.000  2.16603e-15
  1805.000  3.28541e-15
  1810.000  2.87480e-15
  1815.000  1.93006e-15
  1820.000  1.02078e-15
  1825.000  1.12944e-15
  1830.000  1.29046e-15
  1835.000  8.53035e-16
  1840.000  7.83169e-16
  1845.000  6.53373e-16
  1850.000  8.41337e-16
  1855.000  1.27635e-15
  1860.000  1.34412e-15
  1865.000  1.14097e-15
  1870.000  1.09731e-15
  1875.000  8.75973e-16
  1880.000  9.47558e-16
  1885.000  1.10896e-15
  1890.000  1.07820e-15
  1895.000  9.84672e-16
  1900.000  1.04417e-15
  1905.000  1.10482e-15
  1910.000  8.05429e-16
  1915.000  7.00636e-16
  1920.000  6.75049e-16
  1925.000  6.45366e-16
  1930.000  7.45485e-16
  1935.000  1.34898e-15
  1940.000  1.90599e-15
  1945.000  1.88216e-15
  1950.000  1.78369e-15
  1955.000  2.27676e-15
  1960.000  3.40847e-15
  1965.000  2.89569e-15
  1970.000  1.76753e-15
  1975.000  6.47803e-16
  1980.000  1.07766e-15
  1985.000  9.85834e-16
  1990.000  2.63700e-15
  1995.000  3.14552e-15
  2000.000  1.97019e-15
  2005.000  1.19198e-15
  2010.000  1.09475e-15
  2015.000  8.60523e-16
  2020.000  2.20170e-15
  2025.000  2.98727e-15
  2030.000  1.17680e-15
  2035.000  3.11288e-15
  2040.000  1.44264e-15
  2045.000  1.95444e-15
  2050.000  2.18431e-15
  2055.000  4.05296e-15
  2060.000  2.44237e-15
  2065.000  2.25785e-15
  2070.000  3.11023e-15
  2075.000  2.41423e-15
  2080.000  3.43767e-15
  2085.000  1.78796e-15
  2090.000  1.22587e-15
  2095.000  4.74034e-16
  2100.000  9.83921e-16
  2105.000  9.15049e-16
  2110.000  7.33841e-16
  2115.000  1.02353e-15
  2120.000  2.59873e-15
  2125.000  1.55807e-15
  2130.000  1.21901e-15
  2135.000  2.09502e-15
  2140.000  2.79053e-15
  2145.000  1.17474e-15
  2150.000  7.85921e-16
  2155.000  1.05144e-15
  2160.000  1.75147e-15
  2165.000  3.32385e-15
  2170.000  2.45901e-15
  2175.000  1.97085e-15
  2180.000  1.84424e-15
  2185.000  2.01527e-15
  2190.000  1.58213e-15
  2195.000  2.22889e-15
  2200.000  3.22139e-15
  2205.000  2.72378e-15
  2210.000  1.25988e-15
  2215.000  1.96857e-15
  2220.000  3.09743e-15
  2225.000  1.82843e-15
  2230.000  2.31889e-15
  2235.000  3.14838e-15
  2240.000  3.36398e-15
  2245.000  2.42621e-15
  2250.000  3.60481e-15
  2255.000  2.41061e-15
  2260.000  1.18974e-15
  2265.000  1.37060e-15
  2270.000  3.16917e-15
  2275.000  3.18701e-15
  2280.000  2.06990e-15
  2285.000  2.12783e-15
  2290.000  2.35646e-15
  2295.000  1.08072e-15
  2300.000  1.45385e-15
  2305.000  2.45316e-15
  2310.000  1.95027e-15
  2315.000  1.75309e-15
  2320.000  1.77625e-15
  2325.000  1.69279e-15
  2330.000  1.50932e-15
  2335.000  1.19010e-15
  2340.000  9.00596e-16
  2345.000  1.31074e-15
  2350.000  1.05805e-15
  2355.000  8.61741e-16
  2360.000  9.82102e-16
  2365.000  8.92755e-16
  2370.000  1.12737e-15
  2375.000  6.22406e-16
  2380.000  1.68495e-15
  2385.000  6.77407e-16
  2390.000  7.49012e-16
  2395.000  1.01872e-15
  2400.000  9.84126e-16
  2405.000  9.53430e-16
  2410.000  9.52315e-16
  2415.000  1.23552e-15
  2420.000  1.22885e-15
  2425.000  1.59909e-15
  2430.000  1.36401e-15
  2435.000  1.04068e-15
  2440.000  1.54502e-15
  2445.000  1.81109e-15
  2450.000  1.31633e-15
  2455.000  1.10869e-15
  2460.000  7.24903e-16
  2465.000  1.05432e-15
  2470.000  1.12417e-15
  2475.000  1.12789e-15
  2480.000  9.92943e-16
  2485.000  1.00200e-15
  2490.000  1.07269e-15
  2495.000  1.20573e-15
  2500.000  7.39415e-16
  2505.000  9.62781e-16
  2510.000  8.54052e-16
  2515.000  8.08707e-16
  2520.000  5.82145e-16
  2525.000  5.68113e-16
  2530.000  7.04269e-16
  2535.000  1.02630e-15
  2540.000  9.90309e-16
  2545.000  8.65727e-16
  2550.000  1.02323e-15
  2555.000  6.97029e-16
  2560.000  7.95001e-16
  2565.000  9.62878e-16
  2570.000  1.04221e-15
  2575.000  1.10153e-15
  2580.000  1.21687e-15
  2585.000  1.26505e-15
  2590.000  1.22432e-15
  2595.000  1.45969e-15
  2600.000  1.30378e-15
  2605.000  1.09140e-15
  2610.000  1.54191e-15
  2615.000  1.38553e-15
  2620.000  9.57079e-16
  2625.000  1.36916e-15
  2630.000  1.69299e-15
  2635.000  1.78390e-15
  2640.000  1.68046e-15
  2645.000  2.08951e-15
  2650.000  2.12691e-15
  2655.000  2.04195e-15
  2660.000  1.91954e-15
  2665.000  1.76562e-15
  2670.000  1.74482e-15
  2675.000  1.53261e-15
  2680.000  1.67172e-15
  2685.000  1.96592e-15
  2690.000  2.20852e-15
  2695.000  2.10339e-15
  2700.000  1.95943e-15
  2705.000  1.83413e-15
  2710.000  1.56160e-15
  2715.000  1.49475e-15
  2720.000  1.56220e-15
  2725.000  1.25500e-15
  2730.000  1.28146e-15
  2735.000  1.52921e-15
  2740.000  1.40629e-15
  2745.000  1.28141e-15
  2750.000  1.55544e-15
  2755.000  1.88849e-15
  2760.000  1.79507e-15
  2765.000  1.79090e-15
  2770.000  1.83292e-15
  2775.000  1.70013e-15
  2780.000  1.69660e-15
  2785.000  1.10467e-15
  2790.000  1.06911e-15
  2795.000  1.10251e-15
  2800.000  1.11086e-15
  2805.000  1.16201e-15
  2810.000  1.62799e-15
  2815.000  1.73862e-15
  2820.000  1.89059e-15
  2825.000  2.02402e-15
  2830.000  1.90121e-15
  2835.000  1.86941e-15
  2840.000  1.83473e-15
  2845.000  1.64656e-15
  2850.000  1.48995e-15
  2855.000  1.65729e-15
  2860.000  1.88857e-15
  2865.000  1.94148e-15
  2870.000  1.94941e-15
  2875.000  2.34101e-15
  2880.000  2.36663e-15
  2885.000  2.12726e-15
  2890.000  2.24586e-15
  2895.000  2.79010e-15
  2900.000  3.06589e-15
  2905.000  3.15433e-15
  2910.000  2.93144e-15
  2915.000  2.84128e-15
  2920.000  2.66906e-15
  2925.000  2.71407e-15
  2930.000  2.68978e-15
  2935.000  2.52418e-15
  2940.000  3.04950e-15
  2945.000  3.10872e-15
  2950.000  2.99031e-15
  2955.000  3.13611e-15
  2960.000  2.83189e-15
  2965.000  3.03845e-15
  2970.000  3.21205e-15
  2975.000  3.13121e-15
  2980.000  2.99231e-15
  2985.000  2.73137e-15
  2990.000  2.47427e-15
  2995.000  2.18676e-15
  3000.000  2.49989e-15
  3005.000  3.25333e-15
  3010.000  3.59099e-15
  3015.000  3.31565e-15
  3020.000  3.05980e-15
  3025.000  3.09727e-15
  3030.000  3.02292e-15
  3035.000  2.87957e-15
  3040.000  3.09016e-15
  3045.000  3.46870e-15
  3050.000  3.37773e-15
  3055.000  2.88679e-15
  3060.000  3.68402e-15
  3065.000  3.90933e-15
  3070.000  3.88751e-15
  3075.000  3.62807e-15
  3080.000  3.37618e-15
  3085.000  3.14264e-15
  3090.000  2.49682e-15
  3095.000  3.07767e-15
  3100.000  4.08384e-15
  3105.000  4.21362e-15
  3110.000  2.74763e-15
  3115.000  3.21635e-15
  3120.000  3.86122e-15
  3125.000  3.68602e-15
  3130.000  2.83527e-15
  3135.000  2.53873e-15
  3140.000  2.84531e-15
  3145.000  3.12336e-15
  3150.000  3.19804e-15
  3155.000  2.25361e-15
  3160.000  2.24875e-15
  3165.000  3.08761e-15
  3170.000  3.95917e-15
  3175.000  3.72502e-15
  3180.000  3.11520e-15
  3185.000  3.38611e-15
  3190.000  3.74266e-15
  3195.000  4.79771e-15
  3200.000  5.60866e-15
  3205.000  5.66143e-15
  3210.000  4.96072e-15
  3215.000  4.66989e-15
  3220.000  7.47835e-15
  3225.000  8.30768e-15
  3230.000  5.50663e-15
  3235.000  4.13943e-15
  3240.000  4.66693e-15
  3245.000  6.00781e-15
  3250.000  5.98836e-15
  3255.000  4.80849e-15
  3260.000  5.70729e-15
  3265.000  5.56119e-15
  3270.000  6.49403e-15
  3275.000  6.69245e-15
  3280.000  7.07775e-15
  3285.000  7.95631e-15
  3290.000  8.33346e-15
  3295.000  8.63753e-15
  3300.000  8.85522e-15
  3305.000  9.02048e-15
  3310.000  8.80383e-15
  3315.000  8.50889e-15
  3320.000  8.36304e-15
  3325.000  8.12044e-15
  3330.000  8.05737e-15
  3335.000  7.84987e-15
  3340.000  7.96561e-15
  3345.000  8.04390e-15
  3350.000  7.89916e-15
  3355.000  7.89076e-15
  3360.000  7.70972e-15
  3365.000  7.30647e-15
  3370.000  7.20096e-15
  3375.000  7.18323e-15
  3380.000  7.23115e-15
  3385.000  7.57030e-15
  3390.000  7.83198e-15
  3395.000  8.00427e-15
  3400.000  8.50785e-15
  3405.000  8.70897e-15
  3410.000  8.50527e-15
  3415.000  8.46650e-15
  3420.000  8.34551e-15
  3425.000  8.32982e-15
  3430.000  8.61660e-15
  3435.000  8.62214e-15
  3440.000  8.41189e-15
  3445.000  8.15867e-15
  3450.000  8.03257e-15
  3455.000  8.16216e-15
  3460.000  8.17493e-15
  3465.000  8.21313e-15
  3470.000  8.36955e-15
  3475.000  8.44494e-15
  3480.000  8.46072e-15
  3485.000  8.45303e-15
  3490.000  8.56682e-15
  3495.000  8.73209e-15
  3500.000  8.56344e-15
  3505.000  8.64690e-15
  3510.000  9.09121e-15
  3515.000  9.24945e-15
  3520.000  9.16135e-15
  3525.000  8.97891e-15
  3530.000  8.98918e-15
  3535.000  9.26044e-15
  3540.000  9.43542e-15
  3545.000  9.54463e-15
  3550.000  9.66921e-15
  3555.000  9.48865e-15
  3560.000  9.05226e-15
  3565.000  8.73111e-15
  3570.000  8.20316e-15
  3575.000  7.63362e-15
  3580.000  7.15554e-15
  3585.000  6.81940e-15
  3590.000  7.16636e-15
  3595.000  7.83948e-15
  3600.000  8.53846e-15
  3605.000  9.11280e-15
  3610.000  9.48322e-15
  3615.000  9.66903e-15
  3620.000  9.83698e-15
  3625.000  1.00939e-14
  3630.000  1.04157e-14
  3635.000  1.05143e-14
  3640.000  1.05331e-14
  3645.000  1.07125e-14
  3650.000  1.08955e-14
  3655.000  1.11916e-14
  3660.000  1.17376e-14
  3665.000  1.23843e-14
  3670.000  1.28578e-14
  3675.000  1.25610e-14
  3680.000  1.19895e-14
  3685.000  1.15299e-14
  3690.000  1.19410e-14
  3695.000  1.23420e-14
  3700.000  1.25709e-14
  3705.000  1.24086e-14
  3710.000  1.22194e-14
  3715.000  1.24967e-14
  3720.000  1.14823e-14
  3725.000  1.15697e-14
  3730.000  1.14957e-14
  3735.000  1.05650e-14
  3740.000  9.44990e-15
  3745.000  9.23753e-15
  3750.000  9.24952e-15
  3755.000  9.96378e-15
  3760.000  1.07314e-14
  3765.000  1.06707e-14
  3770.000  1.06849e-14
  3775.000  1.22584e-14
  3780.000  1.30250e-14
  3785.000  1.27620e-14
  3790.000  1.18030e-14
  3795.000  1.12012e-14
  3800.000  1.06785e-14
  3805.000  1.14100e-14
  3810.000  1.16438e-14
  3815.000  1.03998e-14
  3820.000  9.09730e-15
  3825.000  7.90814e-15
  3830.000  7.03683e-15
  3835.000  6.66701e-15
  3840.000  7.34254e-15
  3845.000  8.38604e-15
  3850.000  8.89254e-15
  3855.000  9.05627e-15
  3860.000  9.05120e-15
  3865.000  9.49659e-15
  3870.000  9.47506e-15
  3875.000  9.53998e-15
  3880.000  9.70288e-15
  3885.000  1.07093e-14
  3890.000  1.17811e-14
  3895.000  1.26586e-14
  3900.000  1.30414e-14
  3905.000  1.33668e-14
  3910.000  1.40406e-14
  3915.000  1.41462e-14
  3920.000  1.28542e-14
  3925.000  1.05162e-14
  3930.000  8.10676e-15
  3935.000  7.26847e-15
  3940.000  8.74867e-15
  3945.000  1.12107e-14
  3950.000  1.30775e-14
  3955.000  1.31326e-14
  3960.000  1.10268e-14
  3965.000  8.92013e-15
  3970.000  8.81323e-15
  3975.000  1.14682e-14
  3980.000  1.49269e-14
  3985.000  1.70879e-14
  3990.000  1.80028e-14
  3995.000  1.90546e-14
  4000.000  1.98247e-14
  4005.000  2.04708e-14
  4010.000  2.08876e-14
  4015.000  2.15003e-14
  4020.000  2.14452e-14
  4025.000  2.04723e-14
  4030.000  1.98820e-14
  4035.000  2.00409e-14
  4040.000  1.99842e-14
  4045.000  1.96068e-14
  4050.000  1.94928e-14
  4055.000  1.99291e-14
  4060.000  1.94621e-14
  4065.000  1.91051e-14
  4070.000  1.92419e-14
  4075.000  1.95600e-14
  4080.000  2.03306e-14
  4085.000  2.13795e-14
  4090.000  2.17224e-14
  4095.000  2.10001e-14
  4100.000  1.92549e-14
  4105.000  1.89709e-14
  4110.000  1.99537e-14
  4115.000  2.02316e-14
  4120.000  2.02738e-14
  4125.000  2.04637e-14
  4130.000  2.01848e-14
  4135.000  1.97200e-14
  4140.000  1.93811e-14
  4145.000  1.95727e-14
  4150.000  1.90713e-14
  4155.000  1.88743e-14
  4160.000  1.93552e-14
  4165.000  1.97261e-14
  4170.000  1.93443e-14
  4175.000  1.89755e-14
  4180.000  1.91328e-14
  4185.000  1.94810e-14
  4190.000  1.96505e-14
  4195.000  1.96314e-14
  4200.000  1.96277e-14
  4205.000  2.03672e-14
  4210.000  2.12020e-14
  4215.000  2.14157e-14
  4220.000  2.11361e-14
  4225.000  2.02025e-14
  4230.000  2.00033e-14
  4235.000  2.13179e-14
  4240.000  2.28391e-14
  4245.000  2.33532e-14
  4250.000  2.30012e-14
  4255.000  2.25529e-14
  4260.000  2.32127e-14
  4265.000  2.33811e-14
  4270.000  2.24671e-14
  4275.000  2.17205e-14
  4280.000  2.21780e-14
  4285.000  2.22188e-14
  4290.000  2.11258e-14
  4295.000  1.97639e-14
  4300.000  1.82497e-14
  4305.000  1.76670e-14
  4310.000  1.91723e-14
  4315.000  2.22052e-14
  4320.000  2.43379e-14
  4325.000  2.50423e-14
  4330.000  2.54449e-14
  4335.000  2.59597e-14
  4340.000  2.58306e-14
  4345.000  2.60085e-14
  4350.000  2.60930e-14
  4355.000  2.64378e-14
  4360.000  2.75504e-14
  4365.000  2.79229e-14
  4370.000  2.71902e-14
  4375.000  2.58839e-14
  4380.000  2.45903e-14
  4385.000  2.38080e-14
  4390.000  2.42670e-14
  4395.000  2.52982e-14
  4400.000  2.59419e-14
  4405.000  2.55788e-14
  4410.000  2.62282e-14
  4415.000  2.71573e-14
  4420.000  2.76826e-14
  4425.000  2.76544e-14
  4430.000  2.78168e-14
  4435.000  2.78831e-14
  4440.000  2.80508e-14
  4445.000  2.86091e-14
  4450.000  2.86807e-14
  4455.000  2.78674e-14
  4460.000  2.70123e-14
  4465.000  2.77837e-14
  4470.000  2.91313e-14
  4475.000  3.01650e-14
  4480.000  3.08317e-14
  4485.000  3.09070e-14
  4490.000  3.07187e-14
  4495.000  3.12610e-14
  4500.000  3.21660e-14
  4505.000  3.32991e-14
  4510.000  3.38737e-14
  4515.000  3.34222e-14
  4520.000  3.22227e-14
  4525.000  3.03262e-14
  4530.000  2.91310e-14
  4535.000  2.94996e-14
  4540.000  3.05656e-14
  4545.000  3.09068e-14
  4550.000  3.11808e-14
  4555.000  3.23330e-14
  4560.000  3.33430e-14
  4565.000  3.35199e-14
  4570.000  3.32938e-14
  4575.000  3.30162e-14
  4580.000  3.26514e-14
  4585.000  3.26331e-14
  4590.000  3.25676e-14
  4595.000  3.24212e-14
  4600.000  3.23486e-14
  4605.000  3.32291e-14
  4610.000  3.43148e-14
  4615.000  3.48681e-14
  4620.000  3.48568e-14
  4625.000  3.48077e-14
  4630.000  3.45347e-14
  4635.000  3.41687e-14
  4640.000  3.28919e-14
  4645.000  3.16283e-14
  4650.000  3.16061e-14
  4655.000  3.22924e-14
  4660.000  3.22993e-14
  4665.000  3.17046e-14
  4670.000  3.12161e-14
  4675.000  3.13191e-14
  4680.000  3.12744e-14
  4685.000  3.12159e-14
  4690.000  3.12968e-14
  4695.000  3.16145e-14
  4700.000  3.12855e-14
  4705.000  3.11984e-14
  4710.000  3.15969e-14
  4715.000  3.30550e-14
  4720.000  3.40858e-14
  4725.000  3.40659e-14
  4730.000  3.36019e-14
  4735.000  3.35495e-14
  4740.000  3.44837e-14
  4745.000  3.56064e-14
  4750.000  3.53975e-14
  4755.000  3.52916e-14
  4760.000  3.46691e-14
  4765.000  3.42348e-14
  4770.000  3.41800e-14
  4775.000  3.40092e-14
  4780.000  3.43371e-14
  4785.000  3.43257e-14
  4790.000  3.47042e-14
  4795.000  3.55233e-14
  4800.000  3.57244e-14
  4805.000  3.56168e-14
  4810.000  3.60057e-14
  4815.000  3.65840e-14
  4820.000  3.63859e-14
  4825.000  3.55719e-14
  4830.000  3.50270e-14
  4835.000  3.47132e-14
  4840.000  3.49154e-14
  4845.000  3.48954e-14
  4850.000  3.41271e-14
  4855.000  3.32561e-14
  4860.000  3.22360e-14
  4865.000  3.14013e-14
  4870.000  3.20000e-14
  4875.000  3.26770e-14
  4880.000  3.30706e-14
  4885.000  3.30502e-14
  4890.000  3.38018e-14
  4895.000  3.46628e-14
  4900.000  3.54446e-14
  4905.000  3.56854e-14
  4910.000  3.50404e-14
  4915.000  3.42646e-14
  4920.000  3.38673e-14
  4925.000  3.41875e-14
  4930.000  3.48188e-14
  4935.000  3.51372e-14
  4940.000  3.55482e-14
  4945.000  3.59561e-14
  4950.000  3.61141e-14
  4955.000  3.57815e-14
  4960.000  3.49817e-14
  4965.000  3.45653e-14
  4970.000  3.44645e-14
  4975.000  3.38595e-14
  4980.000  3.30670e-14
  4985.000  3.24332e-14
  4990.000  3.22818e-14
  4995.000  3.26525e-14
  5000.000  3.29478e-14
  5005.000  3.24611e-14
  5010.000  3.14689e-14
  5015.000  3.11277e-14
  5020.000  3.15510e-14
  5025.000  3.18787e-14
  5030.000  3.21083e-14
  5035.000  3.20171e-14
  5040.000  3.18766e-14
  5045.000  3.19200e-14
  5050.000  3.25896e-14
  5055.000  3.34689e-14
  5060.000  3.38933e-14
  5065.000  3.37393e-14
  5070.000  3.28573e-14
  5075.000  3.25408e-14
  5080.000  3.19810e-14
  5085.000  3.18066e-14
  5090.000  3.24561e-14
  5095.000  3.24358e-14
  5100.000  3.19196e-14
  5105.000  3.18446e-14
  5110.000  3.22452e-14
  5115.000  3.26138e-14
  5120.000  3.26709e-14
  5125.000  3.18679e-14
  5130.000  3.16015e-14
  5135.000  3.20454e-14
  5140.000  3.17579e-14
  5145.000  3.15045e-14
  5150.000  3.18171e-14
  5155.000  3.19759e-14
  5160.000  3.07132e-14
  5165.000  2.87048e-14
  5170.000  2.66146e-14
  5175.000  2.58131e-14
  5180.000  2.63847e-14
  5185.000  2.77695e-14
  5190.000  2.96117e-14
  5195.000  3.16512e-14
  5200.000  3.24343e-14
  5205.000  3.17167e-14
  5210.000  3.18719e-14
  5215.000  3.32881e-14
  5220.000  3.46019e-14
  5225.000  3.47620e-14
  5230.000  3.49434e-14
  5235.000  3.56691e-14
  5240.000  3.63909e-14
  5245.000  3.68130e-14
  5250.000  3.64138e-14
  5255.000  3.56892e-14
  5260.000  3.44372e-14
  5265.000  3.34434e-14
  5270.000  3.33807e-14
  5275.000  3.46162e-14
  5280.000  3.66268e-14
  5285.000  3.80624e-14
  5290.000  3.85785e-14
  5295.000  3.84388e-14
  5300.000  3.83632e-14
  5305.000  3.90821e-14
  5310.000  4.01868e-14
  5315.000  4.02332e-14
  5320.000  3.92336e-14
  5325.000  3.79923e-14
  5330.000  3.70042e-14
  5335.000  3.71308e-14
  5340.000  3.75842e-14
  5345.000  3.82209e-14
  5350.000  3.92089e-14
  5355.000  3.96399e-14
  5360.000  3.98974e-14
  5365.000  3.95512e-14
  5370.000  3.90272e-14
  5375.000  3.84728e-14
  5380.000  3.88005e-14
  5385.000  3.89891e-14
  5390.000  3.81605e-14
  5395.000  3.73161e-14
  5400.000  3.65741e-14
  5405.000  3.65666e-14
  5410.000  3.67459e-14
  5415.000  3.75510e-14
  5420.000  3.84509e-14
  5425.000  3.87423e-14
  5430.000  3.81408e-14
  5435.000  3.77135e-14
  5440.000  3.81768e-14
  5445.000  3.81064e-14
  5450.000  3.70639e-14
  5455.000  3.60000e-14
  5460.000  3.60000e-14
  5465.000  3.58157e-14
  5470.000  3.50000e-14
  5475.000  3.60000e-14
  5480.000  3.40000e-14
  5485.000  3.32223e-14
  5490.000  3.30000e-14
  5495.000  3.34445e-14
  5500.000  3.68545e-14
  5505.000  3.69001e-14
  5510.000  3.72283e-14
  5515.000  3.73269e-14
  5520.000  3.71139e-14
  5525.000  3.80765e-14
  5530.000  3.92778e-14
  5535.000  3.88818e-14
  5540.000  3.85355e-14
  5545.000  3.81650e-14
  5550.000  3.93147e-14
  5555.000  3.97759e-14
  5560.000  3.90545e-14
  5565.000  3.85319e-14
  5570.000  3.81828e-14
  5575.000  3.81095e-14
  5580.000  3.76111e-14
  5585.000  3.71523e-14
  5590.000  3.66051e-14
  5595.000  3.67784e-14
  5600.000  3.76533e-14
  5605.000  3.85124e-14
  5610.000  3.85777e-14
  5615.000  3.89886e-14
  5620.000  3.83719e-14
  5625.000  3.76743e-14
  5630.000  3.71217e-14
  5635.000  3.72795e-14
  5640.000  3.79682e-14
  5645.000  3.82275e-14
  5650.000  3.78559e-14
  5655.000  3.76148e-14
  5660.000  3.81778e-14
  5665.000  3.87542e-14
  5670.000  3.91772e-14
  5675.000  3.93570e-14
  5680.000  3.90075e-14
  5685.000  3.89159e-14
  5690.000  3.86677e-14
  5695.000  3.89296e-14
  5700.000  3.88592e-14
  5705.000  3.82541e-14
  5710.000  3.84621e-14
  5715.000  3.92323e-14
  5720.000  3.93595e-14
  5725.000  3.97857e-14
  5730.000  4.04838e-14
  5735.000  4.04543e-14
  5740.000  4.00507e-14
  5745.000  3.93641e-14
  5750.000  3.92258e-14
  5755.000  3.97721e-14
  5760.000  3.99837e-14
  5765.000  4.02207e-14
  5770.000  3.99197e-14
  5775.000  3.93745e-14
  5780.000  3.89611e-14
  5785.000  3.87159e-14
  5790.000  3.92775e-14
  5795.000  3.99053e-14
  5800.000  4.00767e-14
  5805.000  4.01285e-14
  5810.000  3.99746e-14
  5815.000  4.01428e-14
  5820.000  4.07666e-14
  5825.000  4.10924e-14
  5830.000  4.06648e-14
  5835.000  4.03487e-14
  5840.000  4.03152e-14
  5845.000  3.98374e-14
  5850.000  3.90424e-14
  5855.000  3.84593e-14
  5860.000  3.85831e-14
  5865.000  3.88298e-14
  5870.000  3.81558e-14
  5875.000  3.67001e-14
  5880.000  3.50032e-14
  5885.000  3.26202e-14
  5890.000  2.96507e-14
  5895.000  2.92361e-14
  5900.000  3.12360e-14
  5905.000  3.39804e-14
  5910.000  3.61529e-14
  5915.000  3.66467e-14
  5920.000  3.77062e-14
  5925.000  3.86040e-14
  5930.000  3.86390e-14
  5935.000  3.82022e-14
  5940.000  3.83575e-14
  5945.000  3.87353e-14
  5950.000  3.87042e-14
  5955.000  3.80362e-14
  5960.000  3.78876e-14
  5965.000  3.86705e-14
  5970.000  3.97064e-14
  5975.000  3.95443e-14
  5980.000  3.86890e-14
  5985.000  3.84092e-14
  5990.000  3.85708e-14
  5995.000  3.93252e-14
  6000.000  3.90346e-14
  6005.000  3.90745e-14
  6010.000  3.83988e-14
  6015.000  3.83733e-14
  6020.000  3.89507e-14
  6025.000  3.98014e-14
  6030.000  4.03984e-14
  6035.000  4.09682e-14
  6040.000  4.09020e-14
  6045.000  4.10781e-14
  6050.000  4.13495e-14
  6055.000  4.11274e-14
  6060.000  4.14390e-14
  6065.000  4.14779e-14
  6070.000  4.11368e-14
  6075.000  4.07557e-14
  6080.000  4.10470e-14
  6085.000  4.10429e-14
  6090.000  4.06347e-14
  6095.000  4.05577e-14
  6100.000  4.04574e-14
  6105.000  4.06607e-14
  6110.000  4.07511e-14
  6115.000  4.16178e-14
  6120.000  4.16404e-14
  6125.000  4.03494e-14
  6130.000  4.01502e-14
  6135.000  4.07596e-14
  6140.000  4.10035e-14
  6145.000  4.07576e-14
  6150.000  4.03183e-14
  6155.000  3.94528e-14
  6160.000  3.90321e-14
  6165.000  3.78256e-14
  6170.000  3.77331e-14
  6175.000  3.89472e-14
  6180.000  3.95470e-14
  6185.000  3.94180e-14
  6190.000  3.92189e-14
  6195.000  3.94498e-14
  6200.000  3.95029e-14
  6205.000  3.93703e-14
  6210.000  3.90461e-14
  6215.000  3.85465e-14
  6220.000  3.80998e-14
  6225.000  3.74135e-14
  6230.000  3.71885e-14
  6235.000  3.77008e-14
  6240.000  3.66073e-14
  6245.000  3.56583e-14
  6250.000  3.57718e-14
  6255.000  3.63686e-14
  6260.000  3.73582e-14
  6265.000  3.81669e-14
  6270.000  3.83121e-14
  6275.000  3.80135e-14
  6280.000  3.83908e-14
  6285.000  3.88809e-14
  6290.000  3.88301e-14
  6295.000  3.85213e-14
  6300.000  3.84719e-14
  6305.000  3.83389e-14
  6310.000  3.80862e-14
  6315.000  3.82744e-14
  6320.000  3.89011e-14
  6325.000  3.93321e-14
  6330.000  3.95614e-14
  6335.000  3.96746e-14
  6340.000  3.94465e-14
  6345.000  3.92610e-14
  6350.000  3.91022e-14
  6355.000  3.86337e-14
  6360.000  3.85455e-14
  6365.000  3.91907e-14
  6370.000  3.98757e-14
  6375.000  4.04277e-14
  6380.000  4.07658e-14
  6385.000  4.03873e-14
  6390.000  4.01811e-14
  6395.000  4.03149e-14
  6400.000  4.03084e-14
  6405.000  4.01655e-14
  6410.000  4.00206e-14
  6415.000  3.98113e-14
  6420.000  4.01239e-14
  6425.000  4.04699e-14
  6430.000  4.07956e-14
  6435.000  4.09186e-14
  6440.000  4.07015e-14
  6445.000  4.03978e-14
  6450.000  4.04006e-14
  6455.000  4.05607e-14
  6460.000  4.08767e-14
  6465.000  4.12262e-14
  6470.000  4.11638e-14
  6475.000  4.09755e-14
  6480.000  4.06850e-14
  6485.000  4.00710e-14
  6490.000  3.93550e-14
  6495.000  3.89305e-14
  6500.000  3.92003e-14
  6505.000  3.98871e-14
  6510.000  4.05074e-14
  6515.000  4.08291e-14
  6520.000  4.08182e-14
  6525.000  4.08257e-14
  6530.000  4.11728e-14
  6535.000  4.11601e-14
  6540.000  4.11412e-14
  6545.000  4.09243e-14
  6550.000  4.03619e-14
  6555.000  3.94740e-14
  6560.000  3.88196e-14
  6565.000  3.89331e-14
  6570.000  3.95834e-14
  6575.000  4.05855e-14
  6580.000  4.14401e-14
  6585.000  4.14769e-14
  6590.000  4.07806e-14
  6595.000  3.99149e-14
  6600.000  3.95037e-14
  6605.000  3.96834e-14
  6610.000  3.98356e-14
  6615.000  3.97387e-14
  6620.000  3.96518e-14
  6625.000  3.94394e-14
  6630.000  3.91236e-14
  6635.000  3.89390e-14
  6640.000  3.89608e-14
  6645.000  3.90952e-14
  6650.000  3.89854e-14
  6655.000  3.87551e-14
  6660.000  3.87166e-14
  6665.000  3.86025e-14
  6670.000  3.85554e-14
  6675.000  3.84271e-14
  6680.000  3.85782e-14
  6685.000  3.85810e-14
  6690.000  3.84140e-14
  6695.000  3.84160e-14
  6700.000  3.84028e-14
  6705.000  3.86519e-14
  6710.000  3.87586e-14
  6715.000  3.86510e-14
  6720.000  3.86748e-14
  6725.000  3.89839e-14
  6730.000  3.91035e-14
  6735.000  3.89813e-14
  6740.000  3.87104e-14
  6745.000  3.83028e-14
  6750.000  3.82317e-14
  6755.000  3.85017e-14
  6760.000  3.88086e-14
  6765.000  3.88979e-14
  6770.000  3.89688e-14
  6775.000  3.90320e-14
  6780.000  3.88505e-14
  6785.000  3.84754e-14
  6790.000  3.85654e-14
  6795.000  3.85907e-14
  6800.000  3.86354e-14
  6805.000  3.87747e-14
  6810.000  3.88403e-14
  6815.000  3.88259e-14
  6820.000  3.88372e-14
  6825.000  3.88150e-14
  6830.000  3.88118e-14
  6835.000  3.88358e-14
  6840.000  3.88436e-14
  6845.000  3.87454e-14
  6850.000  3.87592e-14
  6855.000  3.88686e-14
  6860.000  3.88650e-14
  6865.000  3.89406e-14
  6870.000  3.92003e-14
  6875.000  3.93370e-14
  6880.000  3.93471e-14
  6885.000  3.95567e-14
  6890.000  4.00154e-14
  6895.000  4.03819e-14
  6900.000  4.04143e-14
  6905.000  4.03564e-14
  6910.000  4.03149e-14
  6915.000  4.01618e-14
  6920.000  3.99695e-14
  6925.000  4.00796e-14
  6930.000  4.02427e-14
  6935.000  4.02637e-14
  6940.000  4.01487e-14
  6945.000  4.01087e-14
  6950.000  4.02029e-14
  6955.000  4.02786e-14
  6960.000  4.03903e-14
  6965.000  4.05011e-14
  6970.000  4.04314e-14
  6975.000  4.06716e-14
  6980.000  4.05787e-14
  6985.000  4.05113e-14
  6990.000  4.06408e-14
  6995.000  4.05850e-14
  7000.000  4.05109e-14
  7005.000  4.05132e-14
  7010.000  4.04348e-14
  7015.000  4.05005e-14
  7020.000  4.04859e-14
  7025.000  4.04705e-14
  7030.000  4.08195e-14
  7035.000  4.11856e-14
  7040.000  4.13112e-14
  7045.000  4.11581e-14
  7050.000  4.03147e-14
  7055.000  3.92974e-14
  7060.000  3.85240e-14
  7065.000  3.82690e-14
  7070.000  3.81146e-14
  7075.000  3.79316e-14
  7080.000  3.75657e-14
  7085.000  3.71866e-14
  7090.000  3.68405e-14
  7095.000  3.66605e-14
  7100.000  3.67480e-14
  7105.000  3.65383e-14
  7110.000  3.65479e-14
  7115.000  3.65123e-14
  7120.000  3.61677e-14
  7125.000  3.57834e-14
  7130.000  3.59556e-14
  7135.000  3.55478e-14
  7140.000  3.53977e-14
  7145.000  3.58028e-14
  7150.000  3.60387e-14
  7155.000  3.62411e-14
  7160.000  3.64931e-14
  7165.000  3.62792e-14
  7170.000  3.64572e-14
  7175.000  3.62525e-14
  7180.000  3.61797e-14
  7185.000  3.63156e-14
  7190.000  3.62870e-14
  7195.000  3.63089e-14
  7200.000  3.64786e-14
  7205.000  3.65061e-14
  7210.000  3.65423e-14
  7215.000  3.69947e-14
  7220.000  3.73905e-14
  7225.000  3.76489e-14
  7230.000  3.79865e-14
  7235.000  3.81484e-14
  7240.000  3.85110e-14
  7245.000  3.86249e-14
  7250.000  3.83478e-14
  7255.000  3.83171e-14
  7260.000  3.86310e-14
  7265.000  3.86831e-14
  7270.000  3.88056e-14
  7275.000  3.85924e-14
  7280.000  3.85513e-14
  7285.000  3.85046e-14
  7290.000  3.86088e-14
  7295.000  3.88315e-14
  7300.000  3.91800e-14
  7305.000  3.96924e-14
  7310.000  3.99582e-14
  7315.000  3.97293e-14
  7320.000  3.97343e-14
  7325.000  4.00113e-14
  7330.000  4.03379e-14
  7335.000  4.06574e-14
  7340.000  4.07402e-14
  7345.000  4.05344e-14
  7350.000  4.01992e-14
  7355.000  4.00060e-14
  7360.000  4.01236e-14
  7365.000  4.07117e-14
  7370.000  4.12277e-14
  7375.000  4.13877e-14
  7380.000  4.13759e-14
  7385.000  4.11589e-14
  7390.000  4.10150e-14
  7395.000  4.11232e-14
  7400.000  4.11905e-14
  7405.000  4.12086e-14
  7410.000  4.11037e-14
  7415.000  4.09651e-14
  7420.000  4.12363e-14
  7425.000  4.14662e-14
  7430.000  4.16937e-14
  7435.000  4.19530e-14
  7440.000  4.19695e-14
  7445.000  4.20384e-14
  7450.000  4.17426e-14
  7455.000  4.20718e-14
  7460.000  4.22514e-14
  7465.000  4.23847e-14
  7470.000  4.25061e-14
  7475.000  4.24864e-14
  7480.000  4.24448e-14
  7485.000  4.23139e-14
  7490.000  4.22506e-14
  7495.000  4.23452e-14
  7500.000  4.24762e-14
  7505.000  4.24933e-14
  7510.000  4.24607e-14
  7515.000  4.25217e-14
  7520.000  4.25782e-14
  7525.000  4.25524e-14
  7530.000  4.24923e-14
  7535.000  4.24097e-14
  7540.000  4.23265e-14
  7545.000  4.21535e-14
  7550.000  4.19560e-14
  7555.000  4.18965e-14
  7560.000  4.18841e-14
  7565.000  4.18124e-14
  7570.000  4.18155e-14
  7575.000  4.14867e-14
  7580.000  4.10954e-14
  7585.000  4.09521e-14
  7590.000  4.09167e-14
  7595.000  4.08059e-14
  7600.000  4.05616e-14
  7605.000  4.05040e-14
  7610.000  4.06078e-14
  7615.000  4.06739e-14
  7620.000  4.05418e-14
  7625.000  4.02937e-14
  7630.000  4.04141e-14
  7635.000  4.04923e-14
  7640.000  4.04208e-14
  7645.000  4.01176e-14
  7650.000  3.96079e-14
  7655.000  3.89759e-14
  7660.000  3.83558e-14
  7665.000  3.80807e-14
  7670.000  3.80944e-14
  7675.000  3.85707e-14
  7680.000  3.87489e-14
  7685.000  3.86946e-14
  7690.000  3.87556e-14
  7695.000  3.86436e-14
  7700.000  3.85322e-14
  7705.000  3.84674e-14
  7710.000  3.84821e-14
  7715.000  3.85224e-14
  7720.000  3.86709e-14
  7725.000  3.89923e-14
  7730.000  3.92545e-14
  7735.000  3.95872e-14
  7740.000  3.95360e-14
  7745.000  3.92303e-14
  7750.000  3.90399e-14
  7755.000  3.91790e-14
  7760.000  3.94070e-14
  7765.000  3.95443e-14
  7770.000  3.97895e-14
  7775.000  3.99437e-14
  7780.000  3.97039e-14
  7785.000  3.92954e-14
  7790.000  3.96152e-14
  7795.000  3.97951e-14
  7800.000  3.97849e-14
  7805.000  3.99657e-14
  7810.000  4.02055e-14
  7815.000  4.03188e-14
  7820.000  4.04094e-14
  7825.000  4.02366e-14
  7830.000  3.97842e-14
  7835.000  3.95431e-14
  7840.000  3.95501e-14
  7845.000  3.96042e-14
  7850.000  3.97235e-14
  7855.000  3.98565e-14
  7860.000  4.00183e-14
  7865.000  4.00989e-14
  7870.000  3.98150e-14
  7875.000  3.92849e-14
  7880.000  3.93527e-14
  7885.000  3.92378e-14
  7890.000  3.91107e-14
  7895.000  3.90213e-14
  7900.000  3.88806e-14
  7905.000  3.85845e-14
  7910.000  3.82088e-14
  7915.000  3.80172e-14
  7920.000  3.77665e-14
  7925.000  3.77783e-14
  7930.000  3.79598e-14
  7935.000  3.78372e-14
  7940.000  3.80675e-14
  7945.000  3.80605e-14
  7950.000  3.83075e-14
  7955.000  3.87526e-14
  7960.000  3.90992e-14
  7965.000  3.95552e-14
  7970.000  3.98797e-14
  7975.000  3.99178e-14
  7980.000  3.98091e-14
  7985.000  3.97647e-14
  7990.000  3.98691e-14
  7995.000  3.99208e-14
  8000.000  4.01856e-14
  8005.000  4.05870e-14
  8010.000  4.09744e-14
  8015.000  4.11442e-14
  8020.000  4.10197e-14
  8025.000  4.10431e-14
  8030.000  4.11360e-14
  8035.000  4.12951e-14
  8040.000  4.14396e-14
  8045.000  4.13337e-14
  8050.000  4.09560e-14
  8055.000  4.06599e-14
  8060.000  4.03512e-14
  8065.000  4.01643e-14
  8070.000  4.03325e-14
  8075.000  4.01254e-14
  8080.000  3.95271e-14
  8085.000  3.92423e-14
  8090.000  3.92259e-14
  8095.000  3.90337e-14
  8100.000  3.94633e-14
  8105.000  3.98818e-14
  8110.000  4.01061e-14
  8115.000  4.02975e-14
  8120.000  4.08074e-14
  8125.000  4.15584e-14
  8130.000  4.19699e-14
  8135.000  4.21144e-14
  8140.000  4.21743e-14
  8145.000  4.21154e-14
  8150.000  4.17706e-14
  8155.000  4.22054e-14
  8160.000  4.28632e-14
  8165.000  4.30857e-14
  8170.000  4.27231e-14
  8175.000  4.20664e-14
  8180.000  4.14759e-14
  8185.000  4.06607e-14
  8190.000  3.99650e-14
  8195.000  3.99168e-14
  8200.000  4.02010e-14
  8205.000  4.00997e-14
  8210.000  4.03423e-14
  8215.000  4.09407e-14
  8220.000  4.13011e-14
  8225.000  4.15704e-14
  8230.000  4.14818e-14
  8235.000  4.13662e-14
  8240.000  4.14555e-14
  8245.000  4.17101e-14
  8250.000  4.16681e-14
  8255.000  4.20293e-14
  8260.000  4.26319e-14
  8265.000  4.28300e-14
  8270.000  4.17697e-14
  8275.000  4.13812e-14
  8280.000  4.11594e-14
  8285.000  4.09105e-14
  8290.000  4.07167e-14
  8295.000  4.04125e-14
  8300.000  3.99797e-14
  8305.000  3.96395e-14
  8310.000  3.95462e-14
  8315.000  3.96451e-14
  8320.000  3.96678e-14
  8325.000  3.95141e-14
  8330.000  3.93114e-14
  8335.000  3.92343e-14
  8340.000  3.92942e-14
  8345.000  3.94422e-14
  8350.000  3.94807e-14
  8355.000  3.94487e-14
  8360.000  3.95469e-14
  8365.000  3.95239e-14
  8370.000  3.95134e-14
  8375.000  3.93832e-14
  8380.000  3.90941e-14
  8385.000  3.90286e-14
  8390.000  3.92173e-14
  8395.000  3.95627e-14
  8400.000  3.99246e-14
  8405.000  4.01112e-14
  8410.000  3.99545e-14
  8415.000  3.97195e-14
  8420.000  3.94637e-14
  8425.000  3.91413e-14
  8430.000  3.86204e-14
  8435.000  3.82577e-14
  8440.000  3.82036e-14
  8445.000  3.83346e-14
  8450.000  3.82348e-14
  8455.000  3.83229e-14
  8460.000  3.82821e-14
  8465.000  3.81739e-14
  8470.000  3.81739e-14
  8475.000  3.84038e-14
  8480.000  3.83450e-14
  8485.000  3.79835e-14
  8490.000  3.74453e-14
  8495.000  3.70038e-14
  8500.000  3.69303e-14
  8505.000  3.71625e-14
  8510.000  3.75025e-14
  8515.000  3.76799e-14
  8520.000  3.75721e-14
  8525.000  3.68248e-14
  8530.000  3.55849e-14
  8535.000  3.44397e-14
  8540.000  3.43501e-14
  8545.000  3.51109e-14
  8550.000  3.63900e-14
  8555.000  3.77838e-14
  8560.000  3.87526e-14
  8565.000  3.94084e-14
  8570.000  3.97019e-14
  8575.000  3.96773e-14
  8580.000  3.98017e-14
  8585.000  3.99598e-14
  8590.000  4.01394e-14
  8595.000  4.02937e-14
  8600.000  4.02321e-14
  8605.000  4.04750e-14
  8610.000  4.06263e-14
  8615.000  4.06294e-14
  8620.000  4.07792e-14
  8625.000  4.09601e-14
  8630.000  4.10595e-14
  8635.000  4.09745e-14
  8640.000  4.06224e-14
  8645.000  4.01219e-14
  8650.000  3.91429e-14
  8655.000  3.79029e-14
  8660.000  3.71564e-14
  8665.000  3.74481e-14
  8670.000  3.82424e-14
  8675.000  3.90835e-14
  8680.000  3.96460e-14
  8685.000  3.98153e-14
  8690.000  4.01869e-14
  8695.000  4.07190e-14
  8700.000  4.09080e-14
  8705.000  4.11664e-14
  8710.000  4.13909e-14
  8715.000  4.15601e-14
  8720.000  4.16867e-14
  8725.000  4.16957e-14
  8730.000  4.16584e-14
  8735.000  4.16280e-14
  8740.000  4.16131e-14
  8745.000  4.14980e-14
  8750.000  4.15344e-14
  8755.000  4.17968e-14
  8760.000  4.20592e-14
  8765.000  4.21087e-14
  8770.000  4.21316e-14
  8775.000  4.21751e-14
  8780.000  4.21289e-14
  8785.000  4.19269e-14
  8790.000  4.18619e-14
  8795.000  4.19164e-14
  8800.000  4.15661e-14
  8805.000  4.10565e-14
  8810.000  4.09932e-14
  8815.000  4.16974e-14
  8820.000  4.19709e-14
  8825.000  4.22357e-14
  8830.000  4.24596e-14
  8835.000  4.25248e-14
  8840.000  4.25247e-14
  8845.000  4.26215e-14
  8850.000  4.26659e-14
  8855.000  4.24048e-14
  8860.000  4.18971e-14
  8865.000  4.14405e-14
  8870.000  4.11589e-14
  8875.000  4.09778e-14
  8880.000  4.09819e-14
  8885.000  4.12336e-14
  8890.000  4.17084e-14
  8895.000  4.21289e-14
  8900.000  4.18270e-14
  8905.000  4.15042e-14
  8910.000  4.16924e-14
  8915.000  4.14993e-14
  8920.000  4.13293e-14
  8925.000  4.14139e-14
  8930.000  4.18796e-14
  8935.000  4.19523e-14
  8940.000  4.16062e-14
  8945.000  4.11932e-14
  8950.000  4.15629e-14
  8955.000  4.19291e-14
  8960.000  4.20046e-14
  8965.000  4.17851e-14
  8970.000  4.18928e-14
  8975.000  4.21299e-14
  8980.000  4.23674e-14
  8985.000  4.24982e-14
  8990.000  4.28064e-14
  8995.000  4.26631e-14
  9000.000  4.21062e-14
  9005.000  4.19301e-14
  9010.000  4.16570e-14
  9015.000  4.14731e-14
  9020.000  4.17256e-14
  9025.000  4.22999e-14
  9030.000  4.27452e-14
  9035.000  4.30780e-14
  9040.000  4.34469e-14
  9045.000  4.32186e-14
  9050.000  4.30461e-14
  9055.000  4.34113e-14
  9060.000  4.35829e-14
  9065.000  4.32867e-14
  9070.000  4.28791e-14
  9075.000  4.29244e-14
  9080.000  4.27940e-14
  9085.000  4.24397e-14
  9090.000  4.20415e-14
  9095.000  4.22804e-14
  9100.000  4.24493e-14
  9105.000  4.24868e-14
  9110.000  4.25658e-14
  9115.000  4.29526e-14
  9120.000  4.33813e-14
  9125.000  4.35862e-14
  9130.000  4.31986e-14
  9135.000  4.29092e-14
  9140.000  4.27268e-14
  9145.000  4.23714e-14
  9150.000  4.19956e-14
  9155.000  4.17808e-14
  9160.000  4.18134e-14
  9165.000  4.20302e-14
  9170.000  4.21986e-14
  9175.000  4.22529e-14
  9180.000  4.21732e-14
  9185.000  4.21928e-14
  9190.000  4.18759e-14
  9195.000  4.11161e-14
  9200.000  4.06732e-14
  9205.000  4.03966e-14
  9210.000  4.03119e-14
  9215.000  4.07411e-14
  9220.000  4.07677e-14
  9225.000  4.04290e-14
  9230.000  3.98360e-14
  9235.000  3.93642e-14
  9240.000  3.92488e-14
  9245.000  3.95344e-14
  9250.000  3.99109e-14
  9255.000  4.04748e-14
  9260.000  4.08759e-14
  9265.000  4.07216e-14
  9270.000  4.13088e-14
  9275.000  4.16441e-14
  9280.000  4.09610e-14
  9285.000  4.08928e-14
  9290.000  4.03148e-14
  9295.000  3.93699e-14
  9300.000  3.92742e-14
  9305.000  4.01857e-14
  9310.000  4.09983e-14
  9315.000  4.02671e-14
  9320.000  4.05118e-14
  9325.000  4.08615e-14
  9330.000  4.06309e-14
  9335.000  3.97778e-14
  9340.000  3.94638e-14
  9345.000  3.95754e-14
  9350.000  3.88683e-14
  9355.000  3.88334e-14
  9360.000  3.92604e-14
  9365.000  3.92558e-14
  9370.000  3.90133e-14
  9375.000  3.89210e-14
  9380.000  3.91503e-14
  9385.000  3.90880e-14
  9390.000  3.87243e-14
  9395.000  3.82081e-14
  9400.000  3.87303e-14
  9405.000  3.83539e-14
  9410.000  3.74838e-14
  9415.000  3.76237e-14
  9420.000  3.88772e-14
  9425.000  3.98312e-14
  9430.000  3.82010e-14
  9435.000  3.81267e-14
  9440.000  3.87555e-14
  9445.000  3.92983e-14
  9450.000  3.91007e-14
  9455.000  3.92166e-14
  9460.000  3.98782e-14
  9465.000  3.98992e-14
  9470.000  3.96392e-14
  9475.000  3.93521e-14
  9480.000  3.96356e-14
  9485.000  3.99242e-14
  9490.000  4.01268e-14
  9495.000  4.02105e-14
  9500.000  4.07657e-14
  9505.000  4.10999e-14
  9510.000  3.99680e-14
  9515.000  3.99060e-14
  9520.000  4.02133e-14
  9525.000  4.03215e-14
  9530.000  4.02579e-14
  9535.000  4.02139e-14
  9540.000  4.02207e-14
  9545.000  3.99495e-14
  9550.000  3.96403e-14
  9555.000  3.94823e-14
  9560.000  4.02057e-14
  9565.000  4.05286e-14
  9570.000  4.03698e-14
  9575.000  4.01133e-14
  9580.000  4.00190e-14
  9585.000  4.00388e-14
  9590.000  3.99261e-14
  9595.000  3.98740e-14
  9600.000  3.99552e-14
  9605.000  4.03028e-14
  9610.000  4.07945e-14
  9615.000  4.11453e-14
  9620.000  4.10319e-14
  9625.000  4.06279e-14
  9630.000  4.01695e-14
  9635.000  3.99393e-14
  9640.000  4.01469e-14
  9645.000  4.03590e-14
  9650.000  4.01996e-14
  9655.000  3.99573e-14
  9660.000  3.99898e-14
  9665.000  4.04366e-14
  9670.000  4.06030e-14
  9675.000  4.06164e-14
  9680.000  4.05999e-14
  9685.000  4.08249e-14
  9690.000  4.06701e-14
  9695.000  3.99253e-14
  9700.000  3.98857e-14
  9705.000  4.02033e-14
  9710.000  4.06682e-14
  9715.000  4.07392e-14
  9720.000  4.06565e-14
  9725.000  4.05212e-14
  9730.000  4.02507e-14
  9735.000  3.99054e-14
  9740.000  3.95397e-14
  9745.000  3.94657e-14
  9750.000  3.94837e-14
  9755.000  3.95390e-14
  9760.000  3.96086e-14
  9765.000  3.98024e-14
  9770.000  4.00561e-14
  9775.000  3.96429e-14
  9780.000  3.94565e-14
  9785.000  3.97804e-14
  9790.000  4.07221e-14
  9795.000  4.06302e-14
  9800.000  3.95431e-14
  9805.000  3.97469e-14
  9810.000  4.00483e-14
  9815.000  3.99261e-14
  9820.000  3.95819e-14
  9825.000  3.95873e-14
  9830.000  4.01648e-14
  9835.000  4.05087e-14
  9840.000  4.05611e-14
  9845.000  4.03364e-14
  9850.000  4.03879e-14
  9855.000  4.03858e-14
  9860.000  4.03131e-14
  9865.000  4.11948e-14
  9870.000  4.17221e-14
  9875.000  4.09291e-14
  9880.000  4.03615e-14
  9885.000  4.00683e-14
  9890.000  4.00783e-14
  9895.000  3.54757e-14
  9900.000  3.35922e-14
  9905.000  3.90374e-14
  9910.000  4.07232e-14
  9915.000  3.99803e-14
  9920.000  3.88745e-14
  9925.000  3.83236e-14
  9930.000  3.81666e-14
  9935.000  3.82154e-14
