# kc96/starb4  |  Kinney et al. 1996, ApJ 467, 38 (starb: Calzetti et al. 1994)
# columns: wavelength_Angstrom  flam_erg_s_cm2_A (absolute scale arbitrary - ETC renormalizes)
  1235.000  8.03778e-14
  1240.000  9.72591e-14
  1245.000  1.01263e-13
  1250.000  9.32988e-14
  1255.000  8.02965e-14
  1260.000  8.64826e-14
  1265.000  1.03585e-13
  1270.000  1.05554e-13
  1275.000  1.07256e-13
  1280.000  1.11626e-13
  1285.000  1.03242e-13
  1290.000  9.31429e-14
  1295.000  8.70221e-14
  1300.000  6.99967e-14
  1305.000  8.83716e-14
  1310.000  1.04970e-13
  1315.000  1.02271e-13
  1320.000  9.08852e-14
  1325.000  9.49336e-14
  1330.000  7.76780e-14
  1335.000  7.24081e-14
  1340.000  9.65774e-14
  1345.000  9.66004e-14
  1350.000  9.90189e-14
  1355.000  9.66445e-14
  1360.000  9.14192e-14
  1365.000  9.21345e-14
  1370.000  9.32569e-14
  1375.000  9.20077e-14
  1380.000  8.33146e-14
  1385.000  7.28321e-14
  1390.000  5.70945e-14
  1395.000  6.80978e-14
  1400.000  7.15069e-14
  1405.000  9.22078e-14
  1410.000  8.67504e-14
  1415.000  8.47895e-14
  1420.000  8.68327e-14
  1425.000  8.42703e-14
  1430.000  8.59912e-14
  1435.000  8.46834e-14
  1440.000  9.32980e-14
  1445.000  9.09483e-14
  1450.000  9.15826e-14
  1455.000  9.49603e-14
  1460.000  9.30409e-14
  1465.000  9.80013e-14
  1470.000  9.79084e-14
  1475.000  9.73014e-14
  1480.000  1.01072e-13
  1485.000  9.79168e-14
  1490.000  1.00826e-13
  1495.000  8.93514e-14
  1500.000  8.81962e-14
  1505.000  8.84569e-14
  1510.000  8.84481e-14
  1515.000  8.83767e-14
  1520.000  8.17488e-14
  1525.000  6.66800e-14
  1530.000  6.74311e-14
  1535.000  6.45179e-14
  1540.000  5.60711e-14
  1545.000  4.19436e-14
  1550.000  6.16083e-14
  1555.000  9.19598e-14
  1560.000  8.37385e-14
  1565.000  7.91781e-14
  1570.000  8.12689e-14
  1575.000  8.27225e-14
  1580.000  7.70333e-14
  1585.000  7.71705e-14
  1590.000  7.90902e-14
  1595.000  7.51419e-14
  1600.000  7.31099e-14
  1605.000  6.72915e-14
  1610.000  6.96356e-14
  1615.000  7.28875e-14
  1620.000  7.65912e-14
  1625.000  7.50786e-14
  1630.000  7.54074e-14
  1635.000  8.27666e-14
  1640.000  8.46959e-14
  1645.000  8.67017e-14
  1650.000  8.21265e-14
  1655.000  7.26583e-14
  1660.000  7.61860e-14
  1665.000  7.64917e-14
  1670.000  6.32124e-14
  1675.000  7.52423e-14
  1680.000  8.35357e-14
  1685.000  8.08110e-14
  1690.000  7.90491e-14
  1695.000  7.53925e-14
  1700.000  7.35521e-14
  1705.000  7.71720e-14
  1710.000  6.99514e-14
  1715.000  7.23877e-14
  1720.000  7.66835e-14
  1725.000  7.97640e-14
  1730.000  8.45858e-14
  1735.000  8.06828e-14
  1740.000  7.82677e-14
  1745.000  8.41933e-14
  1750.000  7.93268e-14
  1755.000  8.21230e-14
  1760.000  8.05513e-14
  1765.000  7.65240e-14
  1770.000  7.27027e-14
  1775.000  7.21617e-14
  1780.000  7.62230e-14
  1785.000  7.42454e-14
  1790.000  7.18570e-14
  1795.000  7.61378e-14
  1800.000  7.63887e-14
  1805.000  7.15151e-14
  1810.000  7.16805e-14
  1815.000  7.50858e-14
  1820.000  7.31466e-14
  1825.000  7.24162e-14
  1830.000  7.15768e-14
  1835.000  7.00591e-14
  1840.000  6.59813e-14
  1845.000  6.15049e-14
  1850.000  5.86125e-14
  1855.000  5.78993e-14
  1860.000  5.99395e-14
  1865.000  6.55170e-14
  1870.000  7.01433e-14
  1875.000  6.60430e-14
  1880.000  6.81735e-14
  1885.000  6.43318e-14
  1890.000  6.04283e-14
  1895.000  6.21868e-14
  1900.000  6.64232e-14
  1905.000  6.67667e-14
  1910.000  6.65681e-14
  1915.000  5.98792e-14
  1920.000  5.68264e-14
  1925.000  5.54318e-14
  1930.000  5.92930e-14
  1935.000  5.97720e-14
  1940.000  5.91840e-14
  1945.000  6.00656e-14
  1950.000  5.89934e-14
  1955.000  5.25720e-14
  1960.000  4.81503e-14
  1965.000  4.68674e-14
  1970.000  4.84967e-14
  1975.000  6.34961e-14
  1980.000  5.22029e-14
  1985.000  6.49158e-14
  1990.000  6.42171e-14
  1995.000  5.25658e-14
  2000.000  4.75795e-14
  2005.000  5.87366e-14
  2010.000  5.70878e-14
  2015.000  4.06760e-14
  2020.000  5.81526e-14
  2025.000  5.46644e-14
  2030.000  5.84258e-14
  2035.000  5.38409e-14
  2040.000  5.41555e-14
  2045.000  5.37257e-14
  2050.000  5.21163e-14
  2055.000  5.09582e-14
  2060.000  4.64004e-14
  2065.000  4.88249e-14
  2070.000  5.08319e-14
  2075.000  5.41223e-14
  2080.000  5.10790e-14
  2085.000  4.72753e-14
  2090.000  4.53729e-14
  2095.000  5.36043e-14
  2100.000  4.67506e-14
  2105.000  3.98740e-14
  2110.000  5.15416e-14
  2115.000  5.33881e-14
  2120.000  4.19058e-14
  2125.000  5.22498e-14
  2130.000  4.77849e-14
  2135.000  4.55166e-14
  2140.000  4.62163e-14
  2145.000  4.07982e-14
  2150.000  3.74403e-14
  2155.000  4.69828e-14
  2160.000  4.27349e-14
  2165.000  4.74820e-14
  2170.000  4.85986e-14
  2175.000  5.13756e-14
  2180.000  4.66768e-14
  2185.000  5.11523e-14
  2190.000  4.86906e-14
  2195.000  4.70502e-14
  2200.000  4.13902e-14
  2205.000  4.14516e-14
  2210.000  4.22836e-14
  2215.000  4.46009e-14
  2220.000  4.97713e-14
  2225.000  4.41255e-14
  2230.000  4.47211e-14
  2235.000  4.76608e-14
  2240.000  5.16871e-14
  2245.000  4.64801e-14
  2250.000  4.55012e-14
  2255.000  5.30106e-14
  2260.000  5.72315e-14
  2265.000  4.59214e-14
  2270.000  4.53732e-14
  2275.000  5.44631e-14
  2280.000  5.06003e-14
  2285.000  4.80938e-14
  2290.000  4.25594e-14
  2295.000  4.63486e-14
  2300.000  4.84451e-14
  2305.000  4.79935e-14
  2310.000  3.99346e-14
  2315.000  5.32645e-14
  2320.000  4.81137e-14
  2325.000  4.42242e-14
  2330.000  4.74853e-14
  2335.000  4.68339e-14
  2340.000  4.46875e-14
  2345.000  3.54171e-14
  2350.000  3.62757e-14
  2355.000  3.80180e-14
  2360.000  4.22008e-14
  2365.000  3.89731e-14
  2370.000  4.16299e-14
  2375.000  3.72548e-14
  2380.000  3.72456e-14
  2385.000  3.48993e-14
  2390.000  3.75373e-14
  2395.000  4.56700e-14
  2400.000  4.50925e-14
  2405.000  4.03642e-14
  2410.000  4.37522e-14
  2415.000  4.57149e-14
  2420.000  4.55348e-14
  2425.000  4.64161e-14
  2430.000  4.86899e-14
  2435.000  4.65602e-14
  2440.000  4.76899e-14
  2445.000  4.64553e-14
  2450.000  4.47702e-14
  2455.000  4.37624e-14
  2460.000  4.45953e-14
  2465.000  4.66945e-14
  2470.000  4.04889e-14
  2475.000  4.28889e-14
  2480.000  4.72294e-14
  2485.000  4.27665e-14
  2490.000  4.16548e-14
  2495.000  4.27933e-14
  2500.000  4.40060e-14
  2505.000  4.17073e-14
  2510.000  4.39544e-14
  2515.000  3.92295e-14
  2520.000  3.96218e-14
  2525.000  3.86801e-14
  2530.000  4.16525e-14
  2535.000  3.85076e-14
  2540.000  4.17401e-14
  2545.000  4.04926e-14
  2550.000  4.12227e-14
  2555.000  3.84535e-14
  2560.000  4.02481e-14
  2565.000  3.71957e-14
  2570.000  3.92248e-14
  2575.000  3.84535e-14
  2580.000  3.78166e-14
  2585.000  3.49837e-14
  2590.000  3.47175e-14
  2595.000  3.32664e-14
  2600.000  3.32300e-14
  2605.000  3.38294e-14
  2610.000  3.96557e-14
  2615.000  4.15476e-14
  2620.000  4.18508e-14
  2625.000  4.06509e-14
  2630.000  4.17061e-14
  2635.000  4.20850e-14
  2640.000  4.31771e-14
  2645.000  4.30109e-14
  2650.000  4.30281e-14
  2655.000  4.41289e-14
  2660.000  4.43007e-14
  2665.000  3.89564e-14
  2670.000  4.00137e-14
  2675.000  4.20675e-14
  2680.000  4.09114e-14
  2685.000  4.34358e-14
  2690.000  4.03231e-14
  2695.000  3.95597e-14
  2700.000  3.80009e-14
  2705.000  4.28696e-14
  2710.000  4.04767e-14
  2715.000  3.78075e-14
  2720.000  3.88298e-14
  2725.000  3.93722e-14
  2730.000  3.68968e-14
  2735.000  3.68942e-14
  2740.000  3.55143e-14
  2745.000  3.73686e-14
  2750.000  3.58432e-14
  2755.000  3.65708e-14
  2760.000  3.76509e-14
  2765.000  3.73775e-14
  2770.000  3.40401e-14
  2775.000  3.64582e-14
  2780.000  3.68403e-14
  2785.000  3.38548e-14
  2790.000  3.50479e-14
  2795.000  2.72904e-14
  2800.000  2.30989e-14
  2805.000  2.66583e-14
  2810.000  3.55897e-14
  2815.000  3.81476e-14
  2820.000  3.82587e-14
  2825.000  3.85810e-14
  2830.000  3.94389e-14
  2835.000  3.83122e-14
  2840.000  3.76509e-14
  2845.000  3.62668e-14
  2850.000  3.76913e-14
  2855.000  3.69295e-14
  2860.000  3.51088e-14
  2865.000  3.38850e-14
  2870.000  3.75344e-14
  2875.000  3.56072e-14
  2880.000  3.40959e-14
  2885.000  3.66750e-14
  2890.000  3.90265e-14
  2895.000  3.64989e-14
  2900.000  3.51826e-14
  2905.000  3.71283e-14
  2910.000  3.65200e-14
  2915.000  3.74806e-14
  2920.000  3.86271e-14
  2925.000  3.67958e-14
  2930.000  3.74563e-14
  2935.000  3.95611e-14
  2940.000  3.81851e-14
  2945.000  3.91147e-14
  2950.000  3.93925e-14
  2955.000  3.94903e-14
  2960.000  3.92904e-14
  2965.000  3.40935e-14
  2970.000  3.63040e-14
  2975.000  3.59954e-14
  2980.000  3.83507e-14
  2985.000  3.54434e-14
  2990.000  3.61762e-14
  2995.000  3.94179e-14
  3000.000  3.40588e-14
  3005.000  3.95478e-14
  3010.000  3.39320e-14
  3015.000  3.74203e-14
  3020.000  3.82587e-14
  3025.000  3.74822e-14
  3030.000  3.80410e-14
  3035.000  3.75468e-14
  3040.000  3.85534e-14
  3045.000  3.35297e-14
  3050.000  4.01574e-14
  3055.000  3.73551e-14
  3060.000  3.31379e-14
  3065.000  4.19220e-14
  3070.000  3.63972e-14
  3075.000  3.70881e-14
  3080.000  3.75586e-14
  3085.000  4.11385e-14
  3090.000  3.74977e-14
  3095.000  3.85794e-14
  3100.000  4.40060e-14
  3105.000  3.88831e-14
  3110.000  4.00172e-14
  3115.000  3.81095e-14
  3120.000  3.67300e-14
  3125.000  3.73072e-14
  3130.000  3.59703e-14
  3135.000  3.52106e-14
  3140.000  3.53114e-14
  3145.000  3.78530e-14
  3150.000  3.32069e-14
  3155.000  3.60660e-14
  3160.000  3.24013e-14
  3165.000  4.90201e-14
  3170.000  3.21446e-14
  3175.000  3.00823e-14
  3180.000  2.43146e-14
  3185.000  3.97808e-14
  3190.000  4.03121e-14
  3195.000  4.68246e-14
  3200.000  4.30665e-14
  3205.000  3.55357e-14
  3210.000  2.44644e-14
  3215.000  3.59499e-14
  3220.000  3.15353e-14
  3225.000  2.28260e-14
  3230.000  3.43183e-14
  3235.000  3.51303e-14
  3240.000  2.98408e-14
  3245.000  4.26422e-14
  3250.000  4.44736e-14
  3255.000  4.45126e-14
  3260.000  3.33038e-14
  3265.000  3.76220e-14
  3270.000  4.84922e-14
  3275.000  3.94093e-14
  3280.000  3.42799e-14
  3285.000  2.79798e-14
  3290.000  2.94964e-14
  3295.000  2.84207e-14
  3300.000  3.00986e-14
  3305.000  3.72535e-14
  3310.000  4.61374e-14
  3315.000  4.46677e-14
  3320.000  5.13002e-14
  3325.000  4.55668e-14
  3330.000  3.96566e-14
  3335.000  3.78379e-14
  3340.000  4.16481e-14
  3345.000  4.37922e-14
  3350.000  4.25554e-14
  3355.000  3.93604e-14
  3360.000  3.94008e-14
  3365.000  3.98498e-14
  3370.000  3.67083e-14
  3375.000  3.23949e-14
  3380.000  3.29906e-14
  3385.000  4.64379e-14
  3390.000  4.78581e-14
  3395.000  4.11156e-14
  3400.000  3.92904e-14
  3405.000  3.84911e-14
  3410.000  4.00205e-14
  3415.000  3.85789e-14
  3420.000  4.15928e-14
  3425.000  3.87576e-14
  3430.000  3.70666e-14
  3435.000  3.92761e-14
  3440.000  3.78719e-14
  3445.000  3.87539e-14
  3450.000  4.08361e-14
  3455.000  4.08711e-14
  3460.000  4.26060e-14
  3465.000  4.45792e-14
  3470.000  4.00208e-14
  3475.000  4.00773e-14
  3480.000  4.31954e-14
  3485.000  3.87372e-14
  3490.000  3.15697e-14
  3495.000  3.43999e-14
  3500.000  3.50905e-14
  3505.000  3.98197e-14
  3510.000  4.00453e-14
  3515.000  3.39845e-14
  3520.000  3.77613e-14
  3525.000  3.79753e-14
  3530.000  3.47185e-14
  3535.000  3.76877e-14
  3540.000  4.05981e-14
  3545.000  3.76170e-14
  3550.000  3.66451e-14
  3555.000  3.62541e-14
  3560.000  3.51458e-14
  3565.000  3.79380e-14
  3570.000  3.85464e-14
  3575.000  3.47551e-14
  3580.000  3.30644e-14
  3585.000  3.19675e-14
  3590.000  3.00918e-14
  3595.000  3.29964e-14
  3600.000  3.33038e-14
  3605.000  3.34526e-14
  3610.000  3.35880e-14
  3615.000  3.93416e-14
  3620.000  3.88298e-14
  3625.000  3.36227e-14
  3630.000  3.50654e-14
  3635.000  3.25386e-14
  3640.000  3.39668e-14
  3645.000  3.54328e-14
  3650.000  3.99905e-14
  3655.000  3.97679e-14
  3660.000  3.75771e-14
  3665.000  3.62910e-14
  3670.000  3.15912e-14
  3675.000  3.23001e-14
  3680.000  3.24013e-14
  3685.000  3.15597e-14
  3690.000  3.07724e-14
  3695.000  3.36570e-14
  3700.000  3.43352e-14
  3705.000  3.48907e-14
  3710.000  3.64323e-14
  3715.000  3.98493e-14
  3720.000  5.88526e-14
  3725.000  1.12446e-13
  3730.000  1.19363e-13
  3735.000  6.48068e-14
  3740.000  4.02113e-14
  3745.000  3.68981e-14
  3750.000  3.59186e-14
  3755.000  3.99879e-14
  3760.000  3.86271e-14
  3765.000  3.63027e-14
  3770.000  3.52024e-14
  3775.000  3.79462e-14
  3780.000  4.11139e-14
  3785.000  4.61630e-14
  3790.000  4.14827e-14
  3795.000  3.37621e-14
  3800.000  3.48326e-14
  3805.000  3.91719e-14
  3810.000  4.08966e-14
  3815.000  4.26248e-14
  3820.000  4.22191e-14
  3825.000  4.13048e-14
  3830.000  3.89822e-14
  3835.000  3.56403e-14
  3840.000  3.49432e-14
  3845.000  3.94157e-14
  3850.000  4.12038e-14
  3855.000  4.14944e-14
  3860.000  4.49820e-14
  3865.000  4.81622e-14
  3870.000  4.93915e-14
  3875.000  4.38599e-14
  3880.000  4.14822e-14
  3885.000  3.89135e-14
  3890.000  3.93093e-14
  3895.000  3.85195e-14
  3900.000  3.99351e-14
  3905.000  4.14965e-14
  3910.000  4.37027e-14
  3915.000  4.52811e-14
  3920.000  4.33980e-14
  3925.000  4.26569e-14
  3930.000  3.83556e-14
  3935.000  3.63078e-14
  3940.000  4.04693e-14
  3945.000  4.30638e-14
  3950.000  4.21670e-14
  3955.000  4.13565e-14
  3960.000  3.95297e-14
  3965.000  3.72446e-14
  3970.000  3.74659e-14
  3975.000  3.76739e-14
  3980.000  4.05613e-14
  3985.000  4.31074e-14
  3990.000  4.39967e-14
  3995.000  4.54319e-14
  4000.000  4.69716e-14
  4005.000  4.59646e-14
  4010.000  4.57041e-14
  4015.000  4.53136e-14
  4020.000  4.48715e-14
  4025.000  4.51392e-14
  4030.000  4.46727e-14
  4035.000  4.75193e-14
  4040.000  4.89241e-14
  4045.000  4.64663e-14
  4050.000  4.60321e-14
  4055.000  4.78894e-14
  4060.000  4.77634e-14
  4065.000  4.89788e-14
  4070.000  4.76494e-14
  4075.000  4.45186e-14
  4080.000  4.46322e-14
  4085.000  4.52607e-14
  4090.000  4.42712e-14
  4095.000  4.26452e-14
  4100.000  4.46690e-14
  4105.000  4.58924e-14
  4110.000  4.32050e-14
  4115.000  4.38310e-14
  4120.000  4.53135e-14
  4125.000  4.44498e-14
  4130.000  4.45640e-14
  4135.000  4.63681e-14
  4140.000  4.65664e-14
  4145.000  4.75374e-14
  4150.000  4.64194e-14
  4155.000  4.59094e-14
  4160.000  4.66213e-14
  4165.000  4.81608e-14
  4170.000  4.58678e-14
  4175.000  4.38264e-14
  4180.000  4.44848e-14
  4185.000  4.39905e-14
  4190.000  4.45057e-14
  4195.000  4.57893e-14
  4200.000  4.53506e-14
  4205.000  4.46278e-14
  4210.000  4.71260e-14
  4215.000  4.81100e-14
  4220.000  4.75057e-14
  4225.000  4.45161e-14
  4230.000  4.41888e-14
  4235.000  4.47793e-14
  4240.000  4.53875e-14
  4245.000  4.42429e-14
  4250.000  4.41497e-14
  4255.000  4.38039e-14
  4260.000  4.30850e-14
  4265.000  4.36981e-14
  4270.000  4.42398e-14
  4275.000  4.43615e-14
  4280.000  4.53875e-14
  4285.000  4.57909e-14
  4290.000  4.37639e-14
  4295.000  4.21910e-14
  4300.000  4.02297e-14
  4305.000  3.97247e-14
  4310.000  4.14318e-14
  4315.000  4.31875e-14
  4320.000  4.24216e-14
  4325.000  4.16033e-14
  4330.000  4.22500e-14
  4335.000  4.59578e-14
  4340.000  5.49474e-14
  4345.000  5.11925e-14
  4350.000  4.30326e-14
  4355.000  4.29218e-14
  4360.000  4.50374e-14
  4365.000  4.44801e-14
  4370.000  4.31617e-14
  4375.000  4.34794e-14
  4380.000  4.21640e-14
  4385.000  4.11507e-14
  4390.000  4.14953e-14
  4395.000  4.23838e-14
  4400.000  4.37664e-14
  4405.000  4.38933e-14
  4410.000  4.42134e-14
  4415.000  4.40697e-14
  4420.000  4.43007e-14
  4425.000  4.43440e-14
  4430.000  4.29209e-14
  4435.000  4.29261e-14
  4440.000  4.44479e-14
  4445.000  4.33596e-14
  4450.000  4.28152e-14
  4455.000  4.30233e-14
  4460.000  4.26611e-14
  4465.000  4.34852e-14
  4470.000  4.45918e-14
  4475.000  4.48694e-14
  4480.000  4.34715e-14
  4485.000  4.38126e-14
  4490.000  4.38645e-14
  4495.000  4.34834e-14
  4500.000  4.49085e-14
  4505.000  4.45583e-14
  4510.000  4.52878e-14
  4515.000  4.58739e-14
  4520.000  4.53506e-14
  4525.000  4.47136e-14
  4530.000  4.36531e-14
  4535.000  4.35749e-14
  4540.000  4.47979e-14
  4545.000  4.28869e-14
  4550.000  4.25587e-14
  4555.000  4.28004e-14
  4560.000  4.26797e-14
  4565.000  4.38858e-14
  4570.000  4.39591e-14
  4575.000  4.28902e-14
  4580.000  4.28640e-14
  4585.000  4.18873e-14
  4590.000  4.14766e-14
  4595.000  4.21838e-14
  4600.000  4.29927e-14
  4605.000  4.22951e-14
  4610.000  4.29782e-14
  4615.000  4.37737e-14
  4620.000  4.48164e-14
  4625.000  4.58537e-14
  4630.000  4.40883e-14
  4635.000  4.39077e-14
  4640.000  4.39507e-14
  4645.000  4.36242e-14
  4650.000  4.23930e-14
  4655.000  4.35709e-14
  4660.000  4.27349e-14
  4665.000  4.09781e-14
  4670.000  4.18708e-14
  4675.000  4.16985e-14
  4680.000  4.14638e-14
  4685.000  4.32181e-14
  4690.000  4.34205e-14
  4695.000  4.36935e-14
  4700.000  4.27902e-14
  4705.000  4.08189e-14
  4710.000  4.01393e-14
  4715.000  4.27355e-14
  4720.000  4.30112e-14
  4725.000  4.12479e-14
  4730.000  4.06492e-14
  4735.000  4.10785e-14
  4740.000  4.19244e-14
  4745.000  4.15622e-14
  4750.000  4.16706e-14
  4755.000  4.19595e-14
  4760.000  4.31401e-14
  4765.000  4.13640e-14
  4770.000  4.03155e-14
  4775.000  4.10877e-14
  4780.000  4.09666e-14
  4785.000  4.06309e-14
  4790.000  4.17254e-14
  4795.000  4.25674e-14
  4800.000  4.18690e-14
  4805.000  4.16346e-14
  4810.000  4.17390e-14
  4815.000  4.20259e-14
  4820.000  4.05798e-14
  4825.000  3.96814e-14
  4830.000  4.07006e-14
  4835.000  4.11024e-14
  4840.000  4.01560e-14
  4845.000  3.91593e-14
  4850.000  4.00751e-14
  4855.000  4.94968e-14
  4860.000  7.74567e-14
  4865.000  7.44841e-14
  4870.000  4.60086e-14
  4875.000  3.80145e-14
  4880.000  3.91614e-14
  4885.000  3.93379e-14
  4890.000  3.98827e-14
  4895.000  3.98656e-14
  4900.000  3.96218e-14
  4905.000  3.94085e-14
  4910.000  3.87778e-14
  4915.000  3.93418e-14
  4920.000  3.98981e-14
  4925.000  3.90241e-14
  4930.000  3.92678e-14
  4935.000  3.93766e-14
  4940.000  3.90693e-14
  4945.000  4.02082e-14
  4950.000  4.16180e-14
  4955.000  5.32023e-14
  4960.000  6.22419e-14
  4965.000  5.00205e-14
  4970.000  4.18464e-14
  4975.000  4.00613e-14
  4980.000  3.95114e-14
  4985.000  4.00194e-14
  4990.000  4.09747e-14
  4995.000  4.15344e-14
  5000.000  5.24790e-14
  5005.000  9.34877e-14
  5010.000  9.96066e-14
  5015.000  5.69611e-14
  5020.000  4.03217e-14
  5025.000  3.94493e-14
  5030.000  3.90979e-14
  5035.000  3.89302e-14
  5040.000  3.79641e-14
  5045.000  3.81049e-14
  5050.000  3.90282e-14
  5055.000  3.85074e-14
  5060.000  3.91246e-14
  5065.000  3.96051e-14
  5070.000  3.84082e-14
  5075.000  3.82702e-14
  5080.000  3.77062e-14
  5085.000  3.81781e-14
  5090.000  3.86959e-14
  5095.000  3.90400e-14
  5100.000  3.89772e-14
  5105.000  3.74028e-14
  5110.000  3.81657e-14
  5115.000  3.84730e-14
  5120.000  3.85166e-14
  5125.000  3.75415e-14
  5130.000  3.60777e-14
  5135.000  3.72631e-14
  5140.000  3.79273e-14
  5145.000  3.72053e-14
  5150.000  3.77067e-14
  5155.000  3.77958e-14
  5160.000  3.73746e-14
  5165.000  3.63015e-14
  5170.000  3.56623e-14
  5175.000  3.51246e-14
  5180.000  3.40222e-14
  5185.000  3.49071e-14
  5190.000  3.65798e-14
  5195.000  3.74714e-14
  5200.000  3.84430e-14
  5205.000  3.66537e-14
  5210.000  3.54355e-14
  5215.000  3.64310e-14
  5220.000  3.66194e-14
  5225.000  3.51859e-14
  5230.000  3.57768e-14
  5235.000  3.71714e-14
  5240.000  3.71719e-14
  5245.000  3.77940e-14
  5250.000  3.67111e-14
  5255.000  3.64961e-14
  5260.000  3.57720e-14
  5265.000  3.47714e-14
  5270.000  3.57466e-14
  5275.000  3.67354e-14
  5280.000  3.63615e-14
  5285.000  3.77783e-14
  5290.000  3.75373e-14
  5295.000  3.62719e-14
  5300.000  3.56798e-14
  5305.000  3.64946e-14
  5310.000  3.71703e-14
  5315.000  3.80916e-14
  5320.000  4.00641e-14
  5325.000  3.90436e-14
  5330.000  3.80065e-14
  5335.000  3.72498e-14
  5340.000  3.84247e-14
  5345.000  3.75787e-14
  5350.000  3.81138e-14
  5355.000  3.89241e-14
  5360.000  3.86087e-14
  5365.000  3.75613e-14
  5370.000  3.75789e-14
  5375.000  3.80305e-14
  5380.000  3.86823e-14
  5385.000  3.65733e-14
  5390.000  2.80879e-14
  5395.000  3.39485e-14
  5400.000  3.59747e-14
  5405.000  2.83586e-14
  5410.000  3.22389e-14
  5415.000  3.72090e-14
  5420.000  3.77062e-14
  5425.000  3.71915e-14
  5430.000  3.81210e-14
  5435.000  3.80710e-14
  5440.000  3.94928e-14
  5445.000  3.87408e-14
  5450.000  3.00527e-14
  5455.000  1.98666e-14
  5460.000  3.61221e-14
  5465.000  1.94693e-14
  5470.000  2.84493e-14
  5475.000  3.75239e-14
  5480.000  3.65271e-14
  5485.000  3.57348e-14
  5490.000  3.07281e-14
  5495.000  2.62922e-14
  5500.000  3.62510e-14
  5505.000  3.44497e-14
  5510.000  2.84543e-14
  5515.000  3.77038e-14
  5520.000  3.97324e-14
  5525.000  3.84339e-14
  5530.000  3.76840e-14
  5535.000  3.73083e-14
  5540.000  3.71536e-14
  5545.000  3.66492e-14
  5550.000  3.67408e-14
  5555.000  3.69388e-14
  5560.000  3.75404e-14
  5565.000  3.56831e-14
  5570.000  3.24532e-14
  5575.000  3.65151e-14
  5580.000  3.81483e-14
  5585.000  3.57250e-14
  5590.000  3.56375e-14
  5595.000  3.30151e-14
  5600.000  3.52747e-14
  5605.000  3.63259e-14
  5610.000  3.54143e-14
  5615.000  3.44277e-14
  5620.000  3.44459e-14
  5625.000  3.41713e-14
  5630.000  3.56708e-14
  5635.000  3.50558e-14
  5640.000  3.53669e-14
  5645.000  3.47700e-14
  5650.000  3.46295e-14
  5655.000  3.48904e-14
  5660.000  3.43168e-14
  5665.000  3.39270e-14
  5670.000  3.44214e-14
  5675.000  3.56072e-14
  5680.000  3.57167e-14
  5685.000  3.53080e-14
  5690.000  3.38517e-14
  5695.000  3.54619e-14
  5700.000  3.45195e-14
  5705.000  3.41595e-14
  5710.000  3.39076e-14
  5715.000  3.41508e-14
  5720.000  3.55694e-14
  5725.000  3.42294e-14
  5730.000  3.48076e-14
  5735.000  3.41899e-14
  5740.000  3.47221e-14
  5745.000  3.51555e-14
  5750.000  3.61792e-14
  5755.000  3.57978e-14
  5760.000  3.39484e-14
  5765.000  3.39751e-14
  5770.000  3.53557e-14
  5775.000  3.66310e-14
  5780.000  3.59931e-14
  5785.000  3.38384e-14
  5790.000  3.43315e-14
  5795.000  3.56180e-14
  5800.000  3.49800e-14
  5805.000  3.45455e-14
  5810.000  3.49064e-14
  5815.000  3.54013e-14
  5820.000  3.57536e-14
  5825.000  3.59794e-14
  5830.000  3.44376e-14
  5835.000  3.40301e-14
  5840.000  3.56616e-14
  5845.000  3.45222e-14
  5850.000  3.23649e-14
  5855.000  3.41679e-14
  5860.000  3.44826e-14
  5865.000  3.36693e-14
  5870.000  3.55869e-14
  5875.000  4.10204e-14
  5880.000  4.06166e-14
  5885.000  3.50607e-14
  5890.000  3.24877e-14
  5895.000  3.06402e-14
  5900.000  3.37090e-14
  5905.000  3.41602e-14
  5910.000  3.39606e-14
  5915.000  3.41269e-14
  5920.000  3.53852e-14
  5925.000  3.51059e-14
  5930.000  3.40279e-14
  5935.000  3.53117e-14
  5940.000  3.57720e-14
  5945.000  3.45947e-14
  5950.000  3.44945e-14
  5955.000  3.47321e-14
  5960.000  3.55879e-14
  5965.000  3.65759e-14
  5970.000  3.55547e-14
  5975.000  3.38688e-14
  5980.000  3.44459e-14
  5985.000  3.44330e-14
  5990.000  3.43955e-14
  5995.000  3.41749e-14
  6000.000  3.35432e-14
  6005.000  3.35986e-14
  6010.000  3.55759e-14
  6015.000  3.37380e-14
  6020.000  3.29352e-14
  6025.000  3.52123e-14
  6030.000  3.43260e-14
  6035.000  3.30997e-14
  6040.000  3.40222e-14
  6045.000  3.36061e-14
  6050.000  3.36149e-14
  6055.000  3.40356e-14
  6060.000  3.28802e-14
  6065.000  3.44286e-14
  6070.000  3.40636e-14
  6075.000  3.52106e-14
  6080.000  3.39485e-14
  6085.000  3.55030e-14
  6090.000  3.43211e-14
  6095.000  3.42717e-14
  6100.000  3.44459e-14
  6105.000  3.33603e-14
  6110.000  3.34004e-14
  6115.000  3.35159e-14
  6120.000  3.31931e-14
  6125.000  3.38915e-14
  6130.000  3.63221e-14
  6135.000  3.42402e-14
  6140.000  3.18854e-14
  6145.000  3.16097e-14
  6150.000  3.26465e-14
  6155.000  3.20120e-14
  6160.000  3.14433e-14
  6165.000  3.24580e-14
  6170.000  3.28372e-14
  6175.000  3.24655e-14
  6180.000  3.34328e-14
  6185.000  3.23635e-14
  6190.000  3.22876e-14
  6195.000  3.35880e-14
  6200.000  3.38194e-14
  6205.000  3.36217e-14
  6210.000  3.31859e-14
  6215.000  3.31861e-14
  6220.000  3.17932e-14
  6225.000  2.99280e-14
  6230.000  2.92280e-14
  6235.000  3.06318e-14
  6240.000  2.90117e-14
  6245.000  3.01616e-14
  6250.000  3.17354e-14
  6255.000  3.01738e-14
  6260.000  2.90117e-14
  6265.000  3.14300e-14
  6270.000  3.15331e-14
  6275.000  3.17912e-14
  6280.000  3.12591e-14
  6285.000  3.18462e-14
  6290.000  3.30783e-14
  6295.000  3.27059e-14
  6300.000  3.59193e-14
  6305.000  3.41801e-14
  6310.000  3.33725e-14
  6315.000  3.25050e-14
  6320.000  3.10381e-14
  6325.000  3.21353e-14
  6330.000  3.19259e-14
  6335.000  3.27685e-14
  6340.000  3.32853e-14
  6345.000  3.18509e-14
  6350.000  3.11663e-14
  6355.000  3.16908e-14
  6360.000  3.35984e-14
  6365.000  3.33432e-14
  6370.000  3.29718e-14
  6375.000  3.36768e-14
  6380.000  3.24749e-14
  6385.000  3.25023e-14
  6390.000  3.16915e-14
  6395.000  3.12995e-14
  6400.000  3.13328e-14
  6405.000  3.10171e-14
  6410.000  3.12620e-14
  6415.000  3.19504e-14
  6420.000  3.05037e-14
  6425.000  3.08688e-14
  6430.000  3.17575e-14
  6435.000  3.17191e-14
  6440.000  3.12591e-14
  6445.000  3.20001e-14
  6450.000  3.16067e-14
  6455.000  3.18339e-14
  6460.000  3.22169e-14
  6465.000  3.14892e-14
  6470.000  3.14245e-14
  6475.000  3.15970e-14
  6480.000  3.21432e-14
  6485.000  3.18200e-14
  6490.000  3.14831e-14
  6495.000  3.09894e-14
  6500.000  3.01538e-14
  6505.000  2.98104e-14
  6510.000  3.14439e-14
  6515.000  3.20794e-14
  6520.000  3.20143e-14
  6525.000  3.27607e-14
  6530.000  3.33861e-14
  6535.000  3.36274e-14
  6540.000  3.59377e-14
  6545.000  4.65215e-14
  6550.000  5.81762e-14
  6555.000  7.10911e-14
  6560.000  1.68508e-13
  6565.000  2.51075e-13
  6570.000  1.36434e-13
  6575.000  5.91649e-14
  6580.000  7.48968e-14
  6585.000  1.02895e-13
  6590.000  7.08383e-14
  6595.000  4.08650e-14
  6600.000  3.57720e-14
  6605.000  3.24368e-14
  6610.000  3.21533e-14
  6615.000  3.20183e-14
  6620.000  3.27511e-14
  6625.000  3.37505e-14
  6630.000  3.15471e-14
  6635.000  3.02559e-14
  6640.000  3.22355e-14
  6645.000  3.30228e-14
  6650.000  3.16430e-14
  6655.000  3.00861e-14
  6660.000  3.07986e-14
  6665.000  3.21145e-14
  6670.000  3.21959e-14
  6675.000  3.23988e-14
  6680.000  3.42985e-14
  6685.000  3.22359e-14
  6690.000  3.18890e-14
  6695.000  3.05214e-14
  6700.000  2.91592e-14
  6705.000  3.26334e-14
  6710.000  3.78410e-14
  6715.000  5.29148e-14
  6720.000  5.73052e-14
  6725.000  4.40057e-14
  6730.000  5.04558e-14
  6735.000  4.85188e-14
  6740.000  3.50905e-14
  6745.000  3.02819e-14
  6750.000  2.98601e-14
  6755.000  3.02019e-14
  6760.000  3.10012e-14
  6765.000  3.14873e-14
  6770.000  3.09218e-14
  6775.000  3.26424e-14
  6780.000  2.98960e-14
  6785.000  2.88778e-14
  6790.000  2.74701e-14
  6795.000  2.76654e-14
  6800.000  2.70410e-14
  6805.000  2.81292e-14
  6810.000  2.73302e-14
  6815.000  2.62328e-14
  6820.000  2.76302e-14
  6825.000  3.07718e-14
  6830.000  2.97763e-14
  6835.000  3.04545e-14
  6840.000  3.19222e-14
  6845.000  3.32218e-14
  6850.000  3.24421e-14
  6855.000  3.09474e-14
  6860.000  3.02274e-14
  6865.000  3.09114e-14
  6870.000  3.10145e-14
  6875.000  3.10287e-14
  6880.000  2.93801e-14
  6885.000  3.16203e-14
  6890.000  3.16817e-14
  6895.000  3.12685e-14
  6900.000  3.02092e-14
  6905.000  3.01074e-14
  6910.000  3.08960e-14
  6915.000  2.93480e-14
  6920.000  3.00249e-14
  6925.000  3.18831e-14
  6930.000  3.14979e-14
  6935.000  3.11968e-14
  6940.000  3.23090e-14
  6945.000  3.25000e-14
  6950.000  3.02060e-14
  6955.000  3.07048e-14
  6960.000  3.09090e-14
  6965.000  3.46897e-14
  6970.000  3.16174e-14
  6975.000  2.74732e-14
  6980.000  2.73540e-14
  6985.000  3.22498e-14
  6990.000  3.17994e-14
  6995.000  3.03944e-14
  7000.000  2.84776e-14
  7005.000  3.07199e-14
  7010.000  3.05634e-14
  7015.000  2.83244e-14
  7020.000  2.87172e-14
  7025.000  3.16319e-14
  7030.000  3.11364e-14
  7035.000  2.98565e-14
  7040.000  2.86986e-14
  7045.000  3.02683e-14
  7050.000  3.27340e-14
  7055.000  3.30037e-14
  7060.000  3.27327e-14
  7065.000  3.08822e-14
  7070.000  2.96948e-14
  7075.000  2.87986e-14
  7080.000  3.16828e-14
  7085.000  2.76668e-14
  7090.000  2.80392e-14
  7095.000  3.25963e-14
  7100.000  2.97671e-14
  7105.000  2.58956e-14
  7110.000  2.41769e-14
  7115.000  2.41735e-14
  7120.000  2.55305e-14
  7125.000  2.92011e-14
  7130.000  3.19475e-14
  7135.000  3.53315e-14
  7140.000  3.29537e-14
  7145.000  3.12628e-14
  7150.000  3.12036e-14
  7155.000  2.57152e-14
  7160.000  2.71329e-14
  7165.000  2.94409e-14
  7170.000  3.03543e-14
  7175.000  3.35568e-14
  7180.000  3.15538e-14
  7185.000  2.90276e-14
  7190.000  2.79529e-14
  7195.000  2.83447e-14
  7200.000  2.91224e-14
  7205.000  3.18234e-14
  7210.000  2.40287e-14
  7215.000  2.55831e-14
  7220.000  2.58066e-14
  7225.000  2.73064e-14
  7230.000  2.87208e-14
  7235.000  2.85344e-14
  7240.000  3.22538e-14
  7245.000  3.03976e-14
  7250.000  2.41851e-14
  7255.000  2.42994e-14
  7260.000  3.06512e-14
  7265.000  3.62207e-14
  7270.000  3.10655e-14
  7275.000  2.83001e-14
  7280.000  3.05407e-14
  7285.000  3.04167e-14
  7290.000  2.75835e-14
  7295.000  2.88651e-14
  7300.000  3.26959e-14
  7305.000  2.78100e-14
  7310.000  2.56682e-14
  7315.000  3.03066e-14
  7320.000  3.31931e-14
  7325.000  3.44245e-14
  7330.000  3.31688e-14
  7335.000  3.14334e-14
  7340.000  2.89750e-14
  7345.000  2.81937e-14
  7350.000  3.38584e-14
  7355.000  3.50827e-14
  7360.000  3.29352e-14
  7365.000  2.70011e-14
  7370.000  2.87311e-14
  7375.000  3.31746e-14
  7380.000  3.27511e-14
  7385.000  2.59612e-14
  7390.000  2.20391e-14
  7395.000  3.11865e-14
  7400.000  3.19958e-14
  7405.000  3.18044e-14
  7410.000  3.31148e-14
  7415.000  3.17821e-14
  7420.000  3.41511e-14
  7425.000  3.00388e-14
  7430.000  2.75113e-14
  7435.000  2.94504e-14
  7440.000  3.04487e-14
  7445.000  3.06159e-14
  7450.000  3.26584e-14
  7455.000  3.71022e-14
  7460.000  3.35984e-14
  7465.000  3.02610e-14
  7470.000  3.04305e-14
  7475.000  3.24808e-14
  7480.000  2.91408e-14
  7485.000  3.22744e-14
  7490.000  2.98979e-14
  7495.000  2.79026e-14
  7500.000  2.98960e-14
  7505.000  2.96629e-14
  7510.000  3.24347e-14
  7515.000  3.28982e-14
  7520.000  3.28617e-14
  7525.000  3.16953e-14
  7530.000  2.78048e-14
  7535.000  2.47394e-14
  7540.000  2.33199e-14
  7545.000  2.52866e-14
  7550.000  2.52826e-14
  7555.000  2.44866e-14
  7560.000  2.25647e-14
  7565.000  2.66171e-14
  7570.000  3.55155e-14
  7575.000  3.48571e-14
  7580.000  2.70961e-14
  7585.000  2.65452e-14
  7590.000  3.20649e-14
  7595.000  3.72690e-14
  7600.000  1.65340e-14
  7605.000  3.07614e-14
  7610.000  2.70322e-14
  7615.000  3.21920e-14
  7620.000  3.06697e-14
  7625.000  3.39596e-14
  7630.000  2.81029e-14
  7635.000  2.81654e-14
  7640.000  2.99328e-14
  7645.000  3.08522e-14
  7650.000  2.96352e-14
  7655.000  2.97100e-14
  7660.000  2.92512e-14
  7665.000  2.93569e-14
  7670.000  2.98494e-14
  7675.000  3.14539e-14
  7680.000  3.04117e-14
  7685.000  3.27837e-14
  7690.000  3.11081e-14
  7695.000  2.92183e-14
  7700.000  2.91959e-14
  7705.000  2.92950e-14
  7710.000  3.00025e-14
  7715.000  3.08004e-14
  7720.000  2.90856e-14
  7725.000  2.87026e-14
  7730.000  3.10776e-14
  7735.000  2.96067e-14
  7740.000  2.93066e-14
  7745.000  3.00136e-14
  7750.000  2.81989e-14
  7755.000  3.09140e-14
  7760.000  2.82751e-14
  7765.000  3.34598e-14
  7770.000  3.08526e-14
  7775.000  2.86635e-14
  7780.000  2.98039e-14
  7785.000  2.81591e-14
  7790.000  3.04507e-14
  7795.000  3.02408e-14
  7800.000  3.07986e-14
  7805.000  3.09570e-14
  7810.000  3.06902e-14
  7815.000  3.40433e-14
  7820.000  3.13696e-14
  7825.000  3.04389e-14
  7830.000  3.04911e-14
  7835.000  3.17231e-14
  7840.000  3.07066e-14
  7845.000  3.06266e-14
  7850.000  3.05230e-14
  7855.000  3.06174e-14
  7860.000  2.96381e-14
  7865.000  3.11950e-14
  7870.000  3.04314e-14
  7875.000  3.23269e-14
  7880.000  3.10197e-14
  7885.000  3.22566e-14
  7890.000  3.04946e-14
  7895.000  2.87725e-14
  7900.000  3.01170e-14
  7905.000  3.21848e-14
  7910.000  2.96404e-14
  7915.000  3.03178e-14
  7920.000  2.95093e-14
  7925.000  2.96350e-14
  7930.000  2.86779e-14
  7935.000  2.84715e-14
  7940.000  2.93435e-14
  7945.000  2.80536e-14
  7950.000  2.79171e-14
  7955.000  2.95753e-14
  7960.000  2.84408e-14
  7965.000  2.77862e-14
  7970.000  2.94242e-14
  7975.000  3.01736e-14
  7980.000  2.88460e-14
  7985.000  2.89016e-14
  7990.000  2.75381e-14
  7995.000  2.75556e-14
  8000.000  3.00618e-14
  8005.000  2.87073e-14
  8010.000  2.97968e-14
  8015.000  3.04446e-14
  8020.000  2.91040e-14
  8025.000  2.98664e-14
  8030.000  2.94666e-14
  8035.000  3.04917e-14
  8040.000  2.88829e-14
  8045.000  2.94654e-14
  8050.000  3.20974e-14
  8055.000  3.26881e-14
  8060.000  2.81093e-14
  8065.000  2.96181e-14
  8070.000  3.10974e-14
  8075.000  3.07666e-14
  8080.000  2.86066e-14
  8085.000  3.01037e-14
  8090.000  3.02848e-14
  8095.000  2.99229e-14
  8100.000  2.90670e-14
  8105.000  3.25860e-14
  8110.000  3.21195e-14
  8115.000  3.15904e-14
  8120.000  3.04301e-14
  8125.000  3.05742e-14
  8130.000  3.01568e-14
  8135.000  2.79105e-14
  8140.000  2.85881e-14
  8145.000  2.89366e-14
  8150.000  2.83872e-14
  8155.000  3.00971e-14
  8160.000  2.95460e-14
  8165.000  2.78580e-14
  8170.000  2.95026e-14
  8175.000  2.90935e-14
  8180.000  3.05958e-14
  8185.000  3.00893e-14
  8190.000  2.88286e-14
  8195.000  2.99745e-14
  8200.000  2.98960e-14
  8205.000  2.95078e-14
  8210.000  2.87752e-14
  8215.000  3.00223e-14
  8220.000  2.95830e-14
  8225.000  2.86610e-14
  8230.000  2.99215e-14
  8235.000  3.18977e-14
  8240.000  3.05407e-14
  8245.000  2.95871e-14
  8250.000  2.99370e-14
  8255.000  3.09768e-14
  8260.000  3.05958e-14
  8265.000  3.00766e-14
  8270.000  3.24945e-14
  8275.000  2.86523e-14
  8280.000  2.85145e-14
  8285.000  2.97167e-14
  8290.000  2.93246e-14
  8295.000  3.09738e-14
  8300.000  2.93435e-14
  8305.000  2.90221e-14
  8310.000  2.84365e-14
  8315.000  2.98155e-14
  8320.000  2.85514e-14
  8325.000  2.86233e-14
  8330.000  2.88017e-14
  8335.000  2.71697e-14
  8340.000  2.78145e-14
  8345.000  2.79060e-14
  8350.000  2.72977e-14
  8355.000  3.08660e-14
  8360.000  2.80723e-14
  8365.000  2.89709e-14
  8370.000  2.85564e-14
  8375.000  2.73309e-14
  8380.000  2.88460e-14
  8385.000  2.96185e-14
  8390.000  2.80436e-14
  8395.000  2.75622e-14
  8400.000  2.66724e-14
  8405.000  2.95207e-14
  8410.000  2.89118e-14
  8415.000  2.81617e-14
  8420.000  3.00249e-14
  8425.000  2.83979e-14
  8430.000  2.60991e-14
  8435.000  2.83983e-14
  8440.000  2.79619e-14
  8445.000  2.84731e-14
  8450.000  2.78511e-14
  8455.000  2.95072e-14
  8460.000  2.84776e-14
  8465.000  2.65841e-14
  8470.000  2.85845e-14
  8475.000  2.62581e-14
  8480.000  2.62304e-14
  8485.000  2.78460e-14
  8490.000  2.51623e-14
  8495.000  2.50890e-14
  8500.000  2.61198e-14
  8505.000  2.70013e-14
  8510.000  2.67721e-14
  8515.000  2.83578e-14
  8520.000  2.82013e-14
  8525.000  2.88375e-14
  8530.000  2.60204e-14
  8535.000  2.28672e-14
  8540.000  2.23068e-14
  8545.000  2.42080e-14
  8550.000  2.64270e-14
  8555.000  2.76615e-14
  8560.000  2.89750e-14
  8565.000  2.66806e-14
  8570.000  2.86769e-14
  8575.000  2.88231e-14
  8580.000  2.91775e-14
  8585.000  2.66583e-14
  8590.000  2.77437e-14
  8595.000  2.86773e-14
  8600.000  2.97671e-14
  8605.000  2.80052e-14
  8610.000  2.88041e-14
  8615.000  2.76841e-14
  8620.000  2.81828e-14
  8625.000  2.74152e-14
  8630.000  2.96389e-14
  8635.000  2.88072e-14
  8640.000  2.82381e-14
  8645.000  2.69037e-14
  8650.000  2.69832e-14
  8655.000  2.54095e-14
  8660.000  2.12385e-14
  8665.000  2.45379e-14
  8670.000  2.70944e-14
  8675.000  2.79395e-14
  8680.000  2.97301e-14
  8685.000  2.95535e-14
  8690.000  2.92543e-14
  8695.000  3.10623e-14
  8700.000  2.85697e-14
  8705.000  2.76759e-14
  8710.000  2.85225e-14
  8715.000  2.98952e-14
  8720.000  2.89933e-14
  8725.000  2.80672e-14
  8730.000  2.97437e-14
  8735.000  2.89774e-14
  8740.000  2.91592e-14
  8745.000  2.78593e-14
  8750.000  2.72460e-14
  8755.000  2.72529e-14
  8760.000  2.58436e-14
  8765.000  2.99789e-14
  8770.000  2.75711e-14
  8775.000  2.82363e-14
  8780.000  2.82013e-14
  8785.000  2.86599e-14
  8790.000  2.94728e-14
  8795.000  2.76572e-14
  8800.000  2.86249e-14
  8805.000  2.74059e-14
  8810.000  2.86437e-14
  8815.000  2.87059e-14
  8820.000  3.03750e-14
  8825.000  2.64183e-14
  8830.000  2.79038e-14
  8835.000  2.75049e-14
  8840.000  2.76487e-14
  8845.000  2.93230e-14
  8850.000  2.80682e-14
  8855.000  2.72328e-14
  8860.000  2.81276e-14
  8865.000  2.76135e-14
  8870.000  2.86459e-14
  8875.000  2.86086e-14
  8880.000  2.73725e-14
  8885.000  2.67228e-14
  8890.000  2.92529e-14
  8895.000  3.05192e-14
  8900.000  2.78881e-14
  8905.000  3.00221e-14
  8910.000  2.94767e-14
  8915.000  2.92555e-14
  8920.000  2.58989e-14
  8925.000  2.65068e-14
  8930.000  3.04946e-14
  8935.000  2.84247e-14
  8940.000  2.72435e-14
  8945.000  3.13722e-14
  8950.000  2.90339e-14
  8955.000  3.02177e-14
  8960.000  2.71329e-14
  8965.000  2.88697e-14
  8970.000  2.85444e-14
  8975.000  2.75062e-14
  8980.000  2.92144e-14
  8985.000  2.71760e-14
  8990.000  2.77893e-14
  8995.000  2.80516e-14
  9000.000  2.56409e-14
  9005.000  2.59304e-14
  9010.000  2.66014e-14
  9015.000  2.54778e-14
  9020.000  2.67094e-14
  9025.000  2.77856e-14
  9030.000  3.01964e-14
  9035.000  2.82304e-14
  9040.000  2.84776e-14
  9045.000  2.66499e-14
  9050.000  2.81995e-14
  9055.000  2.73842e-14
  9060.000  3.08354e-14
  9065.000  3.27317e-14
  9070.000  3.82622e-14
  9075.000  3.14736e-14
  9080.000  2.98590e-14
  9085.000  2.75339e-14
  9090.000  2.81977e-14
  9095.000  2.94343e-14
  9100.000  2.77593e-14
  9105.000  2.88128e-14
  9110.000  3.01458e-14
  9115.000  2.79305e-14
  9120.000  2.74092e-14
  9125.000  3.12883e-14
  9130.000  2.72826e-14
  9135.000  2.76363e-14
  9140.000  2.91959e-14
  9145.000  2.86392e-14
  9150.000  2.67794e-14
  9155.000  2.85683e-14
  9160.000  2.75934e-14
  9165.000  2.62228e-14
  9170.000  2.58747e-14
  9175.000  2.64577e-14
  9180.000  2.72066e-14
  9185.000  2.54438e-14
  9190.000  2.68831e-14
  9195.000  2.76551e-14
  9200.000  2.76856e-14
  9205.000  2.58941e-14
  9210.000  2.48291e-14
  9215.000  2.41272e-14
  9220.000  2.69304e-14
  9225.000  2.88106e-14
  9230.000  2.71068e-14
  9235.000  2.53257e-14
  9240.000  2.51067e-14
  9245.000  2.75178e-14
  9250.000  2.78245e-14
  9255.000  2.67288e-14
  9260.000  3.07616e-14
  9265.000  2.82161e-14
  9270.000  2.66057e-14
  9275.000  2.83634e-14
  9280.000  2.80909e-14
  9285.000  2.62401e-14
  9290.000  2.92251e-14
  9295.000  2.77057e-14
  9300.000  2.38726e-14
  9305.000  2.61143e-14
  9310.000  2.86237e-14
  9315.000  2.72404e-14
  9320.000  2.55856e-14
  9325.000  2.79315e-14
  9330.000  2.62608e-14
  9335.000  2.47874e-14
  9340.000  2.85514e-14
  9345.000  2.54491e-14
  9350.000  2.75036e-14
  9355.000  2.73819e-14
  9360.000  2.80171e-14
  9365.000  2.79507e-14
  9370.000  2.79629e-14
  9375.000  2.79475e-14
  9380.000  2.79986e-14
  9385.000  2.65227e-14
  9390.000  2.48232e-14
  9395.000  2.94068e-14
  9400.000  2.54935e-14
  9405.000  2.60568e-14
  9410.000  2.55423e-14
  9415.000  2.81460e-14
  9420.000  2.75014e-14
  9425.000  2.63757e-14
  9430.000  2.29121e-14
  9435.000  2.53754e-14
  9440.000  2.43883e-14
  9445.000  2.67191e-14
  9450.000  2.64672e-14
  9455.000  2.52658e-14
  9460.000  2.75565e-14
  9465.000  2.82395e-14
  9470.000  2.36437e-14
  9475.000  2.13908e-14
  9480.000  2.61382e-14
  9485.000  3.01850e-14
  9490.000  2.79841e-14
  9495.000  2.67503e-14
  9500.000  2.55487e-14
  9505.000  2.67954e-14
  9510.000  3.10210e-14
  9515.000  2.69924e-14
  9520.000  2.63225e-14
  9525.000  3.81934e-14
  9530.000  5.44535e-14
  9535.000  4.50473e-14
  9540.000  2.68197e-14
  9545.000  2.60321e-14
  9550.000  2.42591e-14
  9555.000  2.55079e-14
  9560.000  2.85881e-14
  9565.000  2.33853e-14
  9570.000  2.60469e-14
  9575.000  2.63866e-14
  9580.000  2.41858e-14
  9585.000  3.04697e-14
  9590.000  2.77765e-14
  9595.000  2.56163e-14
  9600.000  2.68197e-14
  9605.000  3.09980e-14
  9610.000  2.90246e-14
  9615.000  2.69170e-14
  9620.000  2.73725e-14
  9625.000  2.93170e-14
  9630.000  2.73536e-14
  9635.000  2.65932e-14
  9640.000  3.05222e-14
  9645.000  2.37645e-14
  9650.000  3.16248e-14
  9655.000  2.64523e-14
  9660.000  2.20675e-14
  9665.000  2.80605e-14
  9670.000  2.46238e-14
  9675.000  2.81016e-14
  9680.000  2.53093e-14
  9685.000  2.79179e-14
  9690.000  2.74560e-14
  9695.000  2.70946e-14
  9700.000  3.25853e-14
  9705.000  2.40935e-14
  9710.000  3.16884e-14
  9715.000  2.52458e-14
  9720.000  2.57331e-14
  9725.000  2.40434e-14
  9730.000  2.76126e-14
  9735.000  2.53590e-14
  9740.000  2.55673e-14
  9745.000  2.56394e-14
  9750.000  2.67501e-14
  9755.000  2.67676e-14
  9760.000  2.93435e-14
  9765.000  2.85894e-14
  9770.000  2.36872e-14
  9775.000  2.79835e-14
  9780.000  2.79066e-14
  9785.000  2.73448e-14
  9790.000  2.94618e-14
  9795.000  2.88592e-14
  9800.000  2.92144e-14
  9805.000  2.34372e-14
  9810.000  2.05371e-14
  9815.000  2.42029e-14
  9820.000  2.44804e-14
  9825.000  2.50327e-14
  9830.000  2.40011e-14
  9835.000  2.57215e-14
  9840.000  2.71697e-14
  9845.000  2.66402e-14
  9850.000  2.87578e-14
  9855.000  2.60096e-14
  9860.000  2.33016e-14
  9865.000  2.49237e-14
  9870.000  3.12956e-14
  9875.000  2.86690e-14
  9880.000  3.08170e-14
  9885.000  2.74046e-14
  9890.000  3.28139e-14
  9895.000  3.60931e-14
  9900.000  1.71750e-14
  9905.000  2.24316e-14
  9910.000  2.80856e-14
  9915.000  2.29216e-14
  9920.000  2.67462e-14
  9925.000  3.05641e-14
  9930.000  2.90248e-14
  9935.000  2.67887e-14
  9940.000  2.05569e-14
  9945.000  1.95775e-14
