# kc96/bulge  |  Kinney et al. 1996, ApJ 467, 38 (starb: Calzetti et al. 1994)
# columns: wavelength_Angstrom  flam_erg_s_cm2_A (absolute scale arbitrary - ETC renormalizes)
  1235.000  1.98050e-15
  1240.000  2.52880e-15
  1245.000  2.23103e-15
  1250.000  1.97915e-15
  1255.000  1.85267e-15
  1260.000  1.68182e-15
  1265.000  1.51696e-15
  1270.000  1.80938e-15
  1275.000  2.05070e-15
  1280.000  2.53565e-15
  1285.000  2.24681e-15
  1290.000  2.25162e-15
  1295.000  1.71698e-15
  1300.000  1.24935e-15
  1305.000  1.23328e-15
  1310.000  1.61463e-15
  1315.000  1.81329e-15
  1320.000  1.78082e-15
  1325.000  1.69301e-15
  1330.000  1.36399e-15
  1335.000  1.39156e-15
  1340.000  1.68258e-15
  1345.000  1.77985e-15
  1350.000  1.60286e-15
  1355.000  1.91117e-15
  1360.000  1.82720e-15
  1365.000  1.77854e-15
  1370.000  1.68504e-15
  1375.000  1.75877e-15
  1380.000  1.77918e-15
  1385.000  1.40464e-15
  1390.000  1.34266e-15
  1395.000  1.36280e-15
  1400.000  1.21652e-15
  1405.000  1.65516e-15
  1410.000  1.31854e-15
  1415.000  1.24936e-15
  1420.000  1.42035e-15
  1425.000  1.28362e-15
  1430.000  1.45674e-15
  1435.000  1.38145e-15
  1440.000  1.80636e-15
  1445.000  1.45172e-15
  1450.000  1.49855e-15
  1455.000  1.54296e-15
  1460.000  1.32759e-15
  1465.000  1.52861e-15
  1470.000  1.56656e-15
  1475.000  1.46718e-15
  1480.000  1.64481e-15
  1485.000  1.67621e-15
  1490.000  1.33308e-15
  1495.000  1.56103e-15
  1500.000  1.57235e-15
  1505.000  1.30117e-15
  1510.000  1.32766e-15
  1515.000  1.58568e-15
  1520.000  1.63092e-15
  1525.000  1.00831e-15
  1530.000  1.19694e-15
  1535.000  1.19560e-15
  1540.000  9.90519e-16
  1545.000  1.18883e-15
  1550.000  1.01100e-15
  1555.000  1.39190e-15
  1560.000  1.45402e-15
  1565.000  1.28364e-15
  1570.000  1.42470e-15
  1575.000  1.47301e-15
  1580.000  1.20202e-15
  1585.000  1.32196e-15
  1590.000  1.41441e-15
  1595.000  1.31194e-15
  1600.000  9.11480e-16
  1605.000  1.04167e-15
  1610.000  7.62422e-16
  1615.000  1.08764e-15
  1620.000  1.12105e-15
  1625.000  9.67441e-16
  1630.000  1.03983e-15
  1635.000  1.07570e-15
  1640.000  7.47053e-16
  1645.000  1.17840e-15
  1650.000  1.18999e-15
  1655.000  1.09233e-15
  1660.000  1.43311e-15
  1665.000  1.39774e-15
  1670.000  1.07446e-15
  1675.000  1.09587e-15
  1680.000  1.31505e-15
  1685.000  1.00009e-15
  1690.000  8.99614e-16
  1695.000  9.76114e-16
  1700.000  1.20116e-15
  1705.000  1.12321e-15
  1710.000  9.45568e-16
  1715.000  1.01224e-15
  1720.000  8.88999e-16
  1725.000  1.08970e-15
  1730.000  1.21059e-15
  1735.000  1.41611e-15
  1740.000  1.21978e-15
  1745.000  1.23499e-15
  1750.000  1.03098e-15
  1755.000  1.23084e-15
  1760.000  1.07306e-15
  1765.000  1.18819e-15
  1770.000  1.42162e-15
  1775.000  1.23838e-15
  1780.000  1.16823e-15
  1785.000  1.06691e-15
  1790.000  9.68481e-16
  1795.000  9.89920e-16
  1800.000  1.22787e-15
  1805.000  1.06208e-15
  1810.000  1.10531e-15
  1815.000  1.23544e-15
  1820.000  1.19459e-15
  1825.000  1.16889e-15
  1830.000  1.11567e-15
  1835.000  1.13396e-15
  1840.000  1.02089e-15
  1845.000  1.04750e-15
  1850.000  1.19011e-15
  1855.000  1.03830e-15
  1860.000  9.61372e-16
  1865.000  1.03149e-15
  1870.000  1.11147e-15
  1875.000  1.22753e-15
  1880.000  1.18208e-15
  1885.000  1.15754e-15
  1890.000  1.13406e-15
  1895.000  1.18078e-15
  1900.000  1.27887e-15
  1905.000  1.17393e-15
  1910.000  1.09333e-15
  1915.000  9.62260e-16
  1920.000  8.63937e-16
  1925.000  8.69721e-16
  1930.000  9.64918e-16
  1935.000  9.41201e-16
  1940.000  9.38642e-16
  1945.000  1.01689e-15
  1950.000  1.00685e-15
  1955.000  1.04700e-15
  1960.000  1.08859e-15
  1965.000  1.06846e-15
  1970.000  1.02780e-15
  1975.000  1.12457e-15
  1980.000  1.18033e-15
  1985.000  8.28142e-16
  1990.000  8.07975e-16
  1995.000  8.88799e-16
  2000.000  6.13644e-16
  2005.000  1.12417e-15
  2010.000  1.10975e-15
  2015.000  1.08448e-15
  2020.000  1.05546e-15
  2025.000  1.15706e-15
  2030.000  5.51223e-16
  2035.000  4.15826e-16
  2040.000  1.06600e-15
  2045.000  9.33870e-16
  2050.000  1.14628e-15
  2055.000  1.04807e-15
  2060.000  5.89396e-16
  2065.000  8.36647e-16
  2070.000  6.86500e-16
  2075.000  1.08630e-15
  2080.000  8.09558e-16
  2085.000  1.11849e-15
  2090.000  1.09993e-15
  2095.000  1.13162e-15
  2100.000  7.71107e-16
  2105.000  9.98358e-16
  2110.000  6.42060e-16
  2115.000  9.56558e-16
  2120.000  1.00291e-15
  2125.000  7.93529e-16
  2130.000  1.01125e-15
  2135.000  9.53000e-16
  2140.000  1.03885e-15
  2145.000  7.23371e-16
  2150.000  9.98191e-16
  2155.000  1.03030e-15
  2160.000  9.33983e-16
  2165.000  9.26782e-16
  2170.000  8.23053e-16
  2175.000  7.81451e-16
  2180.000  7.32642e-16
  2185.000  8.61674e-16
  2190.000  8.40912e-16
  2195.000  9.52856e-16
  2200.000  7.31952e-16
  2205.000  7.59523e-16
  2210.000  1.10339e-15
  2215.000  9.80140e-16
  2220.000  1.06431e-15
  2225.000  7.19207e-16
  2230.000  8.33225e-16
  2235.000  9.70602e-16
  2240.000  9.35104e-16
  2245.000  8.10134e-16
  2250.000  8.78644e-16
  2255.000  9.58083e-16
  2260.000  1.42053e-15
  2265.000  1.33121e-15
  2270.000  8.39654e-16
  2275.000  1.06717e-15
  2280.000  1.31997e-15
  2285.000  1.16767e-15
  2290.000  8.26145e-16
  2295.000  9.67553e-16
  2300.000  8.59989e-16
  2305.000  1.05130e-15
  2310.000  9.10589e-16
  2315.000  8.73284e-16
  2320.000  7.56377e-16
  2325.000  7.42277e-16
  2330.000  6.84832e-16
  2335.000  9.67772e-16
  2340.000  8.73493e-16
  2345.000  7.46503e-16
  2350.000  7.56815e-16
  2355.000  7.76803e-16
  2360.000  1.00638e-15
  2365.000  1.24340e-15
  2370.000  8.49421e-16
  2375.000  9.87249e-16
  2380.000  6.30243e-16
  2385.000  7.12959e-16
  2390.000  6.23900e-16
  2395.000  5.22425e-16
  2400.000  5.98502e-16
  2405.000  8.95378e-16
  2410.000  6.09245e-16
  2415.000  6.39090e-16
  2420.000  9.29380e-16
  2425.000  9.20520e-16
  2430.000  1.11260e-15
  2435.000  1.21801e-15
  2440.000  1.01161e-15
  2445.000  1.00257e-15
  2450.000  1.09175e-15
  2455.000  1.06708e-15
  2460.000  1.18264e-15
  2465.000  1.27966e-15
  2470.000  1.13928e-15
  2475.000  7.03032e-16
  2480.000  8.79134e-16
  2485.000  1.07676e-15
  2490.000  8.69182e-16
  2495.000  6.83850e-16
  2500.000  8.44924e-16
  2505.000  9.69209e-16
  2510.000  9.00408e-16
  2515.000  8.88177e-16
  2520.000  7.68608e-16
  2525.000  4.95113e-16
  2530.000  7.44485e-16
  2535.000  9.69054e-16
  2540.000  7.81492e-16
  2545.000  9.43739e-16
  2550.000  8.47494e-16
  2555.000  8.75745e-16
  2560.000  8.93512e-16
  2565.000  9.33296e-16
  2570.000  1.14405e-15
  2575.000  1.26559e-15
  2580.000  1.12620e-15
  2585.000  1.13566e-15
  2590.000  1.04522e-15
  2595.000  1.00285e-15
  2600.000  1.01135e-15
  2605.000  9.15312e-16
  2610.000  9.56427e-16
  2615.000  1.13731e-15
  2620.000  1.14863e-15
  2625.000  1.23810e-15
  2630.000  1.25888e-15
  2635.000  1.37052e-15
  2640.000  1.63572e-15
  2645.000  1.71297e-15
  2650.000  1.80955e-15
  2655.000  1.86172e-15
  2660.000  1.85924e-15
  2665.000  1.77543e-15
  2670.000  1.68898e-15
  2675.000  1.63052e-15
  2680.000  1.76577e-15
  2685.000  1.89754e-15
  2690.000  1.99183e-15
  2695.000  1.87652e-15
  2700.000  1.75783e-15
  2705.000  1.70939e-15
  2710.000  1.85825e-15
  2715.000  1.63931e-15
  2720.000  1.55019e-15
  2725.000  1.38959e-15
  2730.000  1.49409e-15
  2735.000  1.48988e-15
  2740.000  1.42519e-15
  2745.000  1.23805e-15
  2750.000  1.35170e-15
  2755.000  1.55986e-15
  2760.000  1.51922e-15
  2765.000  1.80375e-15
  2770.000  1.72756e-15
  2775.000  1.56924e-15
  2780.000  1.44934e-15
  2785.000  1.37361e-15
  2790.000  1.19590e-15
  2795.000  9.91443e-16
  2800.000  6.96022e-16
  2805.000  7.97029e-16
  2810.000  1.10545e-15
  2815.000  1.43351e-15
  2820.000  1.75892e-15
  2825.000  1.76606e-15
  2830.000  1.77736e-15
  2835.000  1.79552e-15
  2840.000  1.73069e-15
  2845.000  1.39511e-15
  2850.000  1.21047e-15
  2855.000  1.17747e-15
  2860.000  1.35592e-15
  2865.000  1.77824e-15
  2870.000  1.78549e-15
  2875.000  1.88052e-15
  2880.000  1.98119e-15
  2885.000  2.13039e-15
  2890.000  2.26428e-15
  2895.000  2.65659e-15
  2900.000  2.90712e-15
  2905.000  3.04810e-15
  2910.000  3.26524e-15
  2915.000  3.32774e-15
  2920.000  3.35692e-15
  2925.000  3.26661e-15
  2930.000  3.08159e-15
  2935.000  3.15570e-15
  2940.000  2.95720e-15
  2945.000  3.23791e-15
  2950.000  2.99620e-15
  2955.000  2.96010e-15
  2960.000  3.21355e-15
  2965.000  2.91415e-15
  2970.000  2.85867e-15
  2975.000  3.00782e-15
  2980.000  2.97404e-15
  2985.000  2.89415e-15
  2990.000  2.77076e-15
  2995.000  2.82521e-15
  3000.000  2.60941e-15
  3005.000  2.57335e-15
  3010.000  2.64183e-15
  3015.000  2.67563e-15
  3020.000  2.72418e-15
  3025.000  2.93766e-15
  3030.000  3.02673e-15
  3035.000  3.33116e-15
  3040.000  3.34710e-15
  3045.000  3.39031e-15
  3050.000  3.38820e-15
  3055.000  3.30813e-15
  3060.000  3.17032e-15
  3065.000  3.06655e-15
  3070.000  3.41833e-15
  3075.000  3.74416e-15
  3080.000  3.79350e-15
  3085.000  3.69262e-15
  3090.000  3.58815e-15
  3095.000  3.66916e-15
  3100.000  2.85473e-15
  3105.000  4.17288e-15
  3110.000  4.39205e-15
  3115.000  4.38317e-15
  3120.000  4.12759e-15
  3125.000  4.03011e-15
  3130.000  4.16562e-15
  3135.000  4.47138e-15
  3140.000  4.36571e-15
  3145.000  4.17668e-15
  3150.000  4.06295e-15
  3155.000  3.93401e-15
  3160.000  3.98998e-15
  3165.000  4.14583e-15
  3170.000  4.25049e-15
  3175.000  4.02069e-15
  3180.000  3.97408e-15
  3185.000  3.75130e-15
  3190.000  4.37409e-15
  3195.000  5.17665e-15
  3200.000  4.34831e-15
  3205.000  4.08705e-15
  3210.000  3.79441e-15
  3215.000  3.69480e-15
  3220.000  3.94324e-15
  3225.000  4.18556e-15
  3230.000  3.94707e-15
  3235.000  3.45446e-15
  3240.000  4.01643e-15
  3245.000  4.80482e-15
  3250.000  4.96214e-15
  3255.000  5.32270e-15
  3260.000  6.16552e-15
  3265.000  5.84361e-15
  3270.000  5.12736e-15
  3275.000  5.64168e-15
  3280.000  6.66020e-15
  3285.000  7.61481e-15
  3290.000  8.17513e-15
  3295.000  7.48645e-15
  3300.000  7.27321e-15
  3305.000  1.02343e-14
  3310.000  9.49413e-15
  3315.000  8.08947e-15
  3320.000  8.04783e-15
  3325.000  8.45400e-15
  3330.000  7.96778e-15
  3335.000  6.49453e-15
  3340.000  5.82550e-15
  3345.000  7.58512e-15
  3350.000  5.98344e-15
  3355.000  4.18642e-15
  3360.000  6.31523e-15
  3365.000  7.48444e-15
  3370.000  7.78596e-15
  3375.000  7.34081e-15
  3380.000  7.74197e-15
  3385.000  8.25286e-15
  3390.000  8.64469e-15
  3395.000  9.32210e-15
  3400.000  9.77898e-15
  3405.000  9.77881e-15
  3410.000  9.62073e-15
  3415.000  9.50149e-15
  3420.000  8.88238e-15
  3425.000  7.68203e-15
  3430.000  7.27188e-15
  3435.000  7.90741e-15
  3440.000  8.86635e-15
  3445.000  9.22219e-15
  3450.000  8.83582e-15
  3455.000  8.55999e-15
  3460.000  8.38654e-15
  3465.000  7.76326e-15
  3470.000  7.16670e-15
  3475.000  7.26055e-15
  3480.000  7.70981e-15
  3485.000  7.77936e-15
  3490.000  7.30131e-15
  3495.000  8.01511e-15
  3500.000  9.33568e-15
  3505.000  9.74492e-15
  3510.000  9.09122e-15
  3515.000  8.00088e-15
  3520.000  6.96376e-15
  3525.000  6.74453e-15
  3530.000  7.64050e-15
  3535.000  8.54383e-15
  3540.000  8.47153e-15
  3545.000  8.26268e-15
  3550.000  8.38773e-15
  3555.000  8.26431e-15
  3560.000  8.14628e-15
  3565.000  8.40306e-15
  3570.000  8.51679e-15
  3575.000  8.10241e-15
  3580.000  7.82383e-15
  3585.000  8.31582e-15
  3590.000  9.05769e-15
  3595.000  9.32301e-15
  3600.000  9.01753e-15
  3605.000  8.61800e-15
  3610.000  8.70761e-15
  3615.000  9.04666e-15
  3620.000  9.81869e-15
  3625.000  1.09142e-14
  3630.000  1.10782e-14
  3635.000  1.07910e-14
  3640.000  1.09860e-14
  3645.000  1.06231e-14
  3650.000  1.09192e-14
  3655.000  1.16490e-14
  3660.000  1.19484e-14
  3665.000  1.16796e-14
  3670.000  1.13263e-14
  3675.000  1.18143e-14
  3680.000  1.20311e-14
  3685.000  1.18186e-14
  3690.000  1.17092e-14
  3695.000  1.16136e-14
  3700.000  1.12857e-14
  3705.000  1.08798e-14
  3710.000  1.07766e-14
  3715.000  1.10571e-14
  3720.000  1.09515e-14
  3725.000  9.59409e-15
  3730.000  7.79821e-15
  3735.000  8.13977e-15
  3740.000  8.38268e-15
  3745.000  7.98931e-15
  3750.000  8.51534e-15
  3755.000  8.90296e-15
  3760.000  9.45485e-15
  3765.000  1.03350e-14
  3770.000  1.11340e-14
  3775.000  1.12583e-14
  3780.000  1.05889e-14
  3785.000  9.68913e-15
  3790.000  9.14016e-15
  3795.000  8.89911e-15
  3800.000  9.42449e-15
  3805.000  1.00530e-14
  3810.000  9.72540e-15
  3815.000  8.44220e-15
  3820.000  7.37678e-15
  3825.000  7.16088e-15
  3830.000  7.09391e-15
  3835.000  7.05910e-15
  3840.000  7.39550e-15
  3845.000  7.99365e-15
  3850.000  8.29127e-15
  3855.000  8.04735e-15
  3860.000  8.53317e-15
  3865.000  8.94597e-15
  3870.000  9.08719e-15
  3875.000  8.97781e-15
  3880.000  8.90052e-15
  3885.000  9.25045e-15
  3890.000  1.02534e-14
  3895.000  1.14892e-14
  3900.000  1.21362e-14
  3905.000  1.21923e-14
  3910.000  1.19014e-14
  3915.000  1.10980e-14
  3920.000  9.91833e-15
  3925.000  8.44538e-15
  3930.000  7.49535e-15
  3935.000  7.87820e-15
  3940.000  9.37674e-15
  3945.000  1.09537e-14
  3950.000  1.22113e-14
  3955.000  1.24212e-14
  3960.000  1.06745e-14
  3965.000  9.61342e-15
  3970.000  1.02066e-14
  3975.000  1.20985e-14
  3980.000  1.43928e-14
  3985.000  1.60840e-14
  3990.000  1.64776e-14
  3995.000  1.67909e-14
  4000.000  1.78335e-14
  4005.000  1.82324e-14
  4010.000  1.89490e-14
  4015.000  1.95447e-14
  4020.000  1.96649e-14
  4025.000  1.93187e-14
  4030.000  1.83051e-14
  4035.000  1.78088e-14
  4040.000  1.80341e-14
  4045.000  1.80874e-14
  4050.000  1.79693e-14
  4055.000  1.75667e-14
  4060.000  1.72169e-14
  4065.000  1.77724e-14
  4070.000  1.79322e-14
  4075.000  1.83184e-14
  4080.000  1.89681e-14
  4085.000  1.95415e-14
  4090.000  1.95191e-14
  4095.000  1.87213e-14
  4100.000  1.77013e-14
  4105.000  1.79565e-14
  4110.000  1.84387e-14
  4115.000  1.85013e-14
  4120.000  1.83380e-14
  4125.000  1.79487e-14
  4130.000  1.73215e-14
  4135.000  1.69927e-14
  4140.000  1.66567e-14
  4145.000  1.62618e-14
  4150.000  1.62700e-14
  4155.000  1.67319e-14
  4160.000  1.73917e-14
  4165.000  1.77803e-14
  4170.000  1.69282e-14
  4175.000  1.67995e-14
  4180.000  1.71523e-14
  4185.000  1.76881e-14
  4190.000  1.80482e-14
  4195.000  1.79463e-14
  4200.000  1.82638e-14
  4205.000  1.92601e-14
  4210.000  1.96727e-14
  4215.000  1.94051e-14
  4220.000  1.86398e-14
  4225.000  1.75359e-14
  4230.000  1.80182e-14
  4235.000  1.94292e-14
  4240.000  2.08734e-14
  4245.000  2.14891e-14
  4250.000  2.09546e-14
  4255.000  2.03655e-14
  4260.000  2.04941e-14
  4265.000  2.01576e-14
  4270.000  1.97396e-14
  4275.000  1.96399e-14
  4280.000  2.00538e-14
  4285.000  1.99351e-14
  4290.000  1.92908e-14
  4295.000  1.81904e-14
  4300.000  1.71661e-14
  4305.000  1.69803e-14
  4310.000  1.87602e-14
  4315.000  2.12215e-14
  4320.000  2.24561e-14
  4325.000  2.31019e-14
  4330.000  2.37255e-14
  4335.000  2.36886e-14
  4340.000  2.38329e-14
  4345.000  2.41642e-14
  4350.000  2.44880e-14
  4355.000  2.48583e-14
  4360.000  2.58250e-14
  4365.000  2.58263e-14
  4370.000  2.46689e-14
  4375.000  2.32670e-14
  4380.000  2.23629e-14
  4385.000  2.23614e-14
  4390.000  2.33953e-14
  4395.000  2.38305e-14
  4400.000  2.39378e-14
  4405.000  2.42101e-14
  4410.000  2.54628e-14
  4415.000  2.61799e-14
  4420.000  2.60943e-14
  4425.000  2.58343e-14
  4430.000  2.60579e-14
  4435.000  2.65030e-14
  4440.000  2.68954e-14
  4445.000  2.70349e-14
  4450.000  2.67404e-14
  4455.000  2.58224e-14
  4460.000  2.62081e-14
  4465.000  2.72279e-14
  4470.000  2.83541e-14
  4475.000  2.91142e-14
  4480.000  2.88677e-14
  4485.000  2.88653e-14
  4490.000  2.88688e-14
  4495.000  2.91127e-14
  4500.000  2.99504e-14
  4505.000  3.01646e-14
  4510.000  3.02803e-14
  4515.000  3.02357e-14
  4520.000  2.98490e-14
  4525.000  2.83010e-14
  4530.000  2.78548e-14
  4535.000  2.82492e-14
  4540.000  2.90726e-14
  4545.000  2.95593e-14
  4550.000  2.99534e-14
  4555.000  3.07076e-14
  4560.000  3.14699e-14
  4565.000  3.18011e-14
  4570.000  3.16499e-14
  4575.000  3.12624e-14
  4580.000  3.08692e-14
  4585.000  3.06676e-14
  4590.000  3.10535e-14
  4595.000  3.12699e-14
  4600.000  3.13610e-14
  4605.000  3.14872e-14
  4610.000  3.24385e-14
  4615.000  3.30502e-14
  4620.000  3.33043e-14
  4625.000  3.31143e-14
  4630.000  3.21454e-14
  4635.000  3.12328e-14
  4640.000  3.03360e-14
  4645.000  2.96735e-14
  4650.000  3.00714e-14
  4655.000  3.07324e-14
  4660.000  3.07965e-14
  4665.000  3.03108e-14
  4670.000  3.01341e-14
  4675.000  3.02455e-14
  4680.000  3.04433e-14
  4685.000  3.06478e-14
  4690.000  3.07225e-14
  4695.000  3.04366e-14
  4700.000  3.01167e-14
  4705.000  2.99387e-14
  4710.000  3.03952e-14
  4715.000  3.13991e-14
  4720.000  3.21384e-14
  4725.000  3.22346e-14
  4730.000  3.17257e-14
  4735.000  3.18400e-14
  4740.000  3.24298e-14
  4745.000  3.34228e-14
  4750.000  3.32876e-14
  4755.000  3.28820e-14
  4760.000  3.23736e-14
  4765.000  3.20031e-14
  4770.000  3.24168e-14
  4775.000  3.26716e-14
  4780.000  3.27315e-14
  4785.000  3.28982e-14
  4790.000  3.32555e-14
  4795.000  3.34218e-14
  4800.000  3.32541e-14
  4805.000  3.30695e-14
  4810.000  3.34576e-14
  4815.000  3.39187e-14
  4820.000  3.38555e-14
  4825.000  3.38943e-14
  4830.000  3.36303e-14
  4835.000  3.31206e-14
  4840.000  3.28464e-14
  4845.000  3.26331e-14
  4850.000  3.24112e-14
  4855.000  3.21394e-14
  4860.000  3.15203e-14
  4865.000  3.11862e-14
  4870.000  3.11912e-14
  4875.000  3.17505e-14
  4880.000  3.19600e-14
  4885.000  3.21083e-14
  4890.000  3.23087e-14
  4895.000  3.32871e-14
  4900.000  3.39093e-14
  4905.000  3.41068e-14
  4910.000  3.35550e-14
  4915.000  3.27298e-14
  4920.000  3.22128e-14
  4925.000  3.23747e-14
  4930.000  3.31322e-14
  4935.000  3.37884e-14
  4940.000  3.43416e-14
  4945.000  3.49529e-14
  4950.000  3.50821e-14
  4955.000  3.47418e-14
  4960.000  3.37353e-14
  4965.000  3.34619e-14
  4970.000  3.32378e-14
  4975.000  3.29250e-14
  4980.000  3.20929e-14
  4985.000  3.19927e-14
  4990.000  3.23761e-14
  4995.000  3.26511e-14
  5000.000  3.28108e-14
  5005.000  3.25364e-14
  5010.000  3.13360e-14
  5015.000  3.07968e-14
  5020.000  3.07175e-14
  5025.000  3.11178e-14
  5030.000  3.12439e-14
  5035.000  3.11803e-14
  5040.000  3.10137e-14
  5045.000  3.13272e-14
  5050.000  3.20927e-14
  5055.000  3.28942e-14
  5060.000  3.28862e-14
  5065.000  3.21732e-14
  5070.000  3.13617e-14
  5075.000  3.08472e-14
  5080.000  3.06535e-14
  5085.000  3.07978e-14
  5090.000  3.13755e-14
  5095.000  3.12506e-14
  5100.000  3.11189e-14
  5105.000  3.10441e-14
  5110.000  3.18010e-14
  5115.000  3.19733e-14
  5120.000  3.16106e-14
  5125.000  3.06536e-14
  5130.000  3.03929e-14
  5135.000  3.05093e-14
  5140.000  3.02295e-14
  5145.000  2.99256e-14
  5150.000  2.97452e-14
  5155.000  3.01334e-14
  5160.000  2.86707e-14
  5165.000  2.66933e-14
  5170.000  2.54331e-14
  5175.000  2.56237e-14
  5180.000  2.63988e-14
  5185.000  2.74772e-14
  5190.000  2.94260e-14
  5195.000  3.10614e-14
  5200.000  3.13959e-14
  5205.000  3.08108e-14
  5210.000  3.06566e-14
  5215.000  3.19210e-14
  5220.000  3.22351e-14
  5225.000  3.25010e-14
  5230.000  3.31009e-14
  5235.000  3.40326e-14
  5240.000  3.46315e-14
  5245.000  3.43931e-14
  5250.000  3.41844e-14
  5255.000  3.35798e-14
  5260.000  3.21077e-14
  5265.000  3.16476e-14
  5270.000  3.20541e-14
  5275.000  3.39232e-14
  5280.000  3.53865e-14
  5285.000  3.64549e-14
  5290.000  3.67730e-14
  5295.000  3.61786e-14
  5300.000  3.57903e-14
  5305.000  3.69605e-14
  5310.000  3.75707e-14
  5315.000  3.76161e-14
  5320.000  3.62580e-14
  5325.000  3.54900e-14
  5330.000  3.52104e-14
  5335.000  3.61062e-14
  5340.000  3.67271e-14
  5345.000  3.72329e-14
  5350.000  3.83184e-14
  5355.000  3.88488e-14
  5360.000  3.89186e-14
  5365.000  3.82513e-14
  5370.000  3.79827e-14
  5375.000  3.81452e-14
  5380.000  3.82718e-14
  5385.000  3.79853e-14
  5390.000  3.70783e-14
  5395.000  3.61034e-14
  5400.000  3.53851e-14
  5405.000  3.52715e-14
  5410.000  3.62709e-14
  5415.000  3.74112e-14
  5420.000  3.77395e-14
  5425.000  3.74501e-14
  5430.000  3.69483e-14
  5435.000  3.74953e-14
  5440.000  3.76167e-14
  5445.000  3.73772e-14
  5450.000  3.71293e-14
  5455.000  3.71250e-14
  5460.000  3.74586e-14
  5465.000  3.70471e-14
  5470.000  3.65848e-14
  5475.000  3.63123e-14
  5480.000  3.65897e-14
  5485.000  3.70717e-14
  5490.000  3.74933e-14
  5495.000  3.79835e-14
  5500.000  3.85244e-14
  5505.000  3.85155e-14
  5510.000  3.85056e-14
  5515.000  3.84956e-14
  5520.000  3.84882e-14
  5525.000  3.83527e-14
  5530.000  3.78476e-14
  5535.000  3.81418e-14
  5540.000  3.87633e-14
  5545.000  3.87296e-14
  5550.000  3.86230e-14
  5555.000  3.84426e-14
  5560.000  3.83693e-14
  5565.000  3.83171e-14
  5570.000  3.82863e-14
  5575.000  3.82956e-14
  5580.000  3.82015e-14
  5585.000  3.72001e-14
  5590.000  3.68225e-14
  5595.000  3.70298e-14
  5600.000  3.75911e-14
  5605.000  3.80037e-14
  5610.000  3.80064e-14
  5615.000  3.76355e-14
  5620.000  3.71836e-14
  5625.000  3.75296e-14
  5630.000  3.76926e-14
  5635.000  3.76558e-14
  5640.000  3.77697e-14
  5645.000  3.78561e-14
  5650.000  3.77851e-14
  5655.000  3.78808e-14
  5660.000  3.80757e-14
  5665.000  3.82856e-14
  5670.000  3.83850e-14
  5675.000  3.83057e-14
  5680.000  3.81619e-14
  5685.000  3.80638e-14
  5690.000  3.84229e-14
  5695.000  3.84558e-14
  5700.000  3.81577e-14
  5705.000  3.79809e-14
  5710.000  3.81244e-14
  5715.000  3.92935e-14
  5720.000  4.00761e-14
  5725.000  4.05897e-14
  5730.000  4.04113e-14
  5735.000  3.95117e-14
  5740.000  3.70650e-14
  5745.000  3.59967e-14
  5750.000  3.56734e-14
  5755.000  3.81442e-14
  5760.000  3.98289e-14
  5765.000  4.01461e-14
  5770.000  4.00148e-14
  5775.000  3.96782e-14
  5780.000  3.89370e-14
  5785.000  3.87192e-14
  5790.000  3.92803e-14
  5795.000  4.04787e-14
  5800.000  4.17570e-14
  5805.000  4.14448e-14
  5810.000  4.13057e-14
  5815.000  4.14085e-14
  5820.000  4.13760e-14
  5825.000  4.12961e-14
  5830.000  4.11875e-14
  5835.000  4.10687e-14
  5840.000  4.09350e-14
  5845.000  4.03709e-14
  5850.000  3.96685e-14
  5855.000  3.91856e-14
  5860.000  3.89263e-14
  5865.000  3.90265e-14
  5870.000  3.90658e-14
  5875.000  3.90214e-14
  5880.000  3.60912e-14
  5885.000  3.32285e-14
  5890.000  3.04953e-14
  5895.000  3.11428e-14
  5900.000  3.36447e-14
  5905.000  3.60375e-14
  5910.000  3.78902e-14
  5915.000  3.82516e-14
  5920.000  3.85231e-14
  5925.000  3.87261e-14
  5930.000  3.92539e-14
  5935.000  3.97560e-14
  5940.000  3.98968e-14
  5945.000  3.98772e-14
  5950.000  3.96751e-14
  5955.000  3.97777e-14
  5960.000  3.99761e-14
  5965.000  4.01957e-14
  5970.000  4.02567e-14
  5975.000  4.00172e-14
  5980.000  3.98301e-14
  5985.000  3.96734e-14
  5990.000  3.98955e-14
  5995.000  4.01047e-14
  6000.000  4.01288e-14
  6005.000  3.99408e-14
  6010.000  3.95245e-14
  6015.000  3.98818e-14
  6020.000  4.04874e-14
  6025.000  4.12031e-14
  6030.000  4.18380e-14
  6035.000  4.22930e-14
  6040.000  4.22814e-14
  6045.000  4.19295e-14
  6050.000  4.19585e-14
  6055.000  4.20213e-14
  6060.000  4.18002e-14
  6065.000  4.19395e-14
  6070.000  4.26799e-14
  6075.000  4.25274e-14
  6080.000  4.18612e-14
  6085.000  4.14814e-14
  6090.000  4.11262e-14
  6095.000  4.07124e-14
  6100.000  4.06918e-14
  6105.000  4.12569e-14
  6110.000  4.15542e-14
  6115.000  4.17085e-14
  6120.000  4.11167e-14
  6125.000  4.05258e-14
  6130.000  4.04271e-14
  6135.000  4.04627e-14
  6140.000  4.07095e-14
  6145.000  4.05972e-14
  6150.000  4.02728e-14
  6155.000  3.93882e-14
  6160.000  3.85050e-14
  6165.000  3.83871e-14
  6170.000  3.85978e-14
  6175.000  3.94607e-14
  6180.000  3.95787e-14
  6185.000  3.91228e-14
  6190.000  3.89819e-14
  6195.000  3.89270e-14
  6200.000  3.90910e-14
  6205.000  3.90582e-14
  6210.000  3.84045e-14
  6215.000  3.78885e-14
  6220.000  3.75334e-14
  6225.000  3.71957e-14
  6230.000  3.68665e-14
  6235.000  3.69165e-14
  6240.000  3.69920e-14
  6245.000  3.68994e-14
  6250.000  3.67872e-14
  6255.000  3.66322e-14
  6260.000  3.70027e-14
  6265.000  3.78522e-14
  6270.000  3.80034e-14
  6275.000  3.78927e-14
  6280.000  3.78271e-14
  6285.000  3.78241e-14
  6290.000  3.82176e-14
  6295.000  3.85588e-14
  6300.000  3.87927e-14
  6305.000  3.86892e-14
  6310.000  3.82763e-14
  6315.000  3.85543e-14
  6320.000  3.91101e-14
  6325.000  3.94416e-14
  6330.000  3.96834e-14
  6335.000  3.92561e-14
  6340.000  3.89848e-14
  6345.000  3.91256e-14
  6350.000  3.91634e-14
  6355.000  3.90693e-14
  6360.000  3.90338e-14
  6365.000  3.90322e-14
  6370.000  3.88768e-14
  6375.000  3.86853e-14
  6380.000  3.89506e-14
  6385.000  3.92913e-14
  6390.000  4.00044e-14
  6395.000  4.04674e-14
  6400.000  4.04061e-14
  6405.000  4.04449e-14
  6410.000  4.05886e-14
  6415.000  4.07851e-14
  6420.000  4.10097e-14
  6425.000  4.12043e-14
  6430.000  4.13918e-14
  6435.000  4.15513e-14
  6440.000  4.16514e-14
  6445.000  4.13422e-14
  6450.000  4.10677e-14
  6455.000  4.08830e-14
  6460.000  4.07828e-14
  6465.000  4.07960e-14
  6470.000  4.06785e-14
  6475.000  4.04645e-14
  6480.000  3.99603e-14
  6485.000  3.93432e-14
  6490.000  3.88622e-14
  6495.000  3.84038e-14
  6500.000  3.97414e-14
  6505.000  4.09005e-14
  6510.000  4.09415e-14
  6515.000  4.09411e-14
  6520.000  4.08288e-14
  6525.000  4.08126e-14
  6530.000  4.09391e-14
  6535.000  4.12245e-14
  6540.000  4.16507e-14
  6545.000  4.15529e-14
  6550.000  4.11808e-14
  6555.000  4.12673e-14
  6560.000  4.14834e-14
  6565.000  4.09941e-14
  6570.000  4.04838e-14
  6575.000  4.32776e-14
  6580.000  4.55119e-14
  6585.000  4.41202e-14
  6590.000  4.27318e-14
  6595.000  4.13491e-14
  6600.000  4.06254e-14
  6605.000  4.10985e-14
  6610.000  4.12989e-14
  6615.000  4.11820e-14
  6620.000  4.10262e-14
  6625.000  4.08408e-14
  6630.000  4.04212e-14
  6635.000  3.98857e-14
  6640.000  3.98740e-14
  6645.000  4.00217e-14
  6650.000  4.00817e-14
  6655.000  4.01276e-14
  6660.000  3.97276e-14
  6665.000  3.93445e-14
  6670.000  3.97291e-14
  6675.000  4.01021e-14
  6680.000  4.04045e-14
  6685.000  4.05534e-14
  6690.000  4.01583e-14
  6695.000  3.98423e-14
  6700.000  3.97083e-14
  6705.000  3.99214e-14
  6710.000  4.06959e-14
  6715.000  4.09991e-14
  6720.000  4.07455e-14
  6725.000  4.06048e-14
  6730.000  4.05630e-14
  6735.000  4.00646e-14
  6740.000  3.92672e-14
  6745.000  3.94313e-14
  6750.000  4.00626e-14
  6755.000  4.00798e-14
  6760.000  3.98789e-14
  6765.000  3.98934e-14
  6770.000  3.99610e-14
  6775.000  4.01313e-14
  6780.000  4.03178e-14
  6785.000  4.02536e-14
  6790.000  4.01673e-14
  6795.000  3.98213e-14
  6800.000  3.94803e-14
  6805.000  3.95783e-14
  6810.000  3.97445e-14
  6815.000  4.07642e-14
  6820.000  4.16243e-14
  6825.000  4.13370e-14
  6830.000  4.10430e-14
  6835.000  4.07128e-14
  6840.000  4.03604e-14
  6845.000  3.99209e-14
  6850.000  3.95837e-14
  6855.000  3.95633e-14
  6860.000  3.89980e-14
  6865.000  3.70201e-14
  6870.000  3.55649e-14
  6875.000  3.52692e-14
  6880.000  3.54618e-14
  6885.000  3.66001e-14
  6890.000  3.73259e-14
  6895.000  3.73399e-14
  6900.000  3.76680e-14
  6905.000  3.84864e-14
  6910.000  3.91646e-14
  6915.000  3.96428e-14
  6920.000  3.99019e-14
  6925.000  3.98707e-14
  6930.000  3.98453e-14
  6935.000  3.98272e-14
  6940.000  3.99451e-14
  6945.000  4.02244e-14
  6950.000  4.04856e-14
  6955.000  4.07262e-14
  6960.000  4.09958e-14
  6965.000  4.12979e-14
  6970.000  4.13731e-14
  6975.000  4.12001e-14
  6980.000  4.13618e-14
  6985.000  4.18882e-14
  6990.000  4.19135e-14
  6995.000  4.13873e-14
  7000.000  4.11740e-14
  7005.000  4.13105e-14
  7010.000  4.12772e-14
  7015.000  4.10477e-14
  7020.000  4.11871e-14
  7025.000  4.17711e-14
  7030.000  4.22577e-14
  7035.000  4.26205e-14
  7040.000  4.26887e-14
  7045.000  4.23569e-14
  7050.000  4.18477e-14
  7055.000  4.10765e-14
  7060.000  4.05203e-14
  7065.000  4.03097e-14
  7070.000  4.02405e-14
  7075.000  4.04246e-14
  7080.000  4.03523e-14
  7085.000  3.97586e-14
  7090.000  3.92029e-14
  7095.000  3.87353e-14
  7100.000  3.84697e-14
  7105.000  3.87622e-14
  7110.000  3.89884e-14
  7115.000  3.89913e-14
  7120.000  3.89689e-14
  7125.000  3.88386e-14
  7130.000  3.86280e-14
  7135.000  3.79500e-14
  7140.000  3.73583e-14
  7145.000  3.75290e-14
  7150.000  3.76630e-14
  7155.000  3.71515e-14
  7160.000  3.66417e-14
  7165.000  3.67908e-14
  7170.000  3.69396e-14
  7175.000  3.63173e-14
  7180.000  3.56530e-14
  7185.000  3.47846e-14
  7190.000  3.38922e-14
  7195.000  3.34402e-14
  7200.000  3.30785e-14
  7205.000  3.39477e-14
  7210.000  3.51898e-14
  7215.000  3.64993e-14
  7220.000  3.78364e-14
  7225.000  3.85100e-14
  7230.000  3.87976e-14
  7235.000  3.85435e-14
  7240.000  3.78649e-14
  7245.000  3.73526e-14
  7250.000  3.70164e-14
  7255.000  3.65940e-14
  7260.000  3.60465e-14
  7265.000  3.57235e-14
  7270.000  3.58631e-14
  7275.000  3.60459e-14
  7280.000  3.63639e-14
  7285.000  3.67646e-14
  7290.000  3.76163e-14
  7295.000  3.84190e-14
  7300.000  3.85411e-14
  7305.000  3.86630e-14
  7310.000  3.85303e-14
  7315.000  3.83906e-14
  7320.000  3.87672e-14
  7325.000  3.92153e-14
  7330.000  3.97736e-14
  7335.000  4.03627e-14
  7340.000  4.10126e-14
  7345.000  4.16911e-14
  7350.000  4.14406e-14
  7355.000  4.04948e-14
  7360.000  4.03370e-14
  7365.000  4.10890e-14
  7370.000  4.15763e-14
  7375.000  4.15778e-14
  7380.000  4.16807e-14
  7385.000  4.21060e-14
  7390.000  4.25994e-14
  7395.000  4.35883e-14
  7400.000  4.45736e-14
  7405.000  4.39830e-14
  7410.000  4.33931e-14
  7415.000  4.34648e-14
  7420.000  4.36275e-14
  7425.000  4.37434e-14
  7430.000  4.38439e-14
  7435.000  4.40763e-14
  7440.000  4.43885e-14
  7445.000  4.43708e-14
  7450.000  4.40125e-14
  7455.000  4.36118e-14
  7460.000  4.31340e-14
  7465.000  4.29051e-14
  7470.000  4.35693e-14
  7475.000  4.40992e-14
  7480.000  4.30104e-14
  7485.000  4.19231e-14
  7490.000  4.22707e-14
  7495.000  4.27228e-14
  7500.000  4.32832e-14
  7505.000  4.38728e-14
  7510.000  4.42320e-14
  7515.000  4.44581e-14
  7520.000  4.47707e-14
  7525.000  4.51769e-14
  7530.000  4.56227e-14
  7535.000  4.61521e-14
  7540.000  4.66116e-14
  7545.000  4.67175e-14
  7550.000  0.00000e+00
