# kc96/starb6  |  Kinney et al. 1996, ApJ 467, 38 (starb: Calzetti et al. 1994)
# columns: wavelength_Angstrom  flam_erg_s_cm2_A (absolute scale arbitrary - ETC renormalizes)
  1235.000  2.56445e-14
  1240.000  2.81018e-14
  1245.000  3.31038e-14
  1250.000  3.03631e-14
  1255.000  2.21963e-14
  1260.000  2.50935e-14
  1265.000  3.60088e-14
  1270.000  4.08590e-14
  1275.000  4.05955e-14
  1280.000  3.80927e-14
  1285.000  4.07199e-14
  1290.000  3.65169e-14
  1295.000  2.66744e-14
  1300.000  2.02998e-14
  1305.000  2.89017e-14
  1310.000  3.62656e-14
  1315.000  3.57710e-14
  1320.000  3.67354e-14
  1325.000  3.44519e-14
  1330.000  2.37653e-14
  1335.000  2.31191e-14
  1340.000  3.60506e-14
  1345.000  3.64356e-14
  1350.000  3.75362e-14
  1355.000  3.74838e-14
  1360.000  3.66741e-14
  1365.000  3.61155e-14
  1370.000  3.74644e-14
  1375.000  3.49837e-14
  1380.000  2.81874e-14
  1385.000  2.46322e-14
  1390.000  1.85328e-14
  1395.000  1.87780e-14
  1400.000  2.65121e-14
  1405.000  3.40747e-14
  1410.000  3.67330e-14
  1415.000  3.20641e-14
  1420.000  3.49378e-14
  1425.000  3.16862e-14
  1430.000  3.20651e-14
  1435.000  2.83829e-14
  1440.000  3.57203e-14
  1445.000  3.42137e-14
  1450.000  3.31067e-14
  1455.000  3.36244e-14
  1460.000  3.90220e-14
  1465.000  3.74261e-14
  1470.000  3.60141e-14
  1475.000  3.76273e-14
  1480.000  3.98537e-14
  1485.000  4.22137e-14
  1490.000  4.42539e-14
  1495.000  3.97305e-14
  1500.000  3.52311e-14
  1505.000  3.51291e-14
  1510.000  3.57517e-14
  1515.000  3.54420e-14
  1520.000  3.34947e-14
  1525.000  2.99558e-14
  1530.000  2.90958e-14
  1535.000  2.49020e-14
  1540.000  1.82576e-14
  1545.000  1.07018e-14
  1550.000  1.81175e-14
  1555.000  3.10485e-14
  1560.000  3.36292e-14
  1565.000  2.65233e-14
  1570.000  3.28343e-14
  1575.000  3.57345e-14
  1580.000  3.17337e-14
  1585.000  3.27855e-14
  1590.000  3.29836e-14
  1595.000  2.98748e-14
  1600.000  2.65977e-14
  1605.000  2.35524e-14
  1610.000  2.43642e-14
  1615.000  2.47889e-14
  1620.000  3.13670e-14
  1625.000  2.95560e-14
  1630.000  3.24430e-14
  1635.000  3.22795e-14
  1640.000  3.27977e-14
  1645.000  3.73700e-14
  1650.000  3.92135e-14
  1655.000  3.71595e-14
  1660.000  3.20273e-14
  1665.000  2.63116e-14
  1670.000  2.46390e-14
  1675.000  3.45562e-14
  1680.000  3.55247e-14
  1685.000  4.01972e-14
  1690.000  3.64766e-14
  1695.000  3.56737e-14
  1700.000  3.24797e-14
  1705.000  3.42310e-14
  1710.000  3.19694e-14
  1715.000  3.18151e-14
  1720.000  3.23452e-14
  1725.000  3.37756e-14
  1730.000  3.73007e-14
  1735.000  3.86359e-14
  1740.000  3.98415e-14
  1745.000  3.99208e-14
  1750.000  3.82991e-14
  1755.000  4.02132e-14
  1760.000  3.95846e-14
  1765.000  3.79649e-14
  1770.000  3.74550e-14
  1775.000  3.70698e-14
  1780.000  3.91444e-14
  1785.000  3.82717e-14
  1790.000  3.61089e-14
  1795.000  3.81105e-14
  1800.000  3.93645e-14
  1805.000  3.86644e-14
  1810.000  4.02763e-14
  1815.000  4.03929e-14
  1820.000  3.99271e-14
  1825.000  3.79373e-14
  1830.000  3.94153e-14
  1835.000  4.00949e-14
  1840.000  3.84474e-14
  1845.000  3.18124e-14
  1850.000  2.88657e-14
  1855.000  3.10763e-14
  1860.000  3.13791e-14
  1865.000  3.70043e-14
  1870.000  3.86334e-14
  1875.000  3.79375e-14
  1880.000  3.64173e-14
  1885.000  3.43484e-14
  1890.000  3.19057e-14
  1895.000  3.19874e-14
  1900.000  3.23452e-14
  1905.000  3.61297e-14
  1910.000  3.54005e-14
  1915.000  3.18817e-14
  1920.000  3.11713e-14
  1925.000  3.15521e-14
  1930.000  3.12198e-14
  1935.000  3.43100e-14
  1940.000  3.43996e-14
  1945.000  3.48760e-14
  1950.000  3.54726e-14
  1955.000  3.24830e-14
  1960.000  2.97527e-14
  1965.000  3.25048e-14
  1970.000  2.86011e-14
  1975.000  6.77782e-14
  1980.000  5.62160e-14
  1985.000  3.47309e-14
  1990.000  2.03395e-14
  1995.000  4.27009e-14
  2000.000  2.69034e-14
  2005.000  2.49085e-14
  2010.000  2.62403e-14
  2015.000  3.43889e-14
  2020.000  4.32900e-14
  2025.000  3.32193e-14
  2030.000  3.03800e-14
  2035.000  3.95747e-14
  2040.000  2.98017e-14
  2045.000  3.69822e-14
  2050.000  2.72274e-14
  2055.000  3.08686e-14
  2060.000  3.66741e-14
  2065.000  3.87866e-14
  2070.000  3.67924e-14
  2075.000  3.83038e-14
  2080.000  4.08564e-14
  2085.000  3.23978e-14
  2090.000  3.06292e-14
  2095.000  3.50219e-14
  2100.000  2.47633e-14
  2105.000  3.34573e-14
  2110.000  3.87912e-14
  2115.000  3.89344e-14
  2120.000  4.12111e-14
  2125.000  3.70373e-14
  2130.000  3.89172e-14
  2135.000  3.34491e-14
  2140.000  2.43109e-14
  2145.000  3.90512e-14
  2150.000  3.88362e-14
  2155.000  3.19442e-14
  2160.000  4.11255e-14
  2165.000  2.86802e-14
  2170.000  2.72602e-14
  2175.000  3.19421e-14
  2180.000  3.31523e-14
  2185.000  3.27752e-14
  2190.000  3.94981e-14
  2195.000  1.96563e-14
  2200.000  3.41428e-14
  2205.000  3.45938e-14
  2210.000  3.10319e-14
  2215.000  3.36948e-14
  2220.000  2.34548e-14
  2225.000  3.20304e-14
  2230.000  3.08146e-14
  2235.000  3.60164e-14
  2240.000  3.53657e-14
  2245.000  3.81777e-14
  2250.000  3.65066e-14
  2255.000  3.82419e-14
  2260.000  3.29566e-14
  2265.000  2.50295e-14
  2270.000  3.84807e-14
  2275.000  2.90522e-14
  2280.000  3.31278e-14
  2285.000  3.90090e-14
  2290.000  3.05792e-14
  2295.000  4.07736e-14
  2300.000  3.16848e-14
  2305.000  2.84453e-14
  2310.000  3.35081e-14
  2315.000  3.32982e-14
  2320.000  3.47175e-14
  2325.000  3.61530e-14
  2330.000  3.15610e-14
  2335.000  2.92629e-14
  2340.000  2.76738e-14
  2345.000  2.39573e-14
  2350.000  2.44876e-14
  2355.000  2.14381e-14
  2360.000  3.99026e-14
  2365.000  2.72702e-14
  2370.000  2.73496e-14
  2375.000  2.71923e-14
  2380.000  1.91748e-14
  2385.000  2.57077e-14
  2390.000  2.38449e-14
  2395.000  3.54384e-14
  2400.000  2.65732e-14
  2405.000  2.98516e-14
  2410.000  2.79110e-14
  2415.000  3.24068e-14
  2420.000  3.21985e-14
  2425.000  3.60253e-14
  2430.000  3.23994e-14
  2435.000  3.56438e-14
  2440.000  2.95815e-14
  2445.000  3.55091e-14
  2450.000  2.98467e-14
  2455.000  3.69107e-14
  2460.000  2.90801e-14
  2465.000  3.38668e-14
  2470.000  3.34473e-14
  2475.000  3.34434e-14
  2480.000  2.74536e-14
  2485.000  3.34221e-14
  2490.000  3.02713e-14
  2495.000  2.90394e-14
  2500.000  2.73926e-14
  2505.000  3.32544e-14
  2510.000  2.98740e-14
  2515.000  3.19600e-14
  2520.000  3.41063e-14
  2525.000  3.10763e-14
  2530.000  3.04818e-14
  2535.000  2.57224e-14
  2540.000  2.96304e-14
  2545.000  2.60132e-14
  2550.000  2.73152e-14
  2555.000  2.97724e-14
  2560.000  3.08900e-14
  2565.000  3.26371e-14
  2570.000  2.98357e-14
  2575.000  3.05090e-14
  2580.000  2.89701e-14
  2585.000  2.65082e-14
  2590.000  2.21761e-14
  2595.000  2.43346e-14
  2600.000  2.08135e-14
  2605.000  2.50066e-14
  2610.000  2.82769e-14
  2615.000  2.87311e-14
  2620.000  3.08777e-14
  2625.000  3.10899e-14
  2630.000  3.13876e-14
  2635.000  3.15868e-14
  2640.000  2.95447e-14
  2645.000  3.16054e-14
  2650.000  3.13876e-14
  2655.000  3.13601e-14
  2660.000  2.88477e-14
  2665.000  2.86533e-14
  2670.000  3.10772e-14
  2675.000  3.03873e-14
  2680.000  3.06698e-14
  2685.000  2.89093e-14
  2690.000  2.88196e-14
  2695.000  2.99715e-14
  2700.000  2.87011e-14
  2705.000  3.46531e-14
  2710.000  3.78345e-14
  2715.000  3.48298e-14
  2720.000  3.23818e-14
  2725.000  3.12150e-14
  2730.000  3.06154e-14
  2735.000  3.21962e-14
  2740.000  2.73680e-14
  2745.000  2.64011e-14
  2750.000  2.71955e-14
  2755.000  2.52806e-14
  2760.000  2.83341e-14
  2765.000  2.99655e-14
  2770.000  3.04316e-14
  2775.000  2.90825e-14
  2780.000  3.10245e-14
  2785.000  2.58914e-14
  2790.000  2.26240e-14
  2795.000  1.95536e-14
  2800.000  1.78541e-14
  2805.000  1.79977e-14
  2810.000  2.26951e-14
  2815.000  2.55813e-14
  2820.000  2.71968e-14
  2825.000  2.64442e-14
  2830.000  2.67079e-14
  2835.000  2.82165e-14
  2840.000  2.87866e-14
  2845.000  2.99504e-14
  2850.000  2.74387e-14
  2855.000  2.79046e-14
  2860.000  2.92269e-14
  2865.000  2.90427e-14
  2870.000  2.84157e-14
  2875.000  2.74769e-14
  2880.000  2.94103e-14
  2885.000  2.81233e-14
  2890.000  2.69435e-14
  2895.000  2.89009e-14
  2900.000  2.82241e-14
  2905.000  3.02776e-14
  2910.000  3.00252e-14
  2915.000  3.03293e-14
  2920.000  3.24186e-14
  2925.000  3.07057e-14
  2930.000  3.17171e-14
  2935.000  2.63204e-14
  2940.000  2.92269e-14
  2945.000  3.05177e-14
  2950.000  2.85985e-14
  2955.000  3.07391e-14
  2960.000  3.02295e-14
  2965.000  2.96687e-14
  2970.000  3.00568e-14
  2975.000  3.44613e-14
  2980.000  3.61727e-14
  2985.000  3.09688e-14
  2990.000  2.98126e-14
  2995.000  3.25866e-14
  3000.000  3.23208e-14
  3005.000  3.46906e-14
  3010.000  3.19161e-14
  3015.000  3.07581e-14
  3020.000  3.09144e-14
  3025.000  2.92763e-14
  3030.000  3.13406e-14
  3035.000  2.76067e-14
  3040.000  2.62185e-14
  3045.000  2.90093e-14
  3050.000  3.15538e-14
  3055.000  4.12143e-14
  3060.000  4.02329e-14
  3065.000  3.24270e-14
  3070.000  3.20781e-14
  3075.000  2.87228e-14
  3080.000  3.23452e-14
  3085.000  2.73525e-14
  3090.000  2.74942e-14
  3095.000  2.36045e-14
  3100.000  2.90801e-14
  3105.000  3.58485e-14
  3110.000  3.49948e-14
  3115.000  3.04248e-14
  3120.000  2.27334e-14
  3125.000  3.09969e-14
  3130.000  3.71735e-14
  3135.000  3.64970e-14
  3140.000  2.09724e-14
  3145.000  3.17961e-14
  3150.000  2.57102e-14
  3155.000  2.72121e-14
  3160.000  2.27334e-14
  3165.000  2.39327e-14
  3170.000  2.64397e-14
  3175.000  3.65339e-14
  3180.000  2.96182e-14
  3185.000  2.15315e-14
  3190.000  2.85412e-14
  3195.000  3.03277e-14
  3200.000  3.30055e-14
  3205.000  3.05088e-14
  3210.000  3.21164e-14
  3215.000  2.97677e-14
  3220.000  3.53902e-14
  3225.000  3.35783e-14
  3230.000  3.32511e-14
  3235.000  3.23395e-14
  3240.000  3.25163e-14
  3245.000  3.47069e-14
  3250.000  3.07975e-14
  3255.000  3.26877e-14
  3260.000  3.38127e-14
  3265.000  3.22249e-14
  3270.000  3.26687e-14
  3275.000  3.18244e-14
  3280.000  3.13791e-14
  3285.000  3.32308e-14
  3290.000  3.31272e-14
  3295.000  3.03210e-14
  3300.000  3.55247e-14
  3305.000  3.62664e-14
  3310.000  3.23872e-14
  3315.000  3.25922e-14
  3320.000  3.25409e-14
  3325.000  3.01506e-14
  3330.000  2.90706e-14
  3335.000  2.99465e-14
  3340.000  3.41795e-14
  3345.000  3.20923e-14
  3350.000  3.19577e-14
  3355.000  3.06073e-14
  3360.000  2.81263e-14
  3365.000  3.10264e-14
  3370.000  3.15244e-14
  3375.000  3.12701e-14
  3380.000  3.39839e-14
  3385.000  2.86747e-14
  3390.000  2.89193e-14
  3395.000  3.07690e-14
  3400.000  3.16481e-14
  3405.000  3.34609e-14
  3410.000  3.00648e-14
  3415.000  2.95139e-14
  3420.000  2.97282e-14
  3425.000  3.03591e-14
  3430.000  2.85650e-14
  3435.000  3.10155e-14
  3440.000  2.94225e-14
  3445.000  2.91075e-14
  3450.000  3.14752e-14
  3455.000  3.06434e-14
  3460.000  2.98138e-14
  3465.000  3.04839e-14
  3470.000  2.94006e-14
  3475.000  2.70591e-14
  3480.000  2.95081e-14
  3485.000  2.84961e-14
  3490.000  2.83969e-14
  3495.000  2.98772e-14
  3500.000  2.87499e-14
  3505.000  3.05193e-14
  3510.000  3.12603e-14
  3515.000  2.91166e-14
  3520.000  2.95815e-14
  3525.000  2.91792e-14
  3530.000  2.82008e-14
  3535.000  3.07532e-14
  3540.000  3.01807e-14
  3545.000  2.98837e-14
  3550.000  3.08991e-14
  3555.000  3.01761e-14
  3560.000  3.10490e-14
  3565.000  3.06063e-14
  3570.000  2.83459e-14
  3575.000  2.76846e-14
  3580.000  2.69278e-14
  3585.000  2.69745e-14
  3590.000  2.77070e-14
  3595.000  2.81877e-14
  3600.000  2.96304e-14
  3605.000  2.95993e-14
  3610.000  2.93538e-14
  3615.000  3.04213e-14
  3620.000  2.86521e-14
  3625.000  3.01029e-14
  3630.000  2.87341e-14
  3635.000  3.09570e-14
  3640.000  3.23941e-14
  3645.000  2.99801e-14
  3650.000  3.07360e-14
  3655.000  2.99831e-14
  3660.000  3.16359e-14
  3665.000  3.01050e-14
  3670.000  3.14282e-14
  3675.000  3.02681e-14
  3680.000  2.97038e-14
  3685.000  2.86137e-14
  3690.000  2.82542e-14
  3695.000  2.96704e-14
  3700.000  2.98260e-14
  3705.000  2.86943e-14
  3710.000  3.00542e-14
  3715.000  3.17356e-14
  3720.000  3.73712e-14
  3725.000  5.80990e-14
  3730.000  7.12199e-14
  3735.000  5.41518e-14
  3740.000  3.56103e-14
  3745.000  3.19033e-14
  3750.000  3.03563e-14
  3755.000  3.22346e-14
  3760.000  3.50478e-14
  3765.000  3.49190e-14
  3770.000  3.19109e-14
  3775.000  3.14439e-14
  3780.000  3.51823e-14
  3785.000  3.93569e-14
  3790.000  3.83951e-14
  3795.000  3.29348e-14
  3800.000  3.17460e-14
  3805.000  3.37531e-14
  3810.000  3.79868e-14
  3815.000  3.93487e-14
  3820.000  3.90710e-14
  3825.000  3.70432e-14
  3830.000  3.27371e-14
  3835.000  3.06814e-14
  3840.000  3.13424e-14
  3845.000  3.48641e-14
  3850.000  3.77395e-14
  3855.000  3.95543e-14
  3860.000  3.94623e-14
  3865.000  4.03920e-14
  3870.000  4.24221e-14
  3875.000  4.07529e-14
  3880.000  3.76769e-14
  3885.000  3.47685e-14
  3890.000  3.40411e-14
  3895.000  3.59141e-14
  3900.000  3.65031e-14
  3905.000  3.93093e-14
  3910.000  4.26864e-14
  3915.000  4.30311e-14
  3920.000  4.23972e-14
  3925.000  3.89005e-14
  3930.000  3.45939e-14
  3935.000  3.43496e-14
  3940.000  3.74813e-14
  3945.000  4.04252e-14
  3950.000  4.00013e-14
  3955.000  3.87614e-14
  3960.000  3.64785e-14
  3965.000  3.26045e-14
  3970.000  3.07226e-14
  3975.000  3.20488e-14
  3980.000  3.71022e-14
  3985.000  4.01626e-14
  3990.000  4.19068e-14
  3995.000  4.33475e-14
  4000.000  4.36569e-14
  4005.000  4.40874e-14
  4010.000  4.45405e-14
  4015.000  4.41983e-14
  4020.000  4.44640e-14
  4025.000  4.29191e-14
  4030.000  4.40147e-14
  4035.000  4.49072e-14
  4040.000  4.44395e-14
  4045.000  4.50977e-14
  4050.000  4.44632e-14
  4055.000  4.40225e-14
  4060.000  4.36079e-14
  4065.000  4.44056e-14
  4070.000  4.33746e-14
  4075.000  4.26256e-14
  4080.000  4.08198e-14
  4085.000  4.18943e-14
  4090.000  4.15843e-14
  4095.000  3.88359e-14
  4100.000  3.84963e-14
  4105.000  3.94200e-14
  4110.000  3.95592e-14
  4115.000  3.92656e-14
  4120.000  4.06485e-14
  4125.000  4.22365e-14
  4130.000  4.19503e-14
  4135.000  4.28392e-14
  4140.000  4.35100e-14
  4145.000  4.31881e-14
  4150.000  4.31024e-14
  4155.000  4.29055e-14
  4160.000  4.38769e-14
  4165.000  4.49749e-14
  4170.000  4.32205e-14
  4175.000  4.16131e-14
  4180.000  4.20794e-14
  4185.000  4.37954e-14
  4190.000  4.35199e-14
  4195.000  4.31230e-14
  4200.000  4.20182e-14
  4205.000  4.27628e-14
  4210.000  4.29382e-14
  4215.000  4.23286e-14
  4220.000  4.23606e-14
  4225.000  4.18847e-14
  4230.000  4.18923e-14
  4235.000  4.27091e-14
  4240.000  4.34733e-14
  4245.000  4.31262e-14
  4250.000  4.31961e-14
  4255.000  4.30059e-14
  4260.000  4.22261e-14
  4265.000  4.24512e-14
  4270.000  4.23767e-14
  4275.000  4.27534e-14
  4280.000  4.38647e-14
  4285.000  4.27335e-14
  4290.000  4.12448e-14
  4295.000  4.14616e-14
  4300.000  4.09175e-14
  4305.000  3.91934e-14
  4310.000  3.87389e-14
  4315.000  4.04851e-14
  4320.000  4.21038e-14
  4325.000  4.13958e-14
  4330.000  3.98549e-14
  4335.000  4.02912e-14
  4340.000  4.34245e-14
  4345.000  4.42339e-14
  4350.000  3.89158e-14
  4355.000  3.96194e-14
  4360.000  4.16513e-14
  4365.000  4.29073e-14
  4370.000  4.23380e-14
  4375.000  4.12085e-14
  4380.000  4.04285e-14
  4385.000  4.03699e-14
  4390.000  4.03306e-14
  4395.000  4.03824e-14
  4400.000  4.09419e-14
  4405.000  4.06129e-14
  4410.000  3.99229e-14
  4415.000  4.00322e-14
  4420.000  4.03918e-14
  4425.000  4.03473e-14
  4430.000  4.08103e-14
  4435.000  4.10581e-14
  4440.000  4.17613e-14
  4445.000  4.16604e-14
  4450.000  4.17238e-14
  4455.000  4.02396e-14
  4460.000  3.97803e-14
  4465.000  4.02657e-14
  4470.000  4.04576e-14
  4475.000  4.17283e-14
  4480.000  4.16390e-14
  4485.000  4.20403e-14
  4490.000  4.15374e-14
  4495.000  4.16865e-14
  4500.000  4.20425e-14
  4505.000  4.27723e-14
  4510.000  4.30822e-14
  4515.000  4.28105e-14
  4520.000  4.22995e-14
  4525.000  4.14536e-14
  4530.000  4.09434e-14
  4535.000  4.11450e-14
  4540.000  4.18348e-14
  4545.000  4.24430e-14
  4550.000  4.07958e-14
  4555.000  4.08866e-14
  4560.000  4.14312e-14
  4565.000  4.21683e-14
  4570.000  4.18920e-14
  4575.000  4.24949e-14
  4580.000  4.23360e-14
  4585.000  4.13660e-14
  4590.000  4.17674e-14
  4595.000  4.17194e-14
  4600.000  4.11988e-14
  4605.000  4.19517e-14
  4610.000  4.31843e-14
  4615.000  4.29967e-14
  4620.000  4.27763e-14
  4625.000  4.21398e-14
  4630.000  4.24828e-14
  4635.000  4.26323e-14
  4640.000  4.21894e-14
  4645.000  4.21398e-14
  4650.000  4.14606e-14
  4655.000  4.13489e-14
  4660.000  4.16513e-14
  4665.000  4.18808e-14
  4670.000  4.13742e-14
  4675.000  4.12340e-14
  4680.000  4.20548e-14
  4685.000  4.15401e-14
  4690.000  4.19399e-14
  4695.000  4.22391e-14
  4700.000  4.15167e-14
  4705.000  4.04977e-14
  4710.000  4.02252e-14
  4715.000  4.13405e-14
  4720.000  4.10521e-14
  4725.000  4.10002e-14
  4730.000  4.00968e-14
  4735.000  4.04221e-14
  4740.000  4.01348e-14
  4745.000  4.12067e-14
  4750.000  4.22539e-14
  4755.000  4.19238e-14
  4760.000  4.06730e-14
  4765.000  4.04524e-14
  4770.000  4.08995e-14
  4775.000  4.08245e-14
  4780.000  4.09542e-14
  4785.000  4.09575e-14
  4790.000  4.09391e-14
  4795.000  4.06106e-14
  4800.000  4.03795e-14
  4805.000  4.06114e-14
  4810.000  4.03030e-14
  4815.000  4.04974e-14
  4820.000  4.07830e-14
  4825.000  4.00869e-14
  4830.000  4.00505e-14
  4835.000  3.94449e-14
  4840.000  3.82884e-14
  4845.000  3.77156e-14
  4850.000  3.73670e-14
  4855.000  4.02768e-14
  4860.000  5.47483e-14
  4865.000  6.44345e-14
  4870.000  5.03811e-14
  4875.000  3.83502e-14
  4880.000  3.74202e-14
  4885.000  3.79358e-14
  4890.000  3.73929e-14
  4895.000  3.86889e-14
  4900.000  3.91689e-14
  4905.000  3.82444e-14
  4910.000  3.81226e-14
  4915.000  3.73457e-14
  4920.000  3.68209e-14
  4925.000  3.70512e-14
  4930.000  3.85117e-14
  4935.000  3.90148e-14
  4940.000  3.96457e-14
  4945.000  3.99063e-14
  4950.000  3.95538e-14
  4955.000  4.04082e-14
  4960.000  4.32043e-14
  4965.000  4.23015e-14
  4970.000  3.93120e-14
  4975.000  3.88846e-14
  4980.000  3.78725e-14
  4985.000  3.74373e-14
  4990.000  3.77308e-14
  4995.000  3.86244e-14
  5000.000  4.05507e-14
  5005.000  4.60880e-14
  5010.000  5.09052e-14
  5015.000  4.68213e-14
  5020.000  3.87653e-14
  5025.000  3.77878e-14
  5030.000  3.80940e-14
  5035.000  3.75354e-14
  5040.000  3.76282e-14
  5045.000  3.72777e-14
  5050.000  3.69168e-14
  5055.000  3.72978e-14
  5060.000  3.88998e-14
  5065.000  3.84018e-14
  5070.000  3.78998e-14
  5075.000  3.78425e-14
  5080.000  3.81540e-14
  5085.000  3.79033e-14
  5090.000  3.81214e-14
  5095.000  3.82071e-14
  5100.000  3.73224e-14
  5105.000  3.75836e-14
  5110.000  3.75604e-14
  5115.000  3.73538e-14
  5120.000  3.76646e-14
  5125.000  3.78253e-14
  5130.000  3.64143e-14
  5135.000  3.72523e-14
  5140.000  3.75547e-14
  5145.000  3.69977e-14
  5150.000  3.65608e-14
  5155.000  3.63157e-14
  5160.000  3.66130e-14
  5165.000  3.59501e-14
  5170.000  3.40560e-14
  5175.000  3.45768e-14
  5180.000  3.58792e-14
  5185.000  3.56213e-14
  5190.000  3.55877e-14
  5195.000  3.74889e-14
  5200.000  3.77992e-14
  5205.000  3.78953e-14
  5210.000  3.72232e-14
  5215.000  3.65063e-14
  5220.000  3.65274e-14
  5225.000  3.76556e-14
  5230.000  3.76152e-14
  5235.000  3.72326e-14
  5240.000  3.79338e-14
  5245.000  3.76712e-14
  5250.000  3.64648e-14
  5255.000  3.61714e-14
  5260.000  3.70165e-14
  5265.000  3.67501e-14
  5270.000  3.55035e-14
  5275.000  3.66309e-14
  5280.000  3.60995e-14
  5285.000  3.69133e-14
  5290.000  3.71818e-14
  5295.000  3.76567e-14
  5300.000  3.88876e-14
  5305.000  3.72376e-14
  5310.000  3.73643e-14
  5315.000  3.82601e-14
  5320.000  3.79093e-14
  5325.000  3.71098e-14
  5330.000  3.56366e-14
  5335.000  3.55375e-14
  5340.000  3.63685e-14
  5345.000  3.63316e-14
  5350.000  3.66153e-14
  5355.000  3.88130e-14
  5360.000  3.91934e-14
  5365.000  3.75638e-14
  5370.000  3.72035e-14
  5375.000  3.64096e-14
  5380.000  3.76403e-14
  5385.000  3.72756e-14
  5390.000  3.74857e-14
  5395.000  3.67754e-14
  5400.000  3.69921e-14
  5405.000  3.64756e-14
  5410.000  3.60895e-14
  5415.000  3.76225e-14
  5420.000  2.98750e-14
  5425.000  3.17233e-14
  5430.000  3.82865e-14
  5435.000  3.09044e-14
  5440.000  3.03397e-14
  5445.000  3.80952e-14
  5450.000  3.66393e-14
  5455.000  3.68021e-14
  5460.000  2.88111e-14
  5465.000  3.08459e-14
  5470.000  3.79485e-14
  5475.000  2.47772e-14
  5480.000  2.11069e-14
  5485.000  3.65112e-14
  5490.000  2.94859e-14
  5495.000  1.98438e-14
  5500.000  3.60139e-14
  5505.000  3.48040e-14
  5510.000  2.84623e-14
  5515.000  3.51647e-14
  5520.000  3.65885e-14
  5525.000  3.75972e-14
  5530.000  3.65429e-14
  5535.000  3.61314e-14
  5540.000  3.73834e-14
  5545.000  3.72009e-14
  5550.000  3.75120e-14
  5555.000  3.67420e-14
  5560.000  3.64296e-14
  5565.000  3.75433e-14
  5570.000  3.74811e-14
  5575.000  3.71707e-14
  5580.000  3.65885e-14
  5585.000  3.64148e-14
  5590.000  3.56583e-14
  5595.000  3.50351e-14
  5600.000  3.72979e-14
  5605.000  3.54255e-14
  5610.000  3.67025e-14
  5615.000  3.67960e-14
  5620.000  3.54146e-14
  5625.000  3.62921e-14
  5630.000  3.61414e-14
  5635.000  3.66864e-14
  5640.000  3.54757e-14
  5645.000  3.49089e-14
  5650.000  3.54639e-14
  5655.000  3.57758e-14
  5660.000  3.56836e-14
  5665.000  3.63631e-14
  5670.000  3.58312e-14
  5675.000  3.64737e-14
  5680.000  3.65519e-14
  5685.000  3.53148e-14
  5690.000  3.59816e-14
  5695.000  3.74451e-14
  5700.000  3.78237e-14
  5705.000  3.66084e-14
  5710.000  3.52445e-14
  5715.000  3.58636e-14
  5720.000  3.65274e-14
  5725.000  3.60458e-14
  5730.000  3.59485e-14
  5735.000  3.61739e-14
  5740.000  3.59406e-14
  5745.000  3.65611e-14
  5750.000  3.65331e-14
  5755.000  3.68903e-14
  5760.000  3.66741e-14
  5765.000  3.66179e-14
  5770.000  3.71968e-14
  5775.000  3.65125e-14
  5780.000  3.60260e-14
  5785.000  3.46872e-14
  5790.000  3.50973e-14
  5795.000  3.53024e-14
  5800.000  3.63685e-14
  5805.000  3.65894e-14
  5810.000  3.69033e-14
  5815.000  3.70181e-14
  5820.000  3.64540e-14
  5825.000  3.64886e-14
  5830.000  3.79069e-14
  5835.000  3.73847e-14
  5840.000  3.67231e-14
  5845.000  3.70393e-14
  5850.000  3.74809e-14
  5855.000  3.62422e-14
  5860.000  3.58671e-14
  5865.000  3.67457e-14
  5870.000  3.61387e-14
  5875.000  3.81494e-14
  5880.000  3.83618e-14
  5885.000  3.45204e-14
  5890.000  3.10202e-14
  5895.000  3.15693e-14
  5900.000  3.35069e-14
  5905.000  3.49490e-14
  5910.000  3.50323e-14
  5915.000  3.45198e-14
  5920.000  3.54757e-14
  5925.000  3.59596e-14
  5930.000  3.60764e-14
  5935.000  3.59575e-14
  5940.000  3.65885e-14
  5945.000  3.46712e-14
  5950.000  3.43376e-14
  5955.000  3.50179e-14
  5960.000  3.50722e-14
  5965.000  3.61813e-14
  5970.000  3.54581e-14
  5975.000  3.68813e-14
  5980.000  3.62095e-14
  5985.000  3.47201e-14
  5990.000  3.47778e-14
  5995.000  3.48415e-14
  6000.000  3.49009e-14
  6005.000  3.66389e-14
  6010.000  3.60370e-14
  6015.000  3.43637e-14
  6020.000  3.59406e-14
  6025.000  3.53100e-14
  6030.000  3.53714e-14
  6035.000  3.52485e-14
  6040.000  3.49744e-14
  6045.000  3.61543e-14
  6050.000  3.47881e-14
  6055.000  3.59030e-14
  6060.000  3.60015e-14
  6065.000  3.56520e-14
  6070.000  3.54851e-14
  6075.000  3.47778e-14
  6080.000  3.53290e-14
  6085.000  3.63667e-14
  6090.000  3.72529e-14
  6095.000  3.62960e-14
  6100.000  3.53291e-14
  6105.000  3.56334e-14
  6110.000  3.61240e-14
  6115.000  3.67866e-14
  6120.000  3.61117e-14
  6125.000  3.54132e-14
  6130.000  3.57555e-14
  6135.000  3.39394e-14
  6140.000  3.49744e-14
  6145.000  3.38941e-14
  6150.000  3.51143e-14
  6155.000  3.47150e-14
  6160.000  3.36536e-14
  6165.000  3.30927e-14
  6170.000  3.40088e-14
  6175.000  3.38673e-14
  6180.000  3.35926e-14
  6185.000  3.50219e-14
  6190.000  3.66110e-14
  6195.000  3.58247e-14
  6200.000  3.59038e-14
  6205.000  3.49702e-14
  6210.000  3.50148e-14
  6215.000  3.40368e-14
  6220.000  3.39227e-14
  6225.000  3.42555e-14
  6230.000  3.45846e-14
  6235.000  3.44197e-14
  6240.000  3.48643e-14
  6245.000  3.42832e-14
  6250.000  3.47766e-14
  6255.000  3.39652e-14
  6260.000  3.41063e-14
  6265.000  3.42074e-14
  6270.000  3.40778e-14
  6275.000  3.43000e-14
  6280.000  3.33235e-14
  6285.000  3.36611e-14
  6290.000  3.29801e-14
  6295.000  3.54982e-14
  6300.000  3.68454e-14
  6305.000  3.58414e-14
  6310.000  3.27574e-14
  6315.000  3.25864e-14
  6320.000  3.29566e-14
  6325.000  3.54843e-14
  6330.000  3.56713e-14
  6335.000  3.48231e-14
  6340.000  3.36903e-14
  6345.000  3.43729e-14
  6350.000  3.48975e-14
  6355.000  3.48654e-14
  6360.000  3.54024e-14
  6365.000  3.55867e-14
  6370.000  3.41903e-14
  6375.000  3.50268e-14
  6380.000  3.53045e-14
  6385.000  3.58177e-14
  6390.000  3.54727e-14
  6395.000  3.40775e-14
  6400.000  3.40572e-14
  6405.000  3.48745e-14
  6410.000  3.48566e-14
  6415.000  3.46674e-14
  6420.000  3.33847e-14
  6425.000  3.40884e-14
  6430.000  3.35100e-14
  6435.000  3.37107e-14
  6440.000  3.39962e-14
  6445.000  3.49141e-14
  6450.000  3.48735e-14
  6455.000  3.43951e-14
  6460.000  3.55001e-14
  6465.000  3.48293e-14
  6470.000  3.43840e-14
  6475.000  3.47687e-14
  6480.000  3.40082e-14
  6485.000  3.36637e-14
  6490.000  3.29450e-14
  6495.000  3.29848e-14
  6500.000  3.31645e-14
  6505.000  3.38773e-14
  6510.000  3.30358e-14
  6515.000  3.33509e-14
  6520.000  3.45097e-14
  6525.000  3.46539e-14
  6530.000  3.53858e-14
  6535.000  3.63695e-14
  6540.000  4.27274e-14
  6545.000  5.61184e-14
  6550.000  6.39395e-14
  6555.000  9.25709e-14
  6560.000  1.86244e-13
  6565.000  1.97215e-13
  6570.000  9.64189e-14
  6575.000  5.96831e-14
  6580.000  9.81851e-14
  6585.000  1.06821e-13
  6590.000  6.43865e-14
  6595.000  3.57451e-14
  6600.000  3.32990e-14
  6605.000  3.44231e-14
  6610.000  3.38431e-14
  6615.000  3.40389e-14
  6620.000  3.36658e-14
  6625.000  3.41499e-14
  6630.000  3.46470e-14
  6635.000  3.33461e-14
  6640.000  3.32134e-14
  6645.000  3.27568e-14
  6650.000  3.36708e-14
  6655.000  3.27897e-14
  6660.000  3.26998e-14
  6665.000  3.22723e-14
  6670.000  3.34673e-14
  6675.000  3.41581e-14
  6680.000  3.37881e-14
  6685.000  3.35637e-14
  6690.000  3.22218e-14
  6695.000  3.32088e-14
  6700.000  3.34091e-14
  6705.000  3.61426e-14
  6710.000  4.40153e-14
  6715.000  5.59303e-14
  6720.000  5.57635e-14
  6725.000  4.88284e-14
  6730.000  5.36669e-14
  6735.000  4.98647e-14
  6740.000  3.75791e-14
  6745.000  3.35413e-14
  6750.000  3.21398e-14
  6755.000  3.18207e-14
  6760.000  3.25163e-14
  6765.000  3.31406e-14
  6770.000  3.14811e-14
  6775.000  3.28510e-14
  6780.000  3.37515e-14
  6785.000  3.18453e-14
  6790.000  3.23005e-14
  6795.000  3.20092e-14
  6800.000  3.17216e-14
  6805.000  3.19119e-14
  6810.000  3.27062e-14
  6815.000  3.22774e-14
  6820.000  3.22841e-14
  6825.000  3.15715e-14
  6830.000  3.30275e-14
  6835.000  3.37218e-14
  6840.000  3.44852e-14
  6845.000  3.16897e-14
  6850.000  3.09363e-14
  6855.000  3.14033e-14
  6860.000  3.25775e-14
  6865.000  3.45320e-14
  6870.000  3.37851e-14
  6875.000  3.47604e-14
  6880.000  3.53535e-14
  6885.000  3.41367e-14
  6890.000  3.14401e-14
  6895.000  2.80498e-14
  6900.000  2.97527e-14
  6905.000  3.27683e-14
  6910.000  3.29961e-14
  6915.000  3.45581e-14
  6920.000  3.45342e-14
  6925.000  3.29609e-14
  6930.000  3.37547e-14
  6935.000  3.68351e-14
  6940.000  3.39473e-14
  6945.000  3.42342e-14
  6950.000  3.37266e-14
  6955.000  3.47280e-14
  6960.000  3.54024e-14
  6965.000  3.38366e-14
  6970.000  3.42361e-14
  6975.000  3.31263e-14
  6980.000  3.12691e-14
  6985.000  3.08989e-14
  6990.000  3.06362e-14
  6995.000  3.17724e-14
  7000.000  3.15870e-14
  7005.000  3.26627e-14
  7010.000  3.56159e-14
  7015.000  3.43861e-14
  7020.000  3.21740e-14
  7025.000  3.22833e-14
  7030.000  3.24196e-14
  7035.000  3.19719e-14
  7040.000  3.26508e-14
  7045.000  3.29294e-14
  7050.000  3.31118e-14
  7055.000  3.21721e-14
  7060.000  3.18316e-14
  7065.000  3.19886e-14
  7070.000  3.16481e-14
  7075.000  3.15078e-14
  7080.000  3.16604e-14
  7085.000  3.12040e-14
  7090.000  3.09760e-14
  7095.000  3.08890e-14
  7100.000  3.08410e-14
  7105.000  3.08432e-14
  7110.000  3.06588e-14
  7115.000  3.01371e-14
  7120.000  3.05720e-14
  7125.000  3.03417e-14
  7130.000  3.04377e-14
  7135.000  3.17367e-14
  7140.000  3.19538e-14
  7145.000  3.07023e-14
  7150.000  3.02657e-14
  7155.000  3.06680e-14
  7160.000  3.03641e-14
  7165.000  3.03277e-14
  7170.000  3.00910e-14
  7175.000  3.05066e-14
  7180.000  3.04864e-14
  7185.000  3.02293e-14
  7190.000  2.99320e-14
  7195.000  3.04177e-14
  7200.000  2.99606e-14
  7205.000  3.05486e-14
  7210.000  3.05762e-14
  7215.000  3.07399e-14
  7220.000  3.00094e-14
  7225.000  3.11970e-14
  7230.000  3.08278e-14
  7235.000  3.14499e-14
  7240.000  3.14647e-14
  7245.000  3.13599e-14
  7250.000  3.12331e-14
  7255.000  3.10905e-14
  7260.000  3.06577e-14
  7265.000  3.09137e-14
  7270.000  3.13809e-14
  7275.000  3.13428e-14
  7280.000  3.11345e-14
  7285.000  3.04521e-14
  7290.000  3.11101e-14
  7295.000  3.15804e-14
  7300.000  3.12935e-14
  7305.000  3.14465e-14
  7310.000  3.11762e-14
  7315.000  3.17424e-14
  7320.000  3.23941e-14
  7325.000  3.26032e-14
  7330.000  3.26073e-14
  7335.000  3.22742e-14
  7340.000  3.24431e-14
  7345.000  3.18698e-14
  7350.000  3.16142e-14
  7355.000  3.13329e-14
  7360.000  3.09144e-14
  7365.000  3.11706e-14
  7370.000  3.14605e-14
  7375.000  3.24578e-14
  7380.000  3.23696e-14
  7385.000  3.18255e-14
  7390.000  3.15086e-14
  7395.000  3.16037e-14
  7400.000  3.16604e-14
  7405.000  3.18529e-14
  7410.000  3.17761e-14
  7415.000  3.12834e-14
  7420.000  3.07310e-14
  7425.000  3.11345e-14
  7430.000  3.13791e-14
  7435.000  3.12329e-14
  7440.000  3.21251e-14
  7445.000  3.14279e-14
  7450.000  3.12751e-14
  7455.000  3.20629e-14
  7460.000  3.17460e-14
  7465.000  3.14102e-14
  7470.000  3.15623e-14
  7475.000  3.18688e-14
  7480.000  3.19661e-14
  7485.000  3.18924e-14
  7490.000  3.15821e-14
  7495.000  3.16652e-14
  7500.000  3.17093e-14
  7505.000  3.18406e-14
  7510.000  3.19326e-14
  7515.000  3.21200e-14
  7520.000  3.20150e-14
  7525.000  3.24807e-14
  7530.000  3.29925e-14
  7535.000  3.25283e-14
  7540.000  3.12568e-14
  7545.000  3.15108e-14
  7550.000  3.11626e-14
  7555.000  3.17668e-14
  7560.000  3.10612e-14
  7565.000  3.12777e-14
  7570.000  3.10067e-14
  7575.000  3.09877e-14
  7580.000  3.06943e-14
  7585.000  3.04828e-14
  7590.000  3.07545e-14
  7595.000  3.04989e-14
  7600.000  3.02295e-14
  7605.000  3.00902e-14
  7610.000  3.00603e-14
  7615.000  3.01416e-14
  7620.000  2.98504e-14
  7625.000  3.00036e-14
  7630.000  3.00696e-14
  7635.000  2.99587e-14
  7640.000  3.06087e-14
  7645.000  3.02017e-14
  7650.000  2.99632e-14
  7655.000  2.94295e-14
  7660.000  2.94347e-14
  7665.000  2.90697e-14
  7670.000  2.93299e-14
  7675.000  2.96821e-14
  7680.000  2.98627e-14
  7685.000  2.98405e-14
  7690.000  2.93264e-14
  7695.000  2.93368e-14
  7700.000  2.97527e-14
  7705.000  2.91923e-14
  7710.000  2.95423e-14
  7715.000  2.95238e-14
  7720.000  2.93246e-14
  7725.000  2.93174e-14
  7730.000  2.96598e-14
  7735.000  2.97583e-14
  7740.000  3.02051e-14
  7745.000  2.98082e-14
  7750.000  2.92795e-14
  7755.000  3.00588e-14
  7760.000  2.98872e-14
  7765.000  3.02390e-14
  7770.000  2.98720e-14
  7775.000  2.95378e-14
  7780.000  2.98138e-14
  7785.000  2.96305e-14
  7790.000  2.92790e-14
  7795.000  2.97766e-14
  7800.000  3.00340e-14
  7805.000  3.02049e-14
  7810.000  3.04665e-14
  7815.000  3.04580e-14
  7820.000  2.98504e-14
  7825.000  3.04395e-14
  7830.000  3.00891e-14
  7835.000  2.97311e-14
  7840.000  2.98260e-14
  7845.000  3.00748e-14
  7850.000  2.96971e-14
  7855.000  3.01254e-14
  7860.000  3.01318e-14
  7865.000  3.01998e-14
  7870.000  3.00603e-14
  7875.000  3.00926e-14
  7880.000  2.98383e-14
  7885.000  2.97149e-14
  7890.000  2.94817e-14
  7895.000  2.98669e-14
  7900.000  2.95693e-14
  7905.000  2.91208e-14
  7910.000  2.91359e-14
  7915.000  2.92810e-14
  7920.000  2.87621e-14
  7925.000  2.90445e-14
  7930.000  2.89747e-14
  7935.000  2.83914e-14
  7940.000  2.88599e-14
  7945.000  2.84733e-14
  7950.000  2.88451e-14
  7955.000  2.88624e-14
  7960.000  2.93246e-14
  7965.000  2.93029e-14
  7970.000  2.91555e-14
  7975.000  2.95286e-14
  7980.000  2.97649e-14
  7985.000  2.99368e-14
  7990.000  2.93552e-14
  7995.000  2.92454e-14
  8000.000  2.94470e-14
  8005.000  2.97102e-14
  8010.000  3.00261e-14
  8015.000  3.10763e-14
  8020.000  3.07677e-14
  8025.000  2.99909e-14
  8030.000  2.96109e-14
  8035.000  3.04864e-14
  8040.000  3.08044e-14
  8045.000  3.04376e-14
  8050.000  3.00217e-14
  8055.000  3.04216e-14
  8060.000  3.01561e-14
  8065.000  3.09155e-14
  8070.000  3.00413e-14
  8075.000  2.98742e-14
  8080.000  2.98260e-14
  8085.000  3.00969e-14
  8090.000  2.98918e-14
  8095.000  2.92097e-14
  8100.000  2.90190e-14
  8105.000  2.81029e-14
  8110.000  2.90707e-14
  8115.000  2.87583e-14
  8120.000  2.86399e-14
  8125.000  2.88854e-14
  8130.000  2.89113e-14
  8135.000  2.89167e-14
  8140.000  2.93858e-14
  8145.000  2.93512e-14
  8150.000  2.98510e-14
  8155.000  3.03302e-14
  8160.000  2.93368e-14
  8165.000  3.17289e-14
  8170.000  3.17931e-14
  8175.000  3.00076e-14
  8180.000  3.01318e-14
  8185.000  2.99094e-14
  8190.000  2.92734e-14
  8195.000  2.94641e-14
  8200.000  2.88233e-14
  8205.000  2.95172e-14
  8210.000  2.85813e-14
  8215.000  2.90911e-14
  8220.000  2.95693e-14
  8225.000  2.93131e-14
  8230.000  2.96160e-14
  8235.000  2.99372e-14
  8240.000  2.94837e-14
  8245.000  2.97205e-14
  8250.000  2.96371e-14
  8255.000  2.92843e-14
  8260.000  2.95326e-14
  8265.000  2.92533e-14
  8270.000  2.91595e-14
  8275.000  2.91387e-14
  8280.000  2.92880e-14
  8285.000  2.89442e-14
  8290.000  2.90324e-14
  8295.000  2.85245e-14
  8300.000  2.87743e-14
  8305.000  2.93767e-14
  8310.000  2.79989e-14
  8315.000  2.77586e-14
  8320.000  2.86276e-14
  8325.000  2.86900e-14
  8330.000  2.79380e-14
  8335.000  2.75715e-14
  8340.000  2.80773e-14
  8345.000  2.72392e-14
  8350.000  2.74176e-14
  8355.000  2.84202e-14
  8360.000  2.86399e-14
  8365.000  2.83596e-14
  8370.000  2.84633e-14
  8375.000  2.81055e-14
  8380.000  2.88600e-14
  8385.000  2.74402e-14
  8390.000  2.72669e-14
  8395.000  2.87096e-14
  8400.000  2.90678e-14
  8405.000  2.82757e-14
  8410.000  2.84308e-14
  8415.000  2.91411e-14
  8420.000  2.89211e-14
  8425.000  2.76932e-14
  8430.000  2.74712e-14
  8435.000  2.78378e-14
  8440.000  2.79918e-14
  8445.000  2.83030e-14
  8450.000  2.89531e-14
  8455.000  2.76455e-14
  8460.000  2.85054e-14
  8465.000  2.77862e-14
  8470.000  2.79488e-14
  8475.000  2.73420e-14
  8480.000  2.82976e-14
  8485.000  2.82732e-14
  8490.000  2.88460e-14
  8495.000  2.72496e-14
  8500.000  2.61941e-14
  8505.000  2.61728e-14
  8510.000  2.74713e-14
  8515.000  2.80911e-14
  8520.000  2.70623e-14
  8525.000  2.77680e-14
  8530.000  2.75366e-14
  8535.000  2.77063e-14
  8540.000  2.51424e-14
  8545.000  2.35244e-14
  8550.000  2.48074e-14
  8555.000  2.67109e-14
  8560.000  2.76370e-14
  8565.000  2.79624e-14
  8570.000  2.83202e-14
  8575.000  2.89570e-14
  8580.000  2.91657e-14
  8585.000  2.93597e-14
  8590.000  2.89159e-14
  8595.000  2.85953e-14
  8600.000  2.89455e-14
  8605.000  2.86647e-14
  8610.000  2.89375e-14
  8615.000  2.90644e-14
  8620.000  3.04986e-14
  8625.000  2.91221e-14
  8630.000  2.95322e-14
  8635.000  2.96427e-14
  8640.000  2.93491e-14
  8645.000  3.05099e-14
  8650.000  2.92314e-14
  8655.000  2.91913e-14
  8660.000  2.64387e-14
  8665.000  2.48301e-14
  8670.000  2.61411e-14
  8675.000  2.80450e-14
  8680.000  2.78449e-14
  8685.000  2.94056e-14
  8690.000  2.90198e-14
  8695.000  2.89183e-14
  8700.000  2.84320e-14
  8705.000  2.98461e-14
  8710.000  2.97134e-14
  8715.000  2.99841e-14
  8720.000  3.04742e-14
  8725.000  2.97377e-14
  8730.000  3.01224e-14
  8735.000  2.99988e-14
  8740.000  2.93981e-14
  8745.000  2.87683e-14
  8750.000  2.96496e-14
  8755.000  2.89594e-14
  8760.000  3.00706e-14
  8765.000  2.94861e-14
  8770.000  2.90750e-14
  8775.000  2.92913e-14
  8780.000  3.02051e-14
  8785.000  3.07708e-14
  8790.000  3.05806e-14
  8795.000  3.02120e-14
  8800.000  3.03519e-14
  8805.000  3.04364e-14
  8810.000  2.90207e-14
  8815.000  3.06651e-14
  8820.000  3.01807e-14
  8825.000  3.07893e-14
  8830.000  3.01340e-14
  8835.000  3.05067e-14
  8840.000  3.00706e-14
  8845.000  2.99851e-14
  8850.000  2.99950e-14
  8855.000  3.00279e-14
  8860.000  2.99360e-14
  8865.000  2.91975e-14
  8870.000  2.99946e-14
  8875.000  2.85695e-14
  8880.000  2.94225e-14
  8885.000  2.82625e-14
  8890.000  2.99473e-14
  8895.000  2.97873e-14
  8900.000  2.97771e-14
  8905.000  3.63670e-14
  8910.000  2.98183e-14
  8915.000  3.03429e-14
  8920.000  2.99239e-14
  8925.000  2.96868e-14
  8930.000  3.09969e-14
  8935.000  3.03413e-14
  8940.000  3.05964e-14
  8945.000  3.04956e-14
  8950.000  3.05094e-14
  8955.000  2.93449e-14
  8960.000  2.98872e-14
  8965.000  3.00507e-14
  8970.000  3.03322e-14
  8975.000  3.03869e-14
  8980.000  2.88355e-14
  8985.000  3.04062e-14
  8990.000  3.11895e-14
  8995.000  3.01799e-14
  9000.000  2.99728e-14
  9005.000  2.90682e-14
  9010.000  2.98828e-14
  9015.000  3.08549e-14
  9020.000  2.89211e-14
  9025.000  2.95162e-14
  9030.000  2.90168e-14
  9035.000  2.97734e-14
  9040.000  3.03641e-14
  9045.000  3.08076e-14
  9050.000  3.01744e-14
  9055.000  3.12394e-14
  9060.000  3.21128e-14
  9065.000  3.37250e-14
  9070.000  4.23643e-14
  9075.000  4.44148e-14
  9080.000  3.78483e-14
  9085.000  3.04887e-14
  9090.000  3.10144e-14
  9095.000  2.99000e-14
  9100.000  3.01685e-14
  9105.000  3.03477e-14
  9110.000  3.04146e-14
  9115.000  2.97783e-14
  9120.000  2.95693e-14
  9125.000  2.99160e-14
  9130.000  3.02193e-14
  9135.000  3.03389e-14
  9140.000  3.01073e-14
  9145.000  2.87143e-14
  9150.000  2.91065e-14
  9155.000  2.84015e-14
  9160.000  2.91902e-14
  9165.000  2.94368e-14
  9170.000  2.91519e-14
  9175.000  2.87394e-14
  9180.000  2.90801e-14
  9185.000  2.83230e-14
  9190.000  2.93373e-14
  9195.000  2.96166e-14
  9200.000  2.95203e-14
  9205.000  2.84973e-14
  9210.000  2.80199e-14
  9215.000  2.82913e-14
  9220.000  2.92757e-14
  9225.000  2.90717e-14
  9230.000  3.01315e-14
  9235.000  2.87887e-14
  9240.000  2.96427e-14
  9245.000  2.87510e-14
  9250.000  2.82638e-14
  9255.000  2.94680e-14
  9260.000  3.11101e-14
  9265.000  2.95873e-14
  9270.000  2.93828e-14
  9275.000  3.07929e-14
  9280.000  3.00584e-14
  9285.000  3.58549e-14
  9290.000  3.80921e-14
  9295.000  3.10591e-14
  9300.000  2.67077e-14
  9305.000  3.42534e-14
  9310.000  3.28172e-14
  9315.000  2.82470e-14
  9320.000  3.08777e-14
  9325.000  3.03110e-14
  9330.000  2.92726e-14
  9335.000  2.96094e-14
  9340.000  2.67932e-14
  9345.000  2.92586e-14
  9350.000  2.90864e-14
  9355.000  2.86623e-14
  9360.000  2.89455e-14
  9365.000  2.64408e-14
  9370.000  2.57672e-14
  9375.000  3.01044e-14
  9380.000  2.95081e-14
  9385.000  2.97786e-14
  9390.000  3.11563e-14
  9395.000  2.83801e-14
  9400.000  2.70746e-14
  9405.000  2.90522e-14
  9410.000  2.78000e-14
  9415.000  2.61626e-14
  9420.000  2.79306e-14
  9425.000  2.72895e-14
  9430.000  3.09490e-14
  9435.000  2.95484e-14
  9440.000  2.49346e-14
  9445.000  2.84498e-14
  9450.000  3.08455e-14
  9455.000  2.77646e-14
  9460.000  2.79550e-14
  9465.000  2.91024e-14
  9470.000  3.18464e-14
  9475.000  2.83807e-14
  9480.000  2.93368e-14
  9485.000  2.98335e-14
  9490.000  3.02104e-14
  9495.000  2.83306e-14
  9500.000  2.98872e-14
  9505.000  3.05950e-14
  9510.000  2.98569e-14
  9515.000  3.06190e-14
  9520.000  2.93491e-14
  9525.000  3.38622e-14
  9530.000  4.86837e-14
  9535.000  6.61847e-14
  9540.000  5.97376e-14
  9545.000  3.78775e-14
  9550.000  3.03778e-14
  9555.000  2.97771e-14
  9560.000  2.89578e-14
  9565.000  2.95384e-14
  9570.000  2.98270e-14
  9575.000  2.99862e-14
  9580.000  2.79184e-14
  9585.000  3.01555e-14
  9590.000  2.92365e-14
  9595.000  2.84551e-14
  9600.000  2.88111e-14
  9605.000  2.96775e-14
  9610.000  2.78987e-14
  9615.000  2.85889e-14
  9620.000  2.82976e-14
  9625.000  2.86744e-14
  9630.000  2.81528e-14
  9635.000  2.95126e-14
  9640.000  2.84808e-14
  9645.000  2.79295e-14
  9650.000  2.99197e-14
  9655.000  2.90282e-14
  9660.000  2.94837e-14
  9665.000  2.77650e-14
  9670.000  2.80268e-14
  9675.000  2.84856e-14
  9680.000  2.92880e-14
  9685.000  2.74276e-14
  9690.000  2.86175e-14
  9695.000  2.72918e-14
  9700.000  3.10734e-14
  9705.000  2.88655e-14
  9710.000  3.09358e-14
  9715.000  2.87948e-14
  9720.000  2.92146e-14
  9725.000  3.03843e-14
  9730.000  2.85197e-14
  9735.000  2.73146e-14
  9740.000  3.02418e-14
  9745.000  2.69417e-14
  9750.000  2.75655e-14
  9755.000  2.96742e-14
  9760.000  2.72702e-14
  9765.000  3.04038e-14
  9770.000  2.84896e-14
  9775.000  2.96898e-14
  9780.000  2.93125e-14
  9785.000  2.81830e-14
  9790.000  2.75530e-14
  9795.000  2.80097e-14
  9800.000  2.71357e-14
  9805.000  2.87901e-14
  9810.000  3.07818e-14
  9815.000  2.92344e-14
  9820.000  2.69400e-14
  9825.000  2.84086e-14
  9830.000  2.89550e-14
  9835.000  2.88477e-14
  9840.000  2.94103e-14
  9845.000  2.90879e-14
  9850.000  3.00600e-14
  9855.000  3.04986e-14
  9860.000  2.95203e-14
  9865.000  2.68405e-14
  9870.000  2.66469e-14
  9875.000  3.02492e-14
  9880.000  3.07310e-14
  9885.000  2.48742e-14
  9890.000  2.87392e-14
  9895.000  2.81647e-14
  9900.000  2.99239e-14
  9905.000  2.97755e-14
  9910.000  3.26973e-14
  9915.000  3.14122e-14
  9920.000  3.07799e-14
  9925.000  3.41490e-14
  9930.000  2.95167e-14
  9935.000  2.69207e-14
  9940.000  2.79550e-14
  9945.000  2.29841e-14
