# kc96/starb2  |  Kinney et al. 1996, ApJ 467, 38 (starb: Calzetti et al. 1994)
# columns: wavelength_Angstrom  flam_erg_s_cm2_A (absolute scale arbitrary - ETC renormalizes)
  1235.000  2.07474e-13
  1240.000  2.03489e-13
  1245.000  2.05158e-13
  1250.000  1.89189e-13
  1255.000  1.77746e-13
  1260.000  2.04178e-13
  1265.000  2.24561e-13
  1270.000  2.24313e-13
  1275.000  2.30884e-13
  1280.000  2.29303e-13
  1285.000  2.28320e-13
  1290.000  2.03559e-13
  1295.000  1.79054e-13
  1300.000  1.82339e-13
  1305.000  1.88603e-13
  1310.000  2.15367e-13
  1315.000  2.11594e-13
  1320.000  2.04178e-13
  1325.000  1.91868e-13
  1330.000  1.75984e-13
  1335.000  1.87587e-13
  1340.000  2.04761e-13
  1345.000  1.99423e-13
  1350.000  2.15163e-13
  1355.000  2.06078e-13
  1360.000  2.00626e-13
  1365.000  1.90247e-13
  1370.000  1.88618e-13
  1375.000  1.94177e-13
  1380.000  1.83877e-13
  1385.000  1.58057e-13
  1390.000  1.56570e-13
  1395.000  1.63732e-13
  1400.000  1.57692e-13
  1405.000  1.66404e-13
  1410.000  1.74597e-13
  1415.000  1.68229e-13
  1420.000  1.70413e-13
  1425.000  1.79138e-13
  1430.000  1.77452e-13
  1435.000  1.76760e-13
  1440.000  1.70307e-13
  1445.000  1.87312e-13
  1450.000  1.88235e-13
  1455.000  1.86786e-13
  1460.000  1.93841e-13
  1465.000  1.96593e-13
  1470.000  1.95335e-13
  1475.000  1.96428e-13
  1480.000  1.99301e-13
  1485.000  1.88656e-13
  1490.000  1.89964e-13
  1495.000  1.85163e-13
  1500.000  1.79000e-13
  1505.000  1.90553e-13
  1510.000  1.78410e-13
  1515.000  1.63527e-13
  1520.000  1.60024e-13
  1525.000  1.48636e-13
  1530.000  1.52163e-13
  1535.000  1.41523e-13
  1540.000  1.23927e-13
  1545.000  1.33786e-13
  1550.000  1.55890e-13
  1555.000  1.66266e-13
  1560.000  1.46349e-13
  1565.000  1.52254e-13
  1570.000  1.58968e-13
  1575.000  1.54877e-13
  1580.000  1.54246e-13
  1585.000  1.55915e-13
  1590.000  1.51727e-13
  1595.000  1.52219e-13
  1600.000  1.36277e-13
  1605.000  1.24785e-13
  1610.000  1.19782e-13
  1615.000  1.32914e-13
  1620.000  1.31560e-13
  1625.000  1.44379e-13
  1630.000  1.36203e-13
  1635.000  1.42570e-13
  1640.000  1.43911e-13
  1645.000  1.45541e-13
  1650.000  1.52866e-13
  1655.000  1.53047e-13
  1660.000  1.37391e-13
  1665.000  1.41071e-13
  1670.000  1.39694e-13
  1675.000  1.41169e-13
  1680.000  1.38292e-13
  1685.000  1.38797e-13
  1690.000  1.48622e-13
  1695.000  1.39126e-13
  1700.000  1.45182e-13
  1705.000  1.36420e-13
  1710.000  1.34746e-13
  1715.000  1.31942e-13
  1720.000  1.28327e-13
  1725.000  1.35208e-13
  1730.000  1.46007e-13
  1735.000  1.43494e-13
  1740.000  1.42691e-13
  1745.000  1.40114e-13
  1750.000  1.33661e-13
  1755.000  1.33543e-13
  1760.000  1.30076e-13
  1765.000  1.34054e-13
  1770.000  1.33369e-13
  1775.000  1.30014e-13
  1780.000  1.40730e-13
  1785.000  1.47142e-13
  1790.000  1.31132e-13
  1795.000  1.26539e-13
  1800.000  1.25570e-13
  1805.000  1.30178e-13
  1810.000  1.30462e-13
  1815.000  1.28580e-13
  1820.000  1.26896e-13
  1825.000  1.20706e-13
  1830.000  1.22375e-13
  1835.000  1.26486e-13
  1840.000  1.19687e-13
  1845.000  1.12286e-13
  1850.000  1.13634e-13
  1855.000  1.10842e-13
  1860.000  1.13803e-13
  1865.000  1.19651e-13
  1870.000  1.22238e-13
  1875.000  1.18753e-13
  1880.000  1.21489e-13
  1885.000  1.14877e-13
  1890.000  1.11484e-13
  1895.000  1.10011e-13
  1900.000  1.14492e-13
  1905.000  1.17460e-13
  1910.000  1.10097e-13
  1915.000  9.97239e-14
  1920.000  1.03361e-13
  1925.000  9.84867e-14
  1930.000  1.01253e-13
  1935.000  1.07451e-13
  1940.000  1.05853e-13
  1945.000  1.07751e-13
  1950.000  1.04493e-13
  1955.000  9.81736e-14
  1960.000  9.93855e-14
  1965.000  1.04006e-13
  1970.000  1.26315e-13
  1975.000  1.57439e-13
  1980.000  1.07973e-13
  1985.000  9.50137e-14
  1990.000  8.78269e-14
  1995.000  1.01826e-13
  2000.000  9.74243e-14
  2005.000  1.02697e-13
  2010.000  1.00286e-13
  2015.000  1.18130e-13
  2020.000  1.09298e-13
  2025.000  9.68784e-14
  2030.000  9.26478e-14
  2035.000  1.02386e-13
  2040.000  9.53575e-14
  2045.000  9.04871e-14
  2050.000  8.19461e-14
  2055.000  8.08164e-14
  2060.000  8.48090e-14
  2065.000  9.45994e-14
  2070.000  9.69974e-14
  2075.000  8.82696e-14
  2080.000  1.07602e-13
  2085.000  1.01547e-13
  2090.000  8.44398e-14
  2095.000  9.58071e-14
  2100.000  7.90845e-14
  2105.000  9.54346e-14
  2110.000  8.62012e-14
  2115.000  8.30937e-14
  2120.000  8.83074e-14
  2125.000  9.09817e-14
  2130.000  8.58702e-14
  2135.000  9.23352e-14
  2140.000  9.58873e-14
  2145.000  9.10456e-14
  2150.000  8.93184e-14
  2155.000  7.95939e-14
  2160.000  7.60102e-14
  2165.000  9.37449e-14
  2170.000  9.01280e-14
  2175.000  9.28827e-14
  2180.000  7.30949e-14
  2185.000  8.07779e-14
  2190.000  7.97081e-14
  2195.000  8.87756e-14
  2200.000  8.39609e-14
  2205.000  8.26415e-14
  2210.000  8.16024e-14
  2215.000  7.69625e-14
  2220.000  9.33958e-14
  2225.000  8.19326e-14
  2230.000  7.91046e-14
  2235.000  7.74307e-14
  2240.000  9.21238e-14
  2245.000  8.37861e-14
  2250.000  9.44898e-14
  2255.000  8.04140e-14
  2260.000  8.33252e-14
  2265.000  9.88507e-14
  2270.000  9.25309e-14
  2275.000  7.66885e-14
  2280.000  7.51619e-14
  2285.000  9.08854e-14
  2290.000  8.83647e-14
  2295.000  8.13437e-14
  2300.000  7.18758e-14
  2305.000  7.81414e-14
  2310.000  7.57137e-14
  2315.000  7.79295e-14
  2320.000  8.97384e-14
  2325.000  9.00572e-14
  2330.000  8.36034e-14
  2335.000  8.03746e-14
  2340.000  7.24057e-14
  2345.000  6.44759e-14
  2350.000  7.97752e-14
  2355.000  8.06184e-14
  2360.000  8.94737e-14
  2365.000  7.19638e-14
  2370.000  6.28053e-14
  2375.000  6.89430e-14
  2380.000  6.91723e-14
  2385.000  6.81416e-14
  2390.000  7.45150e-14
  2395.000  8.40707e-14
  2400.000  6.39249e-14
  2405.000  7.76079e-14
  2410.000  8.47694e-14
  2415.000  8.27899e-14
  2420.000  8.90495e-14
  2425.000  9.19092e-14
  2430.000  7.75212e-14
  2435.000  8.94486e-14
  2440.000  8.63460e-14
  2445.000  8.84330e-14
  2450.000  7.62712e-14
  2455.000  8.49456e-14
  2460.000  6.89602e-14
  2465.000  6.85379e-14
  2470.000  7.89107e-14
  2475.000  7.95429e-14
  2480.000  7.39429e-14
  2485.000  7.51468e-14
  2490.000  8.61746e-14
  2495.000  8.34365e-14
  2500.000  7.39429e-14
  2505.000  7.55240e-14
  2510.000  6.38894e-14
  2515.000  6.81800e-14
  2520.000  6.94374e-14
  2525.000  7.35026e-14
  2530.000  7.32436e-14
  2535.000  6.83083e-14
  2540.000  6.86954e-14
  2545.000  6.77175e-14
  2550.000  6.76062e-14
  2555.000  6.88656e-14
  2560.000  7.69115e-14
  2565.000  7.13112e-14
  2570.000  7.92324e-14
  2575.000  6.59429e-14
  2580.000  5.89954e-14
  2585.000  6.24391e-14
  2590.000  6.20193e-14
  2595.000  5.96726e-14
  2600.000  6.57271e-14
  2605.000  6.81776e-14
  2610.000  7.06082e-14
  2615.000  7.27078e-14
  2620.000  6.44019e-14
  2625.000  7.14236e-14
  2630.000  6.37151e-14
  2635.000  6.96740e-14
  2640.000  7.55861e-14
  2645.000  7.25636e-14
  2650.000  7.12593e-14
  2655.000  6.51626e-14
  2660.000  6.37128e-14
  2665.000  7.24585e-14
  2670.000  7.51170e-14
  2675.000  7.66747e-14
  2680.000  7.30418e-14
  2685.000  6.18734e-14
  2690.000  6.85548e-14
  2695.000  7.03995e-14
  2700.000  5.80942e-14
  2705.000  5.90052e-14
  2710.000  5.40058e-14
  2715.000  7.00350e-14
  2720.000  6.96493e-14
  2725.000  6.22415e-14
  2730.000  5.85766e-14
  2735.000  6.27116e-14
  2740.000  6.69463e-14
  2745.000  6.22885e-14
  2750.000  7.55856e-14
  2755.000  7.42509e-14
  2760.000  6.78473e-14
  2765.000  6.84977e-14
  2770.000  6.80922e-14
  2775.000  5.70111e-14
  2780.000  6.04793e-14
  2785.000  5.90389e-14
  2790.000  4.72902e-14
  2795.000  5.04819e-14
  2800.000  5.02706e-14
  2805.000  5.77953e-14
  2810.000  5.37234e-14
  2815.000  5.43598e-14
  2820.000  6.18578e-14
  2825.000  6.13023e-14
  2830.000  6.65069e-14
  2835.000  6.08718e-14
  2840.000  5.48609e-14
  2845.000  5.22011e-14
  2850.000  5.05069e-14
  2855.000  5.15730e-14
  2860.000  6.59390e-14
  2865.000  6.08230e-14
  2870.000  6.42054e-14
  2875.000  6.00778e-14
  2880.000  5.71401e-14
  2885.000  5.67104e-14
  2890.000  5.74909e-14
  2895.000  5.72830e-14
  2900.000  5.26186e-14
  2905.000  6.19706e-14
  2910.000  5.84387e-14
  2915.000  5.13001e-14
  2920.000  5.71932e-14
  2925.000  5.28350e-14
  2930.000  6.14855e-14
  2935.000  5.31280e-14
  2940.000  5.40658e-14
  2945.000  5.85855e-14
  2950.000  5.40065e-14
  2955.000  5.68228e-14
  2960.000  5.47549e-14
  2965.000  5.13060e-14
  2970.000  5.32837e-14
  2975.000  5.65363e-14
  2980.000  5.70872e-14
  2985.000  5.43251e-14
  2990.000  5.62448e-14
  2995.000  5.00058e-14
  3000.000  4.78376e-14
  3005.000  5.09548e-14
  3010.000  5.13471e-14
  3015.000  5.62922e-14
  3020.000  5.08854e-14
  3025.000  5.47223e-14
  3030.000  4.65428e-14
  3035.000  4.91434e-14
  3040.000  4.34488e-14
  3045.000  4.68095e-14
  3050.000  4.41599e-14
  3055.000  5.10718e-14
  3060.000  5.28572e-14
  3065.000  6.10379e-14
  3070.000  5.16324e-14
  3075.000  4.67763e-14
  3080.000  5.58150e-14
  3085.000  4.35632e-14
  3090.000  5.70502e-14
  3095.000  5.43917e-14
  3100.000  4.98253e-14
  3105.000  4.46429e-14
  3110.000  5.84173e-14
  3115.000  4.96615e-14
  3120.000  5.79884e-14
  3125.000  3.95298e-14
  3130.000  4.78588e-14
  3135.000  4.76157e-14
  3140.000  4.83253e-14
  3145.000  5.45332e-14
  3150.000  4.90773e-14
  3155.000  4.29396e-14
  3160.000  3.79468e-14
  3165.000  3.82935e-14
  3170.000  4.91903e-14
  3175.000  6.86596e-14
  3180.000  8.05686e-14
  3185.000  2.52722e-14
  3190.000  5.07198e-14
  3195.000  4.41615e-14
  3200.000  5.77762e-14
  3205.000  7.11980e-14
  3210.000  5.87972e-14
  3215.000  5.28172e-14
  3220.000  6.00024e-14
  3225.000  4.65670e-14
  3230.000  5.21837e-14
  3235.000  4.13827e-14
  3240.000  6.06915e-14
  3245.000  5.44665e-14
  3250.000  7.06156e-14
  3255.000  6.97023e-14
  3260.000  6.78473e-14
  3265.000  6.71007e-14
  3270.000  4.99275e-14
  3275.000  4.66249e-14
  3280.000  6.16456e-14
  3285.000  5.67588e-14
  3290.000  6.27244e-14
  3295.000  5.25997e-14
  3300.000  5.66099e-14
  3305.000  5.84358e-14
  3310.000  6.49634e-14
  3315.000  4.60721e-14
  3320.000  4.75514e-14
  3325.000  5.22258e-14
  3330.000  6.08814e-14
  3335.000  6.83506e-14
  3340.000  6.00024e-14
  3345.000  4.54327e-14
  3350.000  4.74713e-14
  3355.000  5.37306e-14
  3360.000  6.03734e-14
  3365.000  4.36164e-14
  3370.000  9.89643e-14
  3375.000  9.55531e-14
  3380.000  5.27619e-14
  3385.000  5.04654e-14
  3390.000  5.08613e-14
  3395.000  6.36752e-14
  3400.000  5.87833e-14
  3405.000  5.64122e-14
  3410.000  5.65627e-14
  3415.000  6.31383e-14
  3420.000  5.15427e-14
  3425.000  5.48082e-14
  3430.000  5.61558e-14
  3435.000  4.69320e-14
  3440.000  4.57864e-14
  3445.000  5.26904e-14
  3450.000  5.39284e-14
  3455.000  4.54544e-14
  3460.000  4.89083e-14
  3465.000  5.04278e-14
  3470.000  5.31623e-14
  3475.000  6.03511e-14
  3480.000  5.22265e-14
  3485.000  5.06438e-14
  3490.000  5.25548e-14
  3495.000  5.59790e-14
  3500.000  5.39599e-14
  3505.000  5.52591e-14
  3510.000  5.08100e-14
  3515.000  4.93770e-14
  3520.000  4.79170e-14
  3525.000  5.31536e-14
  3530.000  6.07018e-14
  3535.000  5.24459e-14
  3540.000  4.90303e-14
  3545.000  4.60858e-14
  3550.000  5.57548e-14
  3555.000  6.18866e-14
  3560.000  4.67775e-14
  3565.000  4.62374e-14
  3570.000  4.45669e-14
  3575.000  4.45831e-14
  3580.000  5.25816e-14
  3585.000  4.49627e-14
  3590.000  5.25181e-14
  3595.000  5.06468e-14
  3600.000  4.72491e-14
  3605.000  4.73853e-14
  3610.000  4.89164e-14
  3615.000  4.28114e-14
  3620.000  4.67881e-14
  3625.000  5.05451e-14
  3630.000  4.76620e-14
  3635.000  4.43114e-14
  3640.000  4.67986e-14
  3645.000  4.88681e-14
  3650.000  4.44949e-14
  3655.000  3.90975e-14
  3660.000  4.53198e-14
  3665.000  4.11308e-14
  3670.000  4.64239e-14
  3675.000  4.89014e-14
  3680.000  4.87546e-14
  3685.000  4.89426e-14
  3690.000  4.24064e-14
  3695.000  4.94031e-14
  3700.000  5.11982e-14
  3705.000  4.79343e-14
  3710.000  4.81191e-14
  3715.000  5.68667e-14
  3720.000  1.11047e-13
  3725.000  2.39760e-13
  3730.000  2.31044e-13
  3735.000  1.34566e-13
  3740.000  9.59930e-14
  3745.000  6.01766e-14
  3750.000  4.87371e-14
  3755.000  5.01325e-14
  3760.000  4.93641e-14
  3765.000  4.97474e-14
  3770.000  4.88035e-14
  3775.000  4.82817e-14
  3780.000  5.30585e-14
  3785.000  5.02222e-14
  3790.000  4.94264e-14
  3795.000  4.94497e-14
  3800.000  4.81557e-14
  3805.000  5.06299e-14
  3810.000  5.28786e-14
  3815.000  5.23226e-14
  3820.000  5.21309e-14
  3825.000  4.59086e-14
  3830.000  4.68178e-14
  3835.000  5.15616e-14
  3840.000  5.29526e-14
  3845.000  5.09310e-14
  3850.000  4.84604e-14
  3855.000  5.32158e-14
  3860.000  5.80942e-14
  3865.000  7.66150e-14
  3870.000  8.26388e-14
  3875.000  6.52878e-14
  3880.000  6.28117e-14
  3885.000  6.14237e-14
  3890.000  5.96519e-14
  3895.000  5.61236e-14
  3900.000  5.24492e-14
  3905.000  5.11862e-14
  3910.000  5.13659e-14
  3915.000  4.94630e-14
  3920.000  5.24280e-14
  3925.000  5.18961e-14
  3930.000  5.03402e-14
  3935.000  4.61884e-14
  3940.000  4.83516e-14
  3945.000  5.29725e-14
  3950.000  5.33161e-14
  3955.000  5.24552e-14
  3960.000  5.07953e-14
  3965.000  6.12119e-14
  3970.000  6.41700e-14
  3975.000  5.68001e-14
  3980.000  5.51259e-14
  3985.000  5.15712e-14
  3990.000  5.00846e-14
  3995.000  5.08650e-14
  4000.000  5.29050e-14
  4005.000  5.29273e-14
  4010.000  5.40396e-14
  4015.000  5.39745e-14
  4020.000  5.47018e-14
  4025.000  5.21460e-14
  4030.000  4.90364e-14
  4035.000  5.00604e-14
  4040.000  5.33236e-14
  4045.000  5.27589e-14
  4050.000  5.32982e-14
  4055.000  5.40207e-14
  4060.000  5.04349e-14
  4065.000  4.92258e-14
  4070.000  5.10982e-14
  4075.000  4.89770e-14
  4080.000  4.64753e-14
  4085.000  4.76742e-14
  4090.000  4.79484e-14
  4095.000  5.31644e-14
  4100.000  6.51440e-14
  4105.000  5.95421e-14
  4110.000  5.46292e-14
  4115.000  5.19906e-14
  4120.000  5.02070e-14
  4125.000  5.10305e-14
  4130.000  5.07891e-14
  4135.000  4.78913e-14
  4140.000  4.64859e-14
  4145.000  4.64683e-14
  4150.000  4.60660e-14
  4155.000  4.57186e-14
  4160.000  4.83729e-14
  4165.000  4.68454e-14
  4170.000  4.59373e-14
  4175.000  4.49843e-14
  4180.000  4.83147e-14
  4185.000  5.10267e-14
  4190.000  5.08879e-14
  4195.000  4.79219e-14
  4200.000  4.83623e-14
  4205.000  4.89701e-14
  4210.000  4.94149e-14
  4215.000  4.76807e-14
  4220.000  4.77634e-14
  4225.000  4.72151e-14
  4230.000  4.64112e-14
  4235.000  4.71874e-14
  4240.000  4.47368e-14
  4245.000  4.48192e-14
  4250.000  4.75382e-14
  4255.000  4.71573e-14
  4260.000  4.70371e-14
  4265.000  5.05833e-14
  4270.000  5.05322e-14
  4275.000  5.02183e-14
  4280.000  4.76944e-14
  4285.000  4.63290e-14
  4290.000  4.55457e-14
  4295.000  4.44373e-14
  4300.000  4.23728e-14
  4305.000  4.23982e-14
  4310.000  4.40220e-14
  4315.000  4.56720e-14
  4320.000  4.76840e-14
  4325.000  4.67950e-14
  4330.000  4.84430e-14
  4335.000  6.47811e-14
  4340.000  8.23706e-14
  4345.000  6.23827e-14
  4350.000  5.58188e-14
  4355.000  5.44426e-14
  4360.000  4.94595e-14
  4365.000  4.71949e-14
  4370.000  4.64823e-14
  4375.000  4.51392e-14
  4380.000  4.48905e-14
  4385.000  4.44733e-14
  4390.000  4.42238e-14
  4395.000  4.70535e-14
  4400.000  4.55478e-14
  4405.000  4.28397e-14
  4410.000  4.22610e-14
  4415.000  4.24830e-14
  4420.000  4.26960e-14
  4425.000  4.51410e-14
  4430.000  4.16584e-14
  4435.000  4.10597e-14
  4440.000  4.27438e-14
  4445.000  4.41114e-14
  4450.000  4.42771e-14
  4455.000  4.31459e-14
  4460.000  4.16943e-14
  4465.000  4.27755e-14
  4470.000  4.72321e-14
  4475.000  4.72719e-14
  4480.000  4.49382e-14
  4485.000  4.32558e-14
  4490.000  4.14033e-14
  4495.000  4.41015e-14
  4500.000  4.53781e-14
  4505.000  4.54934e-14
  4510.000  4.55364e-14
  4515.000  4.54754e-14
  4520.000  4.28498e-14
  4525.000  4.35188e-14
  4530.000  4.33974e-14
  4535.000  4.24840e-14
  4540.000  4.32421e-14
  4545.000  4.15749e-14
  4550.000  4.13215e-14
  4555.000  4.25828e-14
  4560.000  4.25265e-14
  4565.000  4.25104e-14
  4570.000  4.24322e-14
  4575.000  4.18506e-14
  4580.000  4.28392e-14
  4585.000  3.98054e-14
  4590.000  3.93552e-14
  4595.000  4.19160e-14
  4600.000  4.07879e-14
  4605.000  4.19429e-14
  4610.000  4.08232e-14
  4615.000  4.09568e-14
  4620.000  4.20758e-14
  4625.000  4.15006e-14
  4630.000  3.99862e-14
  4635.000  4.09208e-14
  4640.000  4.26006e-14
  4645.000  4.44541e-14
  4650.000  4.33174e-14
  4655.000  4.24132e-14
  4660.000  4.36395e-14
  4665.000  4.48692e-14
  4670.000  4.31769e-14
  4675.000  4.19065e-14
  4680.000  4.42968e-14
  4685.000  4.48306e-14
  4690.000  4.38465e-14
  4695.000  4.43667e-14
  4700.000  4.39947e-14
  4705.000  4.20174e-14
  4710.000  4.36449e-14
  4715.000  4.25617e-14
  4720.000  4.06924e-14
  4725.000  3.99206e-14
  4730.000  4.09574e-14
  4735.000  4.08740e-14
  4740.000  4.07667e-14
  4745.000  3.91821e-14
  4750.000  4.04261e-14
  4755.000  3.87773e-14
  4760.000  3.97118e-14
  4765.000  3.83256e-14
  4770.000  4.01153e-14
  4775.000  4.27705e-14
  4780.000  4.12914e-14
  4785.000  3.96382e-14
  4790.000  4.04611e-14
  4795.000  4.04419e-14
  4800.000  3.88584e-14
  4805.000  3.97559e-14
  4810.000  4.04050e-14
  4815.000  4.07484e-14
  4820.000  3.96800e-14
  4825.000  3.78952e-14
  4830.000  3.79241e-14
  4835.000  3.82951e-14
  4840.000  3.82489e-14
  4845.000  3.91095e-14
  4850.000  4.27355e-14
  4855.000  7.54572e-14
  4860.000  1.36914e-13
  4865.000  1.09784e-13
  4870.000  6.56195e-14
  4875.000  6.46870e-14
  4880.000  5.11771e-14
  4885.000  4.23384e-14
  4890.000  3.96947e-14
  4895.000  3.99704e-14
  4900.000  3.96800e-14
  4905.000  3.80410e-14
  4910.000  3.90247e-14
  4915.000  3.84995e-14
  4920.000  3.65527e-14
  4925.000  3.76814e-14
  4930.000  4.00910e-14
  4935.000  3.89970e-14
  4940.000  3.96165e-14
  4945.000  4.16431e-14
  4950.000  5.76552e-14
  4955.000  1.38393e-13
  4960.000  1.79743e-13
  4965.000  1.00733e-13
  4970.000  6.81735e-14
  4975.000  6.23469e-14
  4980.000  4.60725e-14
  4985.000  4.15905e-14
  4990.000  4.43340e-14
  4995.000  5.61532e-14
  5000.000  1.64953e-13
  5005.000  4.47107e-13
  5010.000  3.99768e-13
  5015.000  1.64103e-13
  5020.000  1.29652e-13
  5025.000  8.67961e-14
  5030.000  4.99654e-14
  5035.000  4.35643e-14
  5040.000  4.01306e-14
  5045.000  3.91452e-14
  5050.000  3.84592e-14
  5055.000  3.81192e-14
  5060.000  3.71359e-14
  5065.000  3.47185e-14
  5070.000  3.57092e-14
  5075.000  3.77628e-14
  5080.000  3.63408e-14
  5085.000  3.67376e-14
  5090.000  3.69735e-14
  5095.000  3.54297e-14
  5100.000  3.65898e-14
  5105.000  3.52951e-14
  5110.000  3.60614e-14
  5115.000  3.69104e-14
  5120.000  3.78408e-14
  5125.000  3.68782e-14
  5130.000  3.55754e-14
  5135.000  3.48393e-14
  5140.000  3.54449e-14
  5145.000  3.37315e-14
  5150.000  3.63972e-14
  5155.000  3.66196e-14
  5160.000  3.46445e-14
  5165.000  3.43321e-14
  5170.000  3.59481e-14
  5175.000  3.42907e-14
  5180.000  3.41356e-14
  5185.000  3.33929e-14
  5190.000  3.37934e-14
  5195.000  3.59148e-14
  5200.000  3.51109e-14
  5205.000  3.23933e-14
  5210.000  3.39043e-14
  5215.000  3.39130e-14
  5220.000  3.38229e-14
  5225.000  3.42320e-14
  5230.000  3.26236e-14
  5235.000  3.25492e-14
  5240.000  3.53284e-14
  5245.000  3.47842e-14
  5250.000  3.28968e-14
  5255.000  3.42610e-14
  5260.000  3.47400e-14
  5265.000  3.46267e-14
  5270.000  3.37560e-14
  5275.000  3.32598e-14
  5280.000  3.24500e-14
  5285.000  3.26078e-14
  5290.000  2.91493e-14
  5295.000  3.40072e-14
  5300.000  3.43211e-14
  5305.000  2.76374e-14
  5310.000  2.94069e-14
  5315.000  3.17277e-14
  5320.000  3.19518e-14
  5325.000  3.12510e-14
  5330.000  3.22578e-14
  5335.000  3.29882e-14
  5340.000  3.20472e-14
  5345.000  3.29227e-14
  5350.000  3.50985e-14
  5355.000  3.39998e-14
  5360.000  3.49466e-14
  5365.000  3.31379e-14
  5370.000  3.32619e-14
  5375.000  3.36987e-14
  5380.000  3.41568e-14
  5385.000  3.46303e-14
  5390.000  3.59545e-14
  5395.000  3.48607e-14
  5400.000  3.10190e-14
  5405.000  3.25280e-14
  5410.000  3.35997e-14
  5415.000  2.82913e-14
  5420.000  2.64975e-14
  5425.000  3.41671e-14
  5430.000  2.13013e-14
  5435.000  2.26975e-14
  5440.000  3.10666e-14
  5445.000  2.58909e-14
  5450.000  3.05121e-14
  5455.000  3.40090e-14
  5460.000  3.05684e-14
  5465.000  2.94489e-14
  5470.000  3.15396e-14
  5475.000  3.17592e-14
  5480.000  2.58455e-14
  5485.000  2.56395e-14
  5490.000  2.72880e-14
  5495.000  2.87054e-14
  5500.000  2.78121e-14
  5505.000  2.76558e-14
  5510.000  2.78414e-14
  5515.000  3.34262e-14
  5520.000  3.52646e-14
  5525.000  3.56608e-14
  5530.000  3.16698e-14
  5535.000  3.30790e-14
  5540.000  3.59804e-14
  5545.000  3.27335e-14
  5550.000  2.86035e-14
  5555.000  2.89629e-14
  5560.000  3.16550e-14
  5565.000  3.13380e-14
  5570.000  3.22014e-14
  5575.000  3.31321e-14
  5580.000  3.22963e-14
  5585.000  3.08329e-14
  5590.000  2.94286e-14
  5595.000  2.94198e-14
  5600.000  3.20684e-14
  5605.000  3.04387e-14
  5610.000  2.99745e-14
  5615.000  3.29010e-14
  5620.000  3.08652e-14
  5625.000  3.23254e-14
  5630.000  3.11988e-14
  5635.000  3.08803e-14
  5640.000  3.17239e-14
  5645.000  3.31118e-14
  5650.000  3.44574e-14
  5655.000  3.37229e-14
  5660.000  3.18087e-14
  5665.000  3.27640e-14
  5670.000  2.90263e-14
  5675.000  2.78298e-14
  5680.000  3.08280e-14
  5685.000  3.04553e-14
  5690.000  2.82689e-14
  5695.000  3.05430e-14
  5700.000  2.78226e-14
  5705.000  3.00733e-14
  5710.000  3.03992e-14
  5715.000  3.09218e-14
  5720.000  3.27363e-14
  5725.000  2.99534e-14
  5730.000  2.89986e-14
  5735.000  2.93272e-14
  5740.000  3.30966e-14
  5745.000  3.29896e-14
  5750.000  3.19048e-14
  5755.000  3.08425e-14
  5760.000  3.46127e-14
  5765.000  3.26454e-14
  5770.000  2.94077e-14
  5775.000  2.98301e-14
  5780.000  3.05790e-14
  5785.000  3.14526e-14
  5790.000  3.19220e-14
  5795.000  3.02538e-14
  5800.000  2.95084e-14
  5805.000  2.98569e-14
  5810.000  3.17608e-14
  5815.000  3.18450e-14
  5820.000  3.10825e-14
  5825.000  2.99500e-14
  5830.000  3.21260e-14
  5835.000  2.99025e-14
  5840.000  2.85966e-14
  5845.000  2.99391e-14
  5850.000  2.97726e-14
  5855.000  3.08717e-14
  5860.000  3.20472e-14
  5865.000  3.25898e-14
  5870.000  3.52699e-14
  5875.000  3.91411e-14
  5880.000  3.59696e-14
  5885.000  3.17194e-14
  5890.000  3.08396e-14
  5895.000  2.91056e-14
  5900.000  3.01973e-14
  5905.000  2.90526e-14
  5910.000  2.80548e-14
  5915.000  3.10768e-14
  5920.000  3.01973e-14
  5925.000  2.93423e-14
  5930.000  2.96815e-14
  5935.000  3.03491e-14
  5940.000  3.20208e-14
  5945.000  2.84526e-14
  5950.000  2.87700e-14
  5955.000  2.72546e-14
  5960.000  2.90154e-14
  5965.000  2.86895e-14
  5970.000  2.91090e-14
  5975.000  2.97473e-14
  5980.000  3.18458e-14
  5985.000  3.12030e-14
  5990.000  2.89289e-14
  5995.000  3.02938e-14
  6000.000  2.81355e-14
  6005.000  2.69010e-14
  6010.000  2.83659e-14
  6015.000  3.00252e-14
  6020.000  2.93863e-14
  6025.000  3.04227e-14
  6030.000  3.01369e-14
  6035.000  2.96076e-14
  6040.000  2.82785e-14
  6045.000  2.83397e-14
  6050.000  2.84916e-14
  6055.000  2.98737e-14
  6060.000  3.16178e-14
  6065.000  3.02787e-14
  6070.000  2.98012e-14
  6075.000  3.22976e-14
  6080.000  3.17239e-14
  6085.000  3.17987e-14
  6090.000  2.92349e-14
  6095.000  2.91277e-14
  6100.000  2.94129e-14
  6105.000  3.11782e-14
  6110.000  2.84863e-14
  6115.000  3.05389e-14
  6120.000  3.14483e-14
  6125.000  2.95984e-14
  6130.000  3.06018e-14
  6135.000  2.85079e-14
  6140.000  2.96249e-14
  6145.000  3.07107e-14
  6150.000  2.77776e-14
  6155.000  2.76176e-14
  6160.000  2.82679e-14
  6165.000  2.83003e-14
  6170.000  2.87426e-14
  6175.000  2.80682e-14
  6180.000  3.13157e-14
  6185.000  2.72511e-14
  6190.000  2.76543e-14
  6195.000  2.87067e-14
  6200.000  2.91849e-14
  6205.000  2.75247e-14
  6210.000  2.63592e-14
  6215.000  2.76475e-14
  6220.000  2.67149e-14
  6225.000  2.52063e-14
  6230.000  2.73086e-14
  6235.000  2.81403e-14
  6240.000  2.64021e-14
  6245.000  2.68902e-14
  6250.000  2.52815e-14
  6255.000  2.53854e-14
  6260.000  2.83104e-14
  6265.000  2.90858e-14
  6270.000  2.88837e-14
  6275.000  2.91992e-14
  6280.000  2.71918e-14
  6285.000  2.60378e-14
  6290.000  2.87376e-14
  6295.000  3.16106e-14
  6300.000  3.21426e-14
  6305.000  3.21674e-14
  6310.000  3.06615e-14
  6315.000  2.90156e-14
  6320.000  2.89464e-14
  6325.000  3.02320e-14
  6330.000  2.83682e-14
  6335.000  2.89416e-14
  6340.000  2.90736e-14
  6345.000  2.75374e-14
  6350.000  2.61481e-14
  6355.000  2.66084e-14
  6360.000  2.94817e-14
  6365.000  3.05493e-14
  6370.000  3.05885e-14
  6375.000  2.95094e-14
  6380.000  2.72291e-14
  6385.000  2.47765e-14
  6390.000  2.58856e-14
  6395.000  2.54651e-14
  6400.000  2.56283e-14
  6405.000  2.67048e-14
  6410.000  2.36040e-14
  6415.000  2.43672e-14
  6420.000  2.49392e-14
  6425.000  2.27759e-14
  6430.000  2.33198e-14
  6435.000  2.73540e-14
  6440.000  2.64657e-14
  6445.000  2.55928e-14
  6450.000  2.64961e-14
  6455.000  2.78117e-14
  6460.000  2.78226e-14
  6465.000  2.87918e-14
  6470.000  2.71562e-14
  6475.000  2.79490e-14
  6480.000  2.69057e-14
  6485.000  2.61625e-14
  6490.000  2.67443e-14
  6495.000  2.81123e-14
  6500.000  2.73086e-14
  6505.000  2.61676e-14
  6510.000  2.54660e-14
  6515.000  2.79345e-14
  6520.000  2.55222e-14
  6525.000  2.81201e-14
  6530.000  3.11058e-14
  6535.000  3.37956e-14
  6540.000  3.53124e-14
  6545.000  4.43235e-14
  6550.000  1.02541e-13
  6555.000  1.86403e-13
  6560.000  2.12394e-13
  6565.000  2.61114e-13
  6570.000  1.85419e-13
  6575.000  1.07013e-13
  6580.000  1.45129e-13
  6585.000  1.14059e-13
  6590.000  5.24103e-14
  6595.000  3.84409e-14
  6600.000  4.29929e-14
  6605.000  3.75197e-14
  6610.000  2.74102e-14
  6615.000  2.57873e-14
  6620.000  2.69322e-14
  6625.000  2.63382e-14
  6630.000  2.64239e-14
  6635.000  2.61299e-14
  6640.000  2.52943e-14
  6645.000  2.72863e-14
  6650.000  2.60428e-14
  6655.000  2.40365e-14
  6660.000  2.30044e-14
  6665.000  2.32825e-14
  6670.000  2.74384e-14
  6675.000  3.08912e-14
  6680.000  2.98847e-14
  6685.000  2.95764e-14
  6690.000  2.60711e-14
  6695.000  2.65492e-14
  6700.000  2.75365e-14
  6705.000  3.03186e-14
  6710.000  4.25484e-14
  6715.000  5.16456e-14
  6720.000  5.42248e-14
  6725.000  5.02631e-14
  6730.000  5.03018e-14
  6735.000  4.88747e-14
  6740.000  3.80209e-14
  6745.000  3.32779e-14
  6750.000  3.20307e-14
  6755.000  2.87415e-14
  6760.000  2.50558e-14
  6765.000  2.35215e-14
  6770.000  2.42757e-14
  6775.000  2.96442e-14
  6780.000  3.03511e-14
  6785.000  2.35741e-14
  6790.000  2.34065e-14
  6795.000  2.47824e-14
  6800.000  2.51883e-14
  6805.000  2.70305e-14
  6810.000  2.45620e-14
  6815.000  2.25788e-14
  6820.000  2.14779e-14
  6825.000  2.62208e-14
  6830.000  2.77474e-14
  6835.000  2.42709e-14
  6840.000  2.10380e-14
  6845.000  2.18241e-14
  6850.000  3.10368e-14
  6855.000  3.64711e-14
  6860.000  2.30044e-14
  6865.000  2.28339e-14
  6870.000  2.33835e-14
  6875.000  2.41650e-14
  6880.000  2.13825e-14
  6885.000  2.48037e-14
  6890.000  2.63609e-14
  6895.000  2.72861e-14
  6900.000  2.58349e-14
  6905.000  2.50454e-14
  6910.000  2.66254e-14
  6915.000  2.18466e-14
  6920.000  2.33172e-14
  6925.000  2.61026e-14
  6930.000  2.52948e-14
  6935.000  2.30719e-14
  6940.000  1.76880e-14
  6945.000  2.46229e-14
  6950.000  2.19932e-14
  6955.000  2.06638e-14
  6960.000  2.32112e-14
  6965.000  2.22513e-14
  6970.000  2.18304e-14
  6975.000  2.71982e-14
  6980.000  2.38048e-14
  6985.000  2.60454e-14
  6990.000  2.66684e-14
  6995.000  2.98975e-14
  7000.000  1.86420e-14
  7005.000  1.60427e-14
  7010.000  2.81997e-14
  7015.000  2.95187e-14
  7020.000  2.39851e-14
  7025.000  2.60506e-14
  7030.000  2.76997e-14
  7035.000  2.73336e-14
  7040.000  2.44727e-14
  7045.000  2.94060e-14
  7050.000  2.30999e-14
  7055.000  2.25033e-14
  7060.000  2.31476e-14
  7065.000  2.77477e-14
  7070.000  2.99903e-14
  7075.000  2.95397e-14
  7080.000  2.72608e-14
  7085.000  3.16161e-14
  7090.000  3.45729e-14
  7095.000  3.03082e-14
  7100.000  1.67074e-14
  7105.000  2.03094e-14
  7110.000  2.76326e-14
  7115.000  2.56004e-14
  7120.000  2.42712e-14
  7125.000  2.72389e-14
  7130.000  3.69405e-14
  7135.000  4.59069e-14
  7140.000  3.21904e-14
  7145.000  1.66145e-14
  7150.000  2.22097e-14
  7155.000  2.35879e-14
  7160.000  1.68028e-14
  7165.000  2.10114e-14
  7170.000  1.96267e-14
  7175.000  2.18802e-14
  7180.000  2.99799e-14
  7185.000  3.05428e-14
  7190.000  2.44192e-14
  7195.000  2.20265e-14
  7200.000  1.84990e-14
  7205.000  1.96184e-14
  7210.000  2.53146e-14
  7215.000  2.31038e-14
  7220.000  1.83188e-14
  7225.000  2.66181e-14
  7230.000  3.30576e-14
  7235.000  1.56848e-14
  7240.000  2.06775e-14
  7245.000  2.71089e-14
  7250.000  3.00748e-14
  7255.000  3.75716e-14
  7260.000  2.81566e-14
  7265.000  2.76096e-14
  7270.000  3.00774e-14
  7275.000  2.78468e-14
  7280.000  2.25751e-14
  7285.000  2.08505e-14
  7290.000  1.75632e-14
  7295.000  2.35115e-14
  7300.000  2.36617e-14
  7305.000  2.20601e-14
  7310.000  2.32068e-14
  7315.000  2.73888e-14
  7320.000  2.73828e-14
  7325.000  2.64149e-14
  7330.000  2.53850e-14
  7335.000  2.36513e-14
  7340.000  2.33543e-14
  7345.000  2.14878e-14
  7350.000  2.35031e-14
  7355.000  2.28838e-14
  7360.000  2.37678e-14
  7365.000  2.30204e-14
  7370.000  2.35964e-14
  7375.000  2.37234e-14
  7380.000  2.45575e-14
  7385.000  2.30892e-14
  7390.000  2.23289e-14
  7395.000  2.26773e-14
  7400.000  2.29938e-14
  7405.000  2.22795e-14
  7410.000  2.23768e-14
  7415.000  2.30995e-14
  7420.000  2.18012e-14
  7425.000  2.28332e-14
  7430.000  2.20387e-14
  7435.000  2.20992e-14
  7440.000  2.19709e-14
  7445.000  2.40893e-14
  7450.000  2.26810e-14
  7455.000  1.90612e-14
  7460.000  2.05980e-14
  7465.000  2.26357e-14
  7470.000  2.24821e-14
  7475.000  2.29420e-14
  7480.000  2.24478e-14
  7485.000  2.22767e-14
  7490.000  2.21256e-14
  7495.000  2.26705e-14
  7500.000  2.10962e-14
  7505.000  2.25787e-14
  7510.000  2.28741e-14
  7515.000  2.21997e-14
  7520.000  2.15627e-14
  7525.000  2.20670e-14
  7530.000  2.25644e-14
  7535.000  2.19643e-14
  7540.000  2.31105e-14
  7545.000  2.17748e-14
  7550.000  2.29374e-14
  7555.000  2.34471e-14
  7560.000  2.33172e-14
  7565.000  2.51102e-14
  7570.000  2.36992e-14
  7575.000  2.05176e-14
  7580.000  2.01421e-14
  7585.000  2.12787e-14
  7590.000  2.25779e-14
  7595.000  2.27338e-14
  7600.000  2.37942e-14
  7605.000  2.28423e-14
  7610.000  2.09566e-14
  7615.000  1.98169e-14
  7620.000  2.35769e-14
  7625.000  2.30829e-14
  7630.000  2.31734e-14
  7635.000  2.21976e-14
  7640.000  2.35557e-14
  7645.000  2.20550e-14
  7650.000  2.09576e-14
  7655.000  2.02946e-14
  7660.000  2.21723e-14
  7665.000  2.20151e-14
  7670.000  2.38137e-14
  7675.000  2.25762e-14
  7680.000  2.21723e-14
  7685.000  2.18293e-14
  7690.000  2.18210e-14
  7695.000  2.21083e-14
  7700.000  2.39585e-14
  7705.000  2.24059e-14
  7710.000  2.19612e-14
  7715.000  2.09785e-14
  7720.000  2.16793e-14
  7725.000  2.23297e-14
  7730.000  2.26248e-14
  7735.000  2.29734e-14
  7740.000  2.20610e-14
  7745.000  2.58273e-14
  7750.000  2.43276e-14
  7755.000  2.31865e-14
  7760.000  2.34231e-14
  7765.000  2.29478e-14
  7770.000  2.21217e-14
  7775.000  2.06107e-14
  7780.000  2.07994e-14
  7785.000  2.08522e-14
  7790.000  2.26226e-14
  7795.000  2.22394e-14
  7800.000  2.21723e-14
  7805.000  2.23298e-14
  7810.000  2.28460e-14
  7815.000  2.15761e-14
  7820.000  2.12659e-14
  7825.000  2.21090e-14
  7830.000  2.15349e-14
  7835.000  2.36555e-14
  7840.000  2.39003e-14
  7845.000  2.23577e-14
  7850.000  1.85037e-14
  7855.000  2.10928e-14
  7860.000  2.28243e-14
  7865.000  2.26859e-14
  7870.000  2.28758e-14
  7875.000  2.14681e-14
  7880.000  2.18383e-14
  7885.000  1.94838e-14
  7890.000  2.02711e-14
  7895.000  2.20476e-14
  7900.000  2.11068e-14
  7905.000  2.24030e-14
  7910.000  2.23110e-14
  7915.000  2.24602e-14
  7920.000  2.11599e-14
  7925.000  2.04568e-14
  7930.000  2.09855e-14
  7935.000  1.98837e-14
  7940.000  1.96651e-14
  7945.000  2.06605e-14
  7950.000  2.05672e-14
  7955.000  2.17677e-14
  7960.000  2.03595e-14
  7965.000  2.08547e-14
  7970.000  2.01984e-14
  7975.000  1.93146e-14
  7980.000  2.08842e-14
  7985.000  2.05322e-14
  7990.000  2.00910e-14
  7995.000  1.99619e-14
  8000.000  2.05132e-14
  8005.000  2.09167e-14
  8010.000  2.00736e-14
  8015.000  2.04856e-14
  8020.000  2.08948e-14
  8025.000  1.89960e-14
  8030.000  2.14102e-14
  8035.000  1.94059e-14
  8040.000  1.81862e-14
  8045.000  2.16719e-14
  8050.000  2.14244e-14
  8055.000  2.11466e-14
  8060.000  2.00733e-14
  8065.000  2.02469e-14
  8070.000  2.03572e-14
  8075.000  1.95749e-14
  8080.000  1.87747e-14
  8085.000  2.11331e-14
  8090.000  1.89696e-14
  8095.000  2.25146e-14
  8100.000  1.98241e-14
  8105.000  2.09437e-14
  8110.000  2.08031e-14
  8115.000  2.03779e-14
  8120.000  2.09797e-14
  8125.000  2.14241e-14
  8130.000  2.08698e-14
  8135.000  2.09170e-14
  8140.000  1.79265e-14
  8145.000  2.02657e-14
  8150.000  1.97093e-14
  8155.000  2.00537e-14
  8160.000  2.02270e-14
  8165.000  2.27395e-14
  8170.000  2.14337e-14
  8175.000  2.11615e-14
  8180.000  2.20503e-14
  8185.000  2.29329e-14
  8190.000  2.27638e-14
  8195.000  2.01844e-14
  8200.000  1.74707e-14
  8205.000  1.81731e-14
  8210.000  1.82891e-14
  8215.000  1.96832e-14
  8220.000  2.33012e-14
  8225.000  1.83052e-14
  8230.000  2.01405e-14
  8235.000  2.08464e-14
  8240.000  2.19709e-14
  8245.000  2.02027e-14
  8250.000  1.93680e-14
  8255.000  2.10163e-14
  8260.000  1.79372e-14
  8265.000  1.96847e-14
  8270.000  1.81396e-14
  8275.000  1.95214e-14
  8280.000  1.84725e-14
  8285.000  2.02093e-14
  8290.000  1.68748e-14
  8295.000  2.04578e-14
  8300.000  1.95591e-14
  8305.000  1.64626e-14
  8310.000  1.77216e-14
  8315.000  1.81848e-14
  8320.000  1.96068e-14
  8325.000  1.79010e-14
  8330.000  1.84930e-14
  8335.000  1.95210e-14
  8340.000  1.98824e-14
  8345.000  2.05727e-14
  8350.000  1.87392e-14
  8355.000  1.70399e-14
  8360.000  1.91563e-14
  8365.000  1.87444e-14
  8370.000  1.74510e-14
  8375.000  1.82821e-14
  8380.000  2.03330e-14
  8385.000  1.96838e-14
  8390.000  2.09156e-14
  8395.000  1.99836e-14
  8400.000  1.72215e-14
  8405.000  2.04619e-14
  8410.000  1.99229e-14
  8415.000  1.87814e-14
  8420.000  2.05609e-14
  8425.000  2.09169e-14
  8430.000  1.94791e-14
  8435.000  1.93001e-14
  8440.000  1.89761e-14
  8445.000  2.06752e-14
  8450.000  1.98753e-14
  8455.000  1.83711e-14
  8460.000  1.94742e-14
  8465.000  1.80592e-14
  8470.000  1.92527e-14
  8475.000  1.98244e-14
  8480.000  1.61615e-14
  8485.000  1.78213e-14
  8490.000  1.96628e-14
  8495.000  2.02393e-14
  8500.000  1.59918e-14
  8505.000  1.70723e-14
  8510.000  1.86036e-14
  8515.000  1.84713e-14
  8520.000  1.91562e-14
  8525.000  2.00144e-14
  8530.000  1.88536e-14
  8535.000  1.56916e-14
  8540.000  1.84248e-14
  8545.000  1.50647e-14
  8550.000  1.84756e-14
  8555.000  1.84079e-14
  8560.000  1.84831e-14
  8565.000  2.00973e-14
  8570.000  1.82030e-14
  8575.000  1.90532e-14
  8580.000  1.75926e-14
  8585.000  1.89610e-14
  8590.000  1.83703e-14
  8595.000  1.80430e-14
  8600.000  2.14567e-14
  8605.000  1.88671e-14
  8610.000  1.96483e-14
  8615.000  1.87111e-14
  8620.000  1.88223e-14
  8625.000  1.93557e-14
  8630.000  1.96371e-14
  8635.000  1.93395e-14
  8640.000  1.82021e-14
  8645.000  1.87126e-14
  8650.000  1.79056e-14
  8655.000  1.72225e-14
  8660.000  2.06775e-14
  8665.000  2.08684e-14
  8670.000  1.75533e-14
  8675.000  1.87556e-14
  8680.000  1.87958e-14
  8685.000  1.96231e-14
  8690.000  1.76473e-14
  8695.000  1.80499e-14
  8700.000  1.90238e-14
  8705.000  2.15956e-14
  8710.000  1.93914e-14
  8715.000  2.24749e-14
  8720.000  1.91669e-14
  8725.000  1.93766e-14
  8730.000  1.83512e-14
  8735.000  1.75774e-14
  8740.000  1.92252e-14
  8745.000  1.99279e-14
  8750.000  2.24842e-14
  8755.000  1.85595e-14
  8760.000  1.94530e-14
  8765.000  1.80398e-14
  8770.000  1.88524e-14
  8775.000  2.03782e-14
  8780.000  1.89495e-14
  8785.000  1.92628e-14
  8790.000  2.17167e-14
  8795.000  1.87098e-14
  8800.000  1.75661e-14
  8805.000  1.65594e-14
  8810.000  2.03901e-14
  8815.000  2.00174e-14
  8820.000  1.89601e-14
  8825.000  1.89791e-14
  8830.000  1.57612e-14
  8835.000  1.52712e-14
  8840.000  1.86527e-14
  8845.000  1.87432e-14
  8850.000  1.64106e-14
  8855.000  2.06222e-14
  8860.000  1.94266e-14
  8865.000  1.64549e-14
  8870.000  2.02253e-14
  8875.000  2.08031e-14
  8880.000  1.94742e-14
  8885.000  1.80274e-14
  8890.000  1.92724e-14
  8895.000  1.74601e-14
  8900.000  2.01793e-14
  8905.000  2.02130e-14
  8910.000  1.94454e-14
  8915.000  2.16500e-14
  8920.000  2.29726e-14
  8925.000  1.88853e-14
  8930.000  1.61872e-14
  8935.000  1.95417e-14
  8940.000  2.06934e-14
  8945.000  2.03648e-14
  8950.000  1.92381e-14
  8955.000  1.97411e-14
  8960.000  1.85096e-14
  8965.000  2.04010e-14
  8970.000  1.73863e-14
  8975.000  1.64054e-14
  8980.000  1.77569e-14
  8985.000  1.81244e-14
  8990.000  1.88936e-14
  8995.000  1.97627e-14
  9000.000  1.74866e-14
  9005.000  1.85384e-14
  9010.000  1.88821e-14
  9015.000  1.97355e-14
  9020.000  1.67338e-14
  9025.000  1.49622e-14
  9030.000  1.79115e-14
  9035.000  1.93009e-14
  9040.000  1.88541e-14
  9045.000  2.05290e-14
  9050.000  2.09724e-14
  9055.000  2.48399e-14
  9060.000  3.60439e-14
  9065.000  5.48161e-14
  9070.000  4.31719e-14
  9075.000  2.21412e-14
  9080.000  1.95008e-14
  9085.000  1.90879e-14
  9090.000  1.60143e-14
  9095.000  2.15379e-14
  9100.000  1.97022e-14
  9105.000  2.15231e-14
  9110.000  1.75112e-14
  9115.000  1.98132e-14
  9120.000  1.63152e-14
  9125.000  1.77191e-14
  9130.000  1.71707e-14
  9135.000  1.84730e-14
  9140.000  1.13591e-14
  9145.000  1.53783e-14
  9150.000  1.80899e-14
  9155.000  1.94698e-14
  9160.000  2.04178e-14
  9165.000  1.49623e-14
  9170.000  1.36501e-14
  9175.000  1.50130e-14
  9180.000  1.87269e-14
  9185.000  1.59473e-14
  9190.000  1.82349e-14
  9195.000  1.60359e-14
  9200.000  2.45787e-14
  9205.000  1.18650e-14
  9210.000  1.25785e-14
  9215.000  1.53348e-14
  9220.000  2.14090e-14
  9225.000  3.29990e-14
  9230.000  4.98514e-14
  9235.000  3.69437e-14
  9240.000  1.82339e-14
  9245.000  1.46702e-14
  9250.000  1.59772e-14
  9255.000  1.56526e-14
  9260.000  1.37391e-14
  9265.000  2.38136e-14
  9270.000  1.79027e-14
  9275.000  1.61622e-14
  9280.000  1.73912e-14
  9285.000  2.14222e-14
  9290.000  1.96085e-14
  9295.000  1.73280e-14
  9300.000  1.83400e-14
  9305.000  2.20887e-14
  9310.000  1.49636e-14
  9315.000  1.49170e-14
  9320.000  2.35663e-14
  9325.000  1.27799e-14
  9330.000  2.08283e-14
  9335.000  1.52565e-14
  9340.000  1.43963e-14
  9345.000  1.95557e-14
  9350.000  1.84794e-14
  9355.000  2.09877e-14
  9360.000  2.15521e-14
  9365.000  1.95238e-14
  9370.000  2.00517e-14
  9375.000  1.62857e-14
  9380.000  1.85202e-14
  9385.000  1.73739e-14
  9390.000  1.92377e-14
  9395.000  1.63873e-14
  9400.000  1.92729e-14
  9405.000  1.72142e-14
  9410.000  1.66188e-14
  9415.000  1.67502e-14
  9420.000  1.07337e-14
  9425.000  2.14420e-14
  9430.000  1.84764e-14
  9435.000  1.56873e-14
  9440.000  1.51967e-14
  9445.000  1.49425e-14
  9450.000  1.95200e-14
  9455.000  1.51844e-14
  9460.000  1.53716e-14
  9465.000  1.62279e-14
  9470.000  1.27786e-14
  9475.000  1.57690e-14
  9480.000  1.95962e-14
  9485.000  2.02297e-14
  9490.000  1.81322e-14
  9495.000  1.47774e-14
  9500.000  1.99779e-14
  9505.000  1.35983e-14
  9510.000  2.02908e-14
  9515.000  2.62703e-14
  9520.000  4.65973e-14
  9525.000  8.44481e-14
  9530.000  8.93848e-14
  9535.000  3.90865e-14
  9540.000  2.13242e-14
  9545.000  2.04805e-14
  9550.000  2.54340e-14
  9555.000  1.87373e-14
  9560.000  1.26524e-14
  9565.000  1.86645e-14
  9570.000  1.56196e-14
  9575.000  2.10796e-14
  9580.000  1.81757e-14
  9585.000  1.98990e-14
  9590.000  1.69455e-14
  9595.000  1.92858e-14
  9600.000  2.02747e-14
  9605.000  2.34106e-14
  9610.000  1.95860e-14
  9615.000  1.42575e-14
  9620.000  1.28327e-14
  9625.000  1.53526e-14
  9630.000  1.56565e-14
  9635.000  1.68464e-14
  9640.000  2.21245e-14
  9645.000  1.86558e-14
  9650.000  1.41938e-14
  9655.000  1.85621e-14
  9660.000  1.51808e-14
  9665.000  1.91364e-14
  9670.000  1.98789e-14
  9675.000  2.02613e-14
  9680.000  2.09691e-14
  9685.000  2.11359e-14
  9690.000  2.21189e-14
  9695.000  1.61520e-14
  9700.000  2.06351e-14
  9705.000  2.05384e-14
  9710.000  1.67881e-14
  9715.000  2.34666e-14
  9720.000  2.38632e-14
  9725.000  2.29163e-14
  9730.000  1.79746e-14
  9735.000  1.89839e-14
  9740.000  2.68686e-14
  9745.000  1.48925e-14
  9750.000  2.18840e-14
  9755.000  1.77425e-14
  9760.000  1.88541e-14
  9765.000  1.93911e-14
  9770.000  2.21781e-14
  9775.000  3.21083e-14
  9780.000  2.02057e-14
  9785.000  2.81052e-14
  9790.000  2.41199e-14
  9795.000  1.40840e-14
  9800.000  1.32143e-14
  9805.000  1.83889e-14
  9810.000  2.29953e-14
  9815.000  2.37780e-14
  9820.000  2.29567e-14
  9825.000  2.64967e-14
  9830.000  2.71033e-14
  9835.000  2.15420e-14
  9840.000  1.69353e-14
  9845.000  2.15218e-14
  9850.000  2.96802e-14
  9855.000  2.77255e-14
  9860.000  2.49021e-14
  9865.000  2.43203e-14
  9870.000  2.77664e-14
  9875.000  2.64367e-14
  9880.000  2.74410e-14
  9885.000  2.64917e-14
  9890.000  2.82931e-14
  9895.000  2.53493e-14
  9900.000  2.51883e-14
  9905.000  2.58042e-14
  9910.000  2.53678e-14
  9915.000  2.45406e-14
  9920.000  2.54851e-14
  9925.000  2.55736e-14
  9930.000  2.11158e-14
  9935.000  1.72881e-14
  9940.000  2.22200e-14
  9945.000  2.75351e-14
