# kc96/starb5  |  Kinney et al. 1996, ApJ 467, 38 (starb: Calzetti et al. 1994)
# columns: wavelength_Angstrom  flam_erg_s_cm2_A (absolute scale arbitrary - ETC renormalizes)
  1235.000  3.04457e-14
  1240.000  4.02254e-14
  1245.000  6.88895e-14
  1250.000  5.82242e-14
  1255.000  5.16852e-14
  1260.000  4.93097e-14
  1265.000  6.11090e-14
  1270.000  6.89141e-14
  1275.000  6.79094e-14
  1280.000  6.58207e-14
  1285.000  6.61945e-14
  1290.000  6.42275e-14
  1295.000  4.86554e-14
  1300.000  4.46241e-14
  1305.000  4.66778e-14
  1310.000  6.23075e-14
  1315.000  6.42641e-14
  1320.000  6.37173e-14
  1325.000  5.84504e-14
  1330.000  4.68592e-14
  1335.000  3.89364e-14
  1340.000  5.97964e-14
  1345.000  5.99622e-14
  1350.000  6.42559e-14
  1355.000  6.62159e-14
  1360.000  5.75970e-14
  1365.000  5.70717e-14
  1370.000  5.66363e-14
  1375.000  5.64451e-14
  1380.000  4.99791e-14
  1385.000  4.15826e-14
  1390.000  3.02098e-14
  1395.000  3.24102e-14
  1400.000  3.66238e-14
  1405.000  5.55004e-14
  1410.000  5.50224e-14
  1415.000  5.69960e-14
  1420.000  5.14454e-14
  1425.000  5.93252e-14
  1430.000  4.92823e-14
  1435.000  5.05016e-14
  1440.000  5.30709e-14
  1445.000  5.73365e-14
  1450.000  5.51346e-14
  1455.000  5.83187e-14
  1460.000  5.75651e-14
  1465.000  5.95703e-14
  1470.000  5.90984e-14
  1475.000  6.17916e-14
  1480.000  5.84894e-14
  1485.000  5.89379e-14
  1490.000  5.95118e-14
  1495.000  5.74927e-14
  1500.000  5.38043e-14
  1505.000  5.19474e-14
  1510.000  6.13292e-14
  1515.000  5.13341e-14
  1520.000  5.26249e-14
  1525.000  4.60616e-14
  1530.000  3.99171e-14
  1535.000  3.98715e-14
  1540.000  2.86105e-14
  1545.000  1.79375e-14
  1550.000  3.06217e-14
  1555.000  5.93415e-14
  1560.000  4.44967e-14
  1565.000  4.90405e-14
  1570.000  4.92695e-14
  1575.000  5.59153e-14
  1580.000  4.24569e-14
  1585.000  4.52623e-14
  1590.000  4.91895e-14
  1595.000  4.35324e-14
  1600.000  4.08631e-14
  1605.000  4.00796e-14
  1610.000  3.89970e-14
  1615.000  4.14749e-14
  1620.000  4.01938e-14
  1625.000  4.56886e-14
  1630.000  4.63431e-14
  1635.000  4.80287e-14
  1640.000  4.99152e-14
  1645.000  5.26090e-14
  1650.000  5.61464e-14
  1655.000  4.78547e-14
  1660.000  4.77480e-14
  1665.000  4.65095e-14
  1670.000  4.58846e-14
  1675.000  4.99552e-14
  1680.000  5.34214e-14
  1685.000  5.74100e-14
  1690.000  5.11002e-14
  1695.000  5.14352e-14
  1700.000  5.02980e-14
  1705.000  5.36929e-14
  1710.000  4.51315e-14
  1715.000  4.69917e-14
  1720.000  4.77161e-14
  1725.000  6.12552e-14
  1730.000  5.37687e-14
  1735.000  5.36355e-14
  1740.000  5.47605e-14
  1745.000  5.01269e-14
  1750.000  5.46049e-14
  1755.000  5.93936e-14
  1760.000  5.55570e-14
  1765.000  5.37600e-14
  1770.000  5.17067e-14
  1775.000  5.17910e-14
  1780.000  5.23696e-14
  1785.000  5.14931e-14
  1790.000  4.68944e-14
  1795.000  4.95351e-14
  1800.000  5.31664e-14
  1805.000  5.40665e-14
  1810.000  5.24864e-14
  1815.000  5.06103e-14
  1820.000  4.93097e-14
  1825.000  5.19179e-14
  1830.000  4.99731e-14
  1835.000  5.01387e-14
  1840.000  4.48155e-14
  1845.000  4.28826e-14
  1850.000  4.17691e-14
  1855.000  4.14589e-14
  1860.000  4.65049e-14
  1865.000  4.81178e-14
  1870.000  4.99002e-14
  1875.000  5.02654e-14
  1880.000  4.77799e-14
  1885.000  4.49075e-14
  1890.000  4.60526e-14
  1895.000  4.39306e-14
  1900.000  4.62179e-14
  1905.000  4.58795e-14
  1910.000  4.40859e-14
  1915.000  4.35706e-14
  1920.000  4.11819e-14
  1925.000  4.08415e-14
  1930.000  4.28028e-14
  1935.000  4.52035e-14
  1940.000  4.58994e-14
  1945.000  4.46395e-14
  1950.000  4.39324e-14
  1955.000  4.19315e-14
  1960.000  4.19468e-14
  1965.000  3.97579e-14
  1970.000  4.27145e-14
  1975.000  4.19837e-14
  1980.000  4.66325e-14
  1985.000  5.03871e-14
  1990.000  5.45294e-14
  1995.000  3.80483e-14
  2000.000  4.44967e-14
  2005.000  4.08398e-14
  2010.000  5.20284e-14
  2015.000  4.13827e-14
  2020.000  4.89272e-14
  2025.000  4.15335e-14
  2030.000  5.38614e-14
  2035.000  3.64489e-14
  2040.000  4.89592e-14
  2045.000  4.77141e-14
  2050.000  3.25748e-14
  2055.000  4.94954e-14
  2060.000  3.86956e-14
  2065.000  4.45792e-14
  2070.000  4.22456e-14
  2075.000  4.49006e-14
  2080.000  2.97899e-14
  2085.000  4.51166e-14
  2090.000  4.98360e-14
  2095.000  4.21104e-14
  2100.000  5.66092e-14
  2105.000  4.35257e-14
  2110.000  4.97779e-14
  2115.000  4.88373e-14
  2120.000  4.90229e-14
  2125.000  4.89960e-14
  2130.000  5.18970e-14
  2135.000  4.69379e-14
  2140.000  5.23060e-14
  2145.000  4.96399e-14
  2150.000  5.25920e-14
  2155.000  3.91785e-14
  2160.000  4.14050e-14
  2165.000  3.97484e-14
  2170.000  3.42795e-14
  2175.000  4.80580e-14
  2180.000  3.97794e-14
  2185.000  5.17950e-14
  2190.000  5.33776e-14
  2195.000  4.15834e-14
  2200.000  4.20743e-14
  2205.000  4.51524e-14
  2210.000  3.85349e-14
  2215.000  4.41770e-14
  2220.000  4.79073e-14
  2225.000  4.64784e-14
  2230.000  3.58022e-14
  2235.000  4.22750e-14
  2240.000  4.58038e-14
  2245.000  4.02244e-14
  2250.000  3.80538e-14
  2255.000  4.38997e-14
  2260.000  3.26075e-14
  2265.000  3.92578e-14
  2270.000  3.95300e-14
  2275.000  3.94448e-14
  2280.000  4.42737e-14
  2285.000  4.39232e-14
  2290.000  3.89671e-14
  2295.000  4.30300e-14
  2300.000  4.59311e-14
  2305.000  3.65893e-14
  2310.000  4.09628e-14
  2315.000  4.09922e-14
  2320.000  3.44882e-14
  2325.000  5.41273e-14
  2330.000  4.17639e-14
  2335.000  3.46045e-14
  2340.000  3.45838e-14
  2345.000  3.34728e-14
  2350.000  2.93940e-14
  2355.000  2.80554e-14
  2360.000  3.75162e-14
  2365.000  3.51599e-14
  2370.000  3.55222e-14
  2375.000  2.74930e-14
  2380.000  2.97644e-14
  2385.000  3.51283e-14
  2390.000  3.04991e-14
  2395.000  4.05809e-14
  2400.000  3.30219e-14
  2405.000  3.78280e-14
  2410.000  4.34544e-14
  2415.000  3.41623e-14
  2420.000  2.81069e-14
  2425.000  4.06886e-14
  2430.000  3.79708e-14
  2435.000  3.98381e-14
  2440.000  3.55080e-14
  2445.000  3.85074e-14
  2450.000  3.77176e-14
  2455.000  3.40548e-14
  2460.000  3.59863e-14
  2465.000  3.75972e-14
  2470.000  3.89258e-14
  2475.000  3.29776e-14
  2480.000  3.49982e-14
  2485.000  3.57145e-14
  2490.000  3.21832e-14
  2495.000  3.67287e-14
  2500.000  3.68787e-14
  2505.000  3.95823e-14
  2510.000  3.56518e-14
  2515.000  3.46354e-14
  2520.000  3.33725e-14
  2525.000  3.57586e-14
  2530.000  3.24715e-14
  2535.000  3.47876e-14
  2540.000  3.40421e-14
  2545.000  3.29093e-14
  2550.000  3.41137e-14
  2555.000  3.20525e-14
  2560.000  3.53808e-14
  2565.000  3.66467e-14
  2570.000  3.06733e-14
  2575.000  3.37339e-14
  2580.000  3.31812e-14
  2585.000  2.77542e-14
  2590.000  3.35533e-14
  2595.000  2.92886e-14
  2600.000  2.52700e-14
  2605.000  2.87425e-14
  2610.000  2.97715e-14
  2615.000  3.63574e-14
  2620.000  3.46795e-14
  2625.000  3.52406e-14
  2630.000  3.54661e-14
  2635.000  3.35265e-14
  2640.000  3.32769e-14
  2645.000  3.34062e-14
  2650.000  3.43603e-14
  2655.000  3.36189e-14
  2660.000  3.48705e-14
  2665.000  3.74593e-14
  2670.000  3.68150e-14
  2675.000  3.54898e-14
  2680.000  3.23844e-14
  2685.000  3.54290e-14
  2690.000  3.56929e-14
  2695.000  3.35536e-14
  2700.000  3.47431e-14
  2705.000  3.38629e-14
  2710.000  3.12453e-14
  2715.000  3.18214e-14
  2720.000  2.89834e-14
  2725.000  3.34095e-14
  2730.000  3.22436e-14
  2735.000  3.15943e-14
  2740.000  2.99652e-14
  2745.000  2.89632e-14
  2750.000  2.86227e-14
  2755.000  3.04190e-14
  2760.000  3.18744e-14
  2765.000  3.21145e-14
  2770.000  3.45928e-14
  2775.000  3.45688e-14
  2780.000  3.03509e-14
  2785.000  3.07195e-14
  2790.000  2.63812e-14
  2795.000  1.99384e-14
  2800.000  1.98036e-14
  2805.000  2.49575e-14
  2810.000  3.16132e-14
  2815.000  3.20111e-14
  2820.000  3.25757e-14
  2825.000  3.24074e-14
  2830.000  2.87984e-14
  2835.000  3.21884e-14
  2840.000  3.10679e-14
  2845.000  3.01695e-14
  2850.000  2.97962e-14
  2855.000  2.74279e-14
  2860.000  3.18744e-14
  2865.000  2.89256e-14
  2870.000  3.10832e-14
  2875.000  3.31214e-14
  2880.000  3.09055e-14
  2885.000  3.04879e-14
  2890.000  2.97407e-14
  2895.000  3.02823e-14
  2900.000  2.83077e-14
  2905.000  3.13295e-14
  2910.000  3.28980e-14
  2915.000  2.95605e-14
  2920.000  3.12369e-14
  2925.000  2.95639e-14
  2930.000  2.95726e-14
  2935.000  3.17198e-14
  2940.000  3.44562e-14
  2945.000  2.83351e-14
  2950.000  3.44161e-14
  2955.000  3.23054e-14
  2960.000  3.15684e-14
  2965.000  3.11265e-14
  2970.000  3.11512e-14
  2975.000  3.07415e-14
  2980.000  3.47751e-14
  2985.000  3.29741e-14
  2990.000  3.25254e-14
  2995.000  3.06764e-14
  3000.000  3.03125e-14
  3005.000  2.84307e-14
  3010.000  3.40820e-14
  3015.000  3.64869e-14
  3020.000  3.71338e-14
  3025.000  3.11029e-14
  3030.000  2.64718e-14
  3035.000  3.21723e-14
  3040.000  3.30857e-14
  3045.000  3.17042e-14
  3050.000  3.31595e-14
  3055.000  3.56162e-14
  3060.000  3.27032e-14
  3065.000  3.01782e-14
  3070.000  3.55604e-14
  3075.000  2.98242e-14
  3080.000  3.37230e-14
  3085.000  2.65070e-14
  3090.000  3.13017e-14
  3095.000  3.36603e-14
  3100.000  3.35957e-14
  3105.000  3.31118e-14
  3110.000  2.80304e-14
  3115.000  3.63742e-14
  3120.000  3.97794e-14
  3125.000  3.10370e-14
  3130.000  2.86514e-14
  3135.000  3.83421e-14
  3140.000  2.75204e-14
  3145.000  3.19130e-14
  3150.000  4.62393e-14
  3155.000  4.74823e-14
  3160.000  4.49748e-14
  3165.000  4.31332e-14
  3170.000  4.02676e-14
  3175.000  4.23764e-14
  3180.000  6.24420e-14
  3185.000  4.44879e-14
  3190.000  3.11558e-14
  3195.000  4.61024e-14
  3200.000  5.44734e-14
  3205.000  4.42836e-14
  3210.000  5.41361e-14
  3215.000  4.19595e-14
  3220.000  3.97475e-14
  3225.000  3.58502e-14
  3230.000  2.32617e-14
  3235.000  3.16997e-14
  3240.000  2.74184e-14
  3245.000  3.46286e-14
  3250.000  2.74385e-14
  3255.000  2.77737e-14
  3260.000  3.61137e-14
  3265.000  3.41583e-14
  3270.000  3.28841e-14
  3275.000  3.54088e-14
  3280.000  5.02980e-14
  3285.000  3.57592e-14
  3290.000  3.56415e-14
  3295.000  3.20656e-14
  3300.000  3.08194e-14
  3305.000  3.68491e-14
  3310.000  4.00129e-14
  3315.000  4.52334e-14
  3320.000  4.34450e-14
  3325.000  3.65092e-14
  3330.000  3.97305e-14
  3335.000  3.74777e-14
  3340.000  3.48705e-14
  3345.000  3.13022e-14
  3350.000  3.21947e-14
  3355.000  3.48154e-14
  3360.000  2.79315e-14
  3365.000  2.60364e-14
  3370.000  3.24624e-14
  3375.000  3.22332e-14
  3380.000  2.72781e-14
  3385.000  3.04875e-14
  3390.000  2.40605e-14
  3395.000  2.80475e-14
  3400.000  3.26713e-14
  3405.000  3.91813e-14
  3410.000  3.51651e-14
  3415.000  2.89997e-14
  3420.000  3.20019e-14
  3425.000  3.18337e-14
  3430.000  3.64553e-14
  3435.000  3.31917e-14
  3440.000  2.93181e-14
  3445.000  3.18704e-14
  3450.000  3.06083e-14
  3455.000  3.07532e-14
  3460.000  3.38508e-14
  3465.000  3.62339e-14
  3470.000  3.45314e-14
  3475.000  3.43074e-14
  3480.000  3.13868e-14
  3485.000  3.52317e-14
  3490.000  3.39139e-14
  3495.000  3.26265e-14
  3500.000  3.71975e-14
  3505.000  3.41029e-14
  3510.000  3.05735e-14
  3515.000  3.29685e-14
  3520.000  3.18744e-14
  3525.000  3.41017e-14
  3530.000  3.21394e-14
  3535.000  3.22640e-14
  3540.000  3.36593e-14
  3545.000  3.68411e-14
  3550.000  3.26465e-14
  3555.000  3.08732e-14
  3560.000  3.28308e-14
  3565.000  2.97571e-14
  3570.000  3.19540e-14
  3575.000  3.05305e-14
  3580.000  3.26394e-14
  3585.000  2.95836e-14
  3590.000  2.80548e-14
  3595.000  3.44255e-14
  3600.000  3.59226e-14
  3605.000  3.05233e-14
  3610.000  2.99452e-14
  3615.000  3.06787e-14
  3620.000  2.98792e-14
  3625.000  2.86902e-14
  3630.000  3.16072e-14
  3635.000  3.22307e-14
  3640.000  3.38826e-14
  3645.000  3.03439e-14
  3650.000  3.12257e-14
  3655.000  2.99808e-14
  3660.000  3.03253e-14
  3665.000  3.27149e-14
  3670.000  3.27914e-14
  3675.000  3.07813e-14
  3680.000  3.12275e-14
  3685.000  3.13630e-14
  3690.000  3.19233e-14
  3695.000  3.11813e-14
  3700.000  3.15557e-14
  3705.000  3.04156e-14
  3710.000  3.28079e-14
  3715.000  3.59398e-14
  3720.000  5.70552e-14
  3725.000  9.69288e-14
  3730.000  9.39502e-14
  3735.000  5.06616e-14
  3740.000  3.22888e-14
  3745.000  3.47022e-14
  3750.000  3.10217e-14
  3755.000  3.20172e-14
  3760.000  2.98282e-14
  3765.000  3.19704e-14
  3770.000  3.16415e-14
  3775.000  3.29843e-14
  3780.000  3.59226e-14
  3785.000  3.68932e-14
  3790.000  3.46961e-14
  3795.000  3.14232e-14
  3800.000  3.19700e-14
  3805.000  3.50511e-14
  3810.000  3.96132e-14
  3815.000  3.88130e-14
  3820.000  3.65919e-14
  3825.000  3.36087e-14
  3830.000  3.25592e-14
  3835.000  3.30997e-14
  3840.000  3.53808e-14
  3845.000  3.75051e-14
  3850.000  3.82240e-14
  3855.000  4.02741e-14
  3860.000  4.29348e-14
  3865.000  4.30877e-14
  3870.000  4.29248e-14
  3875.000  4.20740e-14
  3880.000  3.94287e-14
  3885.000  3.92493e-14
  3890.000  3.72527e-14
  3895.000  3.80178e-14
  3900.000  3.83451e-14
  3905.000  3.87791e-14
  3910.000  3.85469e-14
  3915.000  4.04039e-14
  3920.000  3.93651e-14
  3925.000  3.64008e-14
  3930.000  3.59423e-14
  3935.000  3.51226e-14
  3940.000  3.94925e-14
  3945.000  3.86339e-14
  3950.000  3.98446e-14
  3955.000  3.92116e-14
  3960.000  3.73888e-14
  3965.000  3.58721e-14
  3970.000  3.51653e-14
  3975.000  3.59302e-14
  3980.000  3.86318e-14
  3985.000  4.15663e-14
  3990.000  4.34694e-14
  3995.000  4.27142e-14
  4000.000  4.26479e-14
  4005.000  4.19898e-14
  4010.000  4.29973e-14
  4015.000  4.42242e-14
  4020.000  4.51023e-14
  4025.000  4.36623e-14
  4030.000  4.10011e-14
  4035.000  4.14644e-14
  4040.000  4.30941e-14
  4045.000  4.41221e-14
  4050.000  4.37756e-14
  4055.000  4.24220e-14
  4060.000  4.41144e-14
  4065.000  4.31392e-14
  4070.000  4.31183e-14
  4075.000  4.03929e-14
  4080.000  4.01301e-14
  4085.000  4.09668e-14
  4090.000  4.06392e-14
  4095.000  3.89660e-14
  4100.000  4.13411e-14
  4105.000  4.11978e-14
  4110.000  3.97179e-14
  4115.000  4.10256e-14
  4120.000  4.17556e-14
  4125.000  4.28922e-14
  4130.000  4.15376e-14
  4135.000  4.20220e-14
  4140.000  4.20105e-14
  4145.000  4.24658e-14
  4150.000  4.13997e-14
  4155.000  4.23059e-14
  4160.000  4.24885e-14
  4165.000  4.19252e-14
  4170.000  4.14359e-14
  4175.000  4.15376e-14
  4180.000  4.29668e-14
  4185.000  4.28766e-14
  4190.000  4.05026e-14
  4195.000  3.95086e-14
  4200.000  4.14688e-14
  4205.000  4.16043e-14
  4210.000  4.21957e-14
  4215.000  4.24936e-14
  4220.000  4.32217e-14
  4225.000  4.24330e-14
  4230.000  4.23821e-14
  4235.000  4.35143e-14
  4240.000  4.32856e-14
  4245.000  4.34361e-14
  4250.000  4.22159e-14
  4255.000  4.20918e-14
  4260.000  4.28392e-14
  4265.000  4.28799e-14
  4270.000  4.21273e-14
  4275.000  4.32151e-14
  4280.000  4.34450e-14
  4285.000  4.06369e-14
  4290.000  4.05134e-14
  4295.000  3.89108e-14
  4300.000  4.03211e-14
  4305.000  3.87086e-14
  4310.000  3.65888e-14
  4315.000  3.68546e-14
  4320.000  3.84406e-14
  4325.000  3.81360e-14
  4330.000  3.81320e-14
  4335.000  4.44951e-14
  4340.000  5.27523e-14
  4345.000  4.54772e-14
  4350.000  3.77757e-14
  4355.000  3.76168e-14
  4360.000  4.09588e-14
  4365.000  4.04318e-14
  4370.000  3.91838e-14
  4375.000  4.02583e-14
  4380.000  4.00979e-14
  4385.000  3.96159e-14
  4390.000  3.99208e-14
  4395.000  4.10850e-14
  4400.000  3.95881e-14
  4405.000  3.85699e-14
  4410.000  4.03202e-14
  4415.000  4.14021e-14
  4420.000  4.04488e-14
  4425.000  4.08851e-14
  4430.000  3.90455e-14
  4435.000  3.98642e-14
  4440.000  4.10225e-14
  4445.000  4.07186e-14
  4450.000  4.12586e-14
  4455.000  3.90450e-14
  4460.000  3.93969e-14
  4465.000  3.99604e-14
  4470.000  4.04358e-14
  4475.000  4.04920e-14
  4480.000  3.98748e-14
  4485.000  4.03441e-14
  4490.000  4.15262e-14
  4495.000  4.18861e-14
  4500.000  4.15960e-14
  4505.000  4.17982e-14
  4510.000  4.08418e-14
  4515.000  4.09971e-14
  4520.000  4.12456e-14
  4525.000  4.11313e-14
  4530.000  4.09657e-14
  4535.000  4.12354e-14
  4540.000  4.07355e-14
  4545.000  4.05989e-14
  4550.000  4.20026e-14
  4555.000  4.07117e-14
  4560.000  4.07355e-14
  4565.000  4.23725e-14
  4570.000  4.28829e-14
  4575.000  4.02447e-14
  4580.000  4.01619e-14
  4585.000  4.08685e-14
  4590.000  3.98213e-14
  4595.000  4.09272e-14
  4600.000  4.08631e-14
  4605.000  4.20977e-14
  4610.000  4.20613e-14
  4615.000  4.07300e-14
  4620.000  4.00661e-14
  4625.000  4.18741e-14
  4630.000  4.18141e-14
  4635.000  4.20403e-14
  4640.000  3.91419e-14
  4645.000  4.02478e-14
  4650.000  4.04429e-14
  4655.000  4.01639e-14
  4660.000  4.07355e-14
  4665.000  3.80688e-14
  4670.000  3.85173e-14
  4675.000  3.90935e-14
  4680.000  3.97794e-14
  4685.000  4.07126e-14
  4690.000  4.18458e-14
  4695.000  4.05530e-14
  4700.000  4.02894e-14
  4705.000  4.08855e-14
  4710.000  3.96045e-14
  4715.000  3.90021e-14
  4720.000  3.92375e-14
  4725.000  3.90867e-14
  4730.000  3.94786e-14
  4735.000  3.88189e-14
  4740.000  3.91100e-14
  4745.000  4.07283e-14
  4750.000  4.03920e-14
  4755.000  4.07827e-14
  4760.000  4.01301e-14
  4765.000  3.95889e-14
  4770.000  3.90123e-14
  4775.000  3.88507e-14
  4780.000  3.95881e-14
  4785.000  3.95719e-14
  4790.000  3.93070e-14
  4795.000  3.86393e-14
  4800.000  3.89824e-14
  4805.000  3.95092e-14
  4810.000  3.72749e-14
  4815.000  3.69830e-14
  4820.000  3.75162e-14
  4825.000  3.71022e-14
  4830.000  3.85780e-14
  4835.000  3.83880e-14
  4840.000  3.88867e-14
  4845.000  3.88048e-14
  4850.000  4.00962e-14
  4855.000  5.27152e-14
  4860.000  7.67535e-14
  4865.000  6.73577e-14
  4870.000  4.18417e-14
  4875.000  3.45447e-14
  4880.000  3.37550e-14
  4885.000  3.71244e-14
  4890.000  3.88195e-14
  4895.000  3.87528e-14
  4900.000  3.98748e-14
  4905.000  4.02863e-14
  4910.000  3.71823e-14
  4915.000  3.64833e-14
  4920.000  3.58906e-14
  4925.000  3.63329e-14
  4930.000  3.78120e-14
  4935.000  3.74622e-14
  4940.000  3.80900e-14
  4945.000  3.91329e-14
  4950.000  4.08177e-14
  4955.000  4.61928e-14
  4960.000  5.03935e-14
  4965.000  4.41332e-14
  4970.000  3.80961e-14
  4975.000  3.75927e-14
  4980.000  3.87912e-14
  4985.000  3.78607e-14
  4990.000  3.86098e-14
  4995.000  4.12270e-14
  5000.000  5.03935e-14
  5005.000  6.73577e-14
  5010.000  6.99009e-14
  5015.000  4.81523e-14
  5020.000  3.92055e-14
  5025.000  3.68165e-14
  5030.000  3.78496e-14
  5035.000  3.70944e-14
  5040.000  3.74524e-14
  5045.000  3.70345e-14
  5050.000  3.67989e-14
  5055.000  3.79646e-14
  5060.000  3.77394e-14
  5065.000  3.80699e-14
  5070.000  3.81521e-14
  5075.000  3.63168e-14
  5080.000  3.63050e-14
  5085.000  3.60184e-14
  5090.000  3.66204e-14
  5095.000  3.63964e-14
  5100.000  3.66557e-14
  5105.000  3.67886e-14
  5110.000  3.80038e-14
  5115.000  3.82055e-14
  5120.000  3.72294e-14
  5125.000  3.68797e-14
  5130.000  3.51616e-14
  5135.000  3.57059e-14
  5140.000  3.60817e-14
  5145.000  3.58404e-14
  5150.000  3.58979e-14
  5155.000  3.65400e-14
  5160.000  3.49982e-14
  5165.000  3.53502e-14
  5170.000  3.43168e-14
  5175.000  3.53594e-14
  5180.000  3.58268e-14
  5185.000  3.58679e-14
  5190.000  3.60924e-14
  5195.000  3.74188e-14
  5200.000  3.72294e-14
  5205.000  3.66418e-14
  5210.000  3.58528e-14
  5215.000  3.64096e-14
  5220.000  3.74206e-14
  5225.000  3.74666e-14
  5230.000  3.62398e-14
  5235.000  3.64295e-14
  5240.000  3.70699e-14
  5245.000  3.66529e-14
  5250.000  3.70621e-14
  5255.000  3.56668e-14
  5260.000  3.74524e-14
  5265.000  3.50455e-14
  5270.000  3.47771e-14
  5275.000  3.59474e-14
  5280.000  3.57312e-14
  5285.000  3.75410e-14
  5290.000  3.62522e-14
  5295.000  3.50031e-14
  5300.000  3.58268e-14
  5305.000  3.69077e-14
  5310.000  3.67922e-14
  5315.000  3.72223e-14
  5320.000  3.71975e-14
  5325.000  3.53263e-14
  5330.000  3.56065e-14
  5335.000  3.58891e-14
  5340.000  3.50299e-14
  5345.000  3.58525e-14
  5350.000  3.68458e-14
  5355.000  3.73739e-14
  5360.000  3.51256e-14
  5365.000  3.00637e-14
  5370.000  3.05570e-14
  5375.000  3.21303e-14
  5380.000  3.02521e-14
  5385.000  3.20766e-14
  5390.000  3.09637e-14
  5395.000  3.45382e-14
  5400.000  3.51575e-14
  5405.000  3.53930e-14
  5410.000  3.66361e-14
  5415.000  2.86696e-14
  5420.000  2.62710e-14
  5425.000  3.72472e-14
  5430.000  2.91230e-14
  5435.000  2.23542e-14
  5440.000  3.83768e-14
  5445.000  3.79031e-14
  5450.000  3.69100e-14
  5455.000  3.51039e-14
  5460.000  3.51256e-14
  5465.000  3.59206e-14
  5470.000  3.71884e-14
  5475.000  3.08421e-14
  5480.000  2.86934e-14
  5485.000  3.72171e-14
  5490.000  3.24642e-14
  5495.000  2.66076e-14
  5500.000  3.38508e-14
  5505.000  3.51718e-14
  5510.000  3.67664e-14
  5515.000  3.77560e-14
  5520.000  3.88230e-14
  5525.000  3.71040e-14
  5530.000  3.80071e-14
  5535.000  3.68743e-14
  5540.000  3.66557e-14
  5545.000  3.66174e-14
  5550.000  3.80501e-14
  5555.000  3.50570e-14
  5560.000  3.56037e-14
  5565.000  3.82077e-14
  5570.000  3.51241e-14
  5575.000  3.71800e-14
  5580.000  3.55719e-14
  5585.000  3.52044e-14
  5590.000  3.42841e-14
  5595.000  3.32688e-14
  5600.000  3.53808e-14
  5605.000  3.74888e-14
  5610.000  3.63610e-14
  5615.000  3.71228e-14
  5620.000  3.58906e-14
  5625.000  3.53117e-14
  5630.000  3.61546e-14
  5635.000  3.34845e-14
  5640.000  3.63689e-14
  5645.000  3.44846e-14
  5650.000  3.69619e-14
  5655.000  3.74527e-14
  5660.000  3.65282e-14
  5665.000  3.46921e-14
  5670.000  3.78570e-14
  5675.000  3.78009e-14
  5680.000  3.51893e-14
  5685.000  3.62823e-14
  5690.000  3.52718e-14
  5695.000  3.68183e-14
  5700.000  3.61137e-14
  5705.000  3.52951e-14
  5710.000  3.35847e-14
  5715.000  3.35316e-14
  5720.000  3.75800e-14
  5725.000  3.69630e-14
  5730.000  3.82270e-14
  5735.000  3.68813e-14
  5740.000  3.40739e-14
  5745.000  3.84528e-14
  5750.000  3.79665e-14
  5755.000  3.76117e-14
  5760.000  3.52852e-14
  5765.000  3.42063e-14
  5770.000  3.46529e-14
  5775.000  3.65467e-14
  5780.000  3.95244e-14
  5785.000  3.54733e-14
  5790.000  3.44746e-14
  5795.000  3.67343e-14
  5800.000  3.78669e-14
  5805.000  3.85691e-14
  5810.000  3.69067e-14
  5815.000  3.62630e-14
  5820.000  3.42968e-14
  5825.000  3.54125e-14
  5830.000  3.58641e-14
  5835.000  3.55532e-14
  5840.000  3.68150e-14
  5845.000  3.46052e-14
  5850.000  3.68610e-14
  5855.000  3.53249e-14
  5860.000  3.49024e-14
  5865.000  3.58359e-14
  5870.000  3.82538e-14
  5875.000  4.26108e-14
  5880.000  4.14368e-14
  5885.000  3.52280e-14
  5890.000  3.31695e-14
  5895.000  3.33683e-14
  5900.000  3.37550e-14
  5905.000  3.42713e-14
  5910.000  3.59977e-14
  5915.000  3.68575e-14
  5920.000  3.65282e-14
  5925.000  3.41763e-14
  5930.000  3.33495e-14
  5935.000  3.56992e-14
  5940.000  3.78031e-14
  5945.000  3.69989e-14
  5950.000  3.64841e-14
  5955.000  3.50948e-14
  5960.000  3.62732e-14
  5965.000  3.75354e-14
  5970.000  3.82138e-14
  5975.000  3.65988e-14
  5980.000  3.50620e-14
  5985.000  3.76850e-14
  5990.000  3.58699e-14
  5995.000  3.52629e-14
  6000.000  3.52212e-14
  6005.000  3.40050e-14
  6010.000  3.45833e-14
  6015.000  3.49943e-14
  6020.000  3.47112e-14
  6025.000  3.29581e-14
  6030.000  3.54285e-14
  6035.000  3.63597e-14
  6040.000  3.45518e-14
  6045.000  3.85759e-14
  6050.000  3.83400e-14
  6055.000  3.71366e-14
  6060.000  3.50619e-14
  6065.000  3.63444e-14
  6070.000  3.86502e-14
  6075.000  3.66500e-14
  6080.000  3.39463e-14
  6085.000  3.51414e-14
  6090.000  3.29975e-14
  6095.000  3.39711e-14
  6100.000  3.56037e-14
  6105.000  3.82982e-14
  6110.000  4.01969e-14
  6115.000  3.89356e-14
  6120.000  3.81537e-14
  6125.000  3.36584e-14
  6130.000  3.34013e-14
  6135.000  3.74664e-14
  6140.000  3.58268e-14
  6145.000  3.58631e-14
  6150.000  3.37918e-14
  6155.000  3.34695e-14
  6160.000  3.42968e-14
  6165.000  3.56936e-14
  6170.000  3.36743e-14
  6175.000  3.65328e-14
  6180.000  3.61457e-14
  6185.000  3.75038e-14
  6190.000  3.42653e-14
  6195.000  3.26250e-14
  6200.000  3.29264e-14
  6205.000  3.78124e-14
  6210.000  3.79815e-14
  6215.000  3.55103e-14
  6220.000  3.58588e-14
  6225.000  3.39267e-14
  6230.000  3.51967e-14
  6235.000  3.24776e-14
  6240.000  3.38189e-14
  6245.000  3.64697e-14
  6250.000  3.23624e-14
  6255.000  3.49122e-14
  6260.000  3.49024e-14
  6265.000  3.68351e-14
  6270.000  3.78246e-14
  6275.000  3.83081e-14
  6280.000  3.64326e-14
  6285.000  3.73831e-14
  6290.000  3.66091e-14
  6295.000  3.88165e-14
  6300.000  4.03532e-14
  6305.000  3.84968e-14
  6310.000  3.38127e-14
  6315.000  3.55363e-14
  6320.000  3.65919e-14
  6325.000  3.25057e-14
  6330.000  3.39649e-14
  6335.000  3.50952e-14
  6340.000  3.92695e-14
  6345.000  4.00115e-14
  6350.000  3.99980e-14
  6355.000  4.01594e-14
  6360.000  4.00979e-14
  6365.000  4.07295e-14
  6370.000  3.86594e-14
  6375.000  3.45792e-14
  6380.000  3.63370e-14
  6385.000  3.67775e-14
  6390.000  3.57727e-14
  6395.000  3.53723e-14
  6400.000  3.84087e-14
  6405.000  3.43492e-14
  6410.000  3.65570e-14
  6415.000  3.70881e-14
  6420.000  3.60500e-14
  6425.000  3.53321e-14
  6430.000  3.73507e-14
  6435.000  3.45644e-14
  6440.000  3.44245e-14
  6445.000  3.48941e-14
  6450.000  3.55372e-14
  6455.000  3.53085e-14
  6460.000  3.42968e-14
  6465.000  3.60260e-14
  6470.000  3.68525e-14
  6475.000  3.66859e-14
  6480.000  3.58906e-14
  6485.000  3.65911e-14
  6490.000  3.55715e-14
  6495.000  3.49183e-14
  6500.000  3.54764e-14
  6505.000  3.63083e-14
  6510.000  3.65752e-14
  6515.000  3.73807e-14
  6520.000  3.86638e-14
  6525.000  3.80485e-14
  6530.000  3.74864e-14
  6535.000  3.86090e-14
  6540.000  5.02980e-14
  6545.000  6.82304e-14
  6550.000  8.02452e-14
  6555.000  1.45768e-13
  6560.000  2.47601e-13
  6565.000  2.09154e-13
  6570.000  1.10126e-13
  6575.000  8.58614e-14
  6580.000  1.25362e-13
  6585.000  1.16104e-13
  6590.000  6.44394e-14
  6595.000  4.31890e-14
  6600.000  3.98113e-14
  6605.000  3.81031e-14
  6610.000  3.58555e-14
  6615.000  3.54574e-14
  6620.000  3.50938e-14
  6625.000  3.54741e-14
  6630.000  3.73849e-14
  6635.000  3.89282e-14
  6640.000  3.74843e-14
  6645.000  3.60293e-14
  6650.000  3.54148e-14
  6655.000  3.58681e-14
  6660.000  3.67194e-14
  6665.000  3.29709e-14
  6670.000  3.29169e-14
  6675.000  3.29695e-14
  6680.000  3.55080e-14
  6685.000  3.61688e-14
  6690.000  3.43185e-14
  6695.000  3.69461e-14
  6700.000  3.73250e-14
  6705.000  4.03943e-14
  6710.000  5.10661e-14
  6715.000  6.44921e-14
  6720.000  6.29522e-14
  6725.000  5.55914e-14
  6730.000  5.72030e-14
  6735.000  5.08720e-14
  6740.000  3.66874e-14
  6745.000  3.40010e-14
  6750.000  3.55804e-14
  6755.000  3.49625e-14
  6760.000  3.43926e-14
  6765.000  3.51073e-14
  6770.000  3.56338e-14
  6775.000  3.71583e-14
  6780.000  3.51256e-14
  6785.000  3.50975e-14
  6790.000  3.38457e-14
  6795.000  3.19614e-14
  6800.000  3.13134e-14
  6805.000  3.35380e-14
  6810.000  3.56047e-14
  6815.000  3.46315e-14
  6820.000  3.49343e-14
  6825.000  3.45447e-14
  6830.000  3.29933e-14
  6835.000  3.21435e-14
  6840.000  3.29264e-14
  6845.000  3.35901e-14
  6850.000  3.38548e-14
  6855.000  3.43718e-14
  6860.000  3.37871e-14
  6865.000  3.26022e-14
  6870.000  3.57285e-14
  6875.000  3.70139e-14
  6880.000  3.74524e-14
  6885.000  3.80314e-14
  6890.000  3.61292e-14
  6895.000  3.53795e-14
  6900.000  3.34363e-14
  6905.000  3.33638e-14
  6910.000  3.44667e-14
  6915.000  3.26965e-14
  6920.000  3.31812e-14
  6925.000  3.42809e-14
  6930.000  3.54392e-14
  6935.000  3.78120e-14
  6940.000  3.78031e-14
  6945.000  3.46827e-14
  6950.000  3.48206e-14
  6955.000  3.38767e-14
  6960.000  3.48387e-14
  6965.000  3.53669e-14
  6970.000  3.63242e-14
  6975.000  3.43760e-14
  6980.000  3.27669e-14
  6985.000  3.29435e-14
  6990.000  3.33882e-14
  6995.000  3.52274e-14
  7000.000  3.47751e-14
  7005.000  3.47807e-14
  7010.000  3.64254e-14
  7015.000  3.76112e-14
  7020.000  3.80263e-14
  7025.000  3.47295e-14
  7030.000  3.68254e-14
  7035.000  3.41353e-14
  7040.000  3.22251e-14
  7045.000  3.39210e-14
  7050.000  3.40421e-14
  7055.000  3.56167e-14
  7060.000  3.26713e-14
  7065.000  3.33800e-14
  7070.000  3.40406e-14
  7075.000  3.29739e-14
  7080.000  3.31812e-14
  7085.000  3.30988e-14
  7090.000  3.42083e-14
  7095.000  3.21044e-14
  7100.000  3.28945e-14
  7105.000  3.21735e-14
  7110.000  3.76599e-14
  7115.000  4.00768e-14
  7120.000  3.65919e-14
  7125.000  3.57443e-14
  7130.000  3.42558e-14
  7135.000  3.77160e-14
  7140.000  3.48705e-14
  7145.000  3.12637e-14
  7150.000  2.91439e-14
  7155.000  3.22670e-14
  7160.000  3.43927e-14
  7165.000  3.39544e-14
  7170.000  2.98851e-14
  7175.000  3.28375e-14
  7180.000  3.49024e-14
  7185.000  3.48382e-14
  7190.000  3.83833e-14
  7195.000  3.45229e-14
  7200.000  2.93851e-14
  7205.000  2.88168e-14
  7210.000  2.87887e-14
  7215.000  2.89738e-14
  7220.000  2.85085e-14
  7225.000  3.03231e-14
  7230.000  3.10483e-14
  7235.000  3.26164e-14
  7240.000  3.42332e-14
  7245.000  3.42988e-14
  7250.000  3.28241e-14
  7255.000  3.27957e-14
  7260.000  3.22888e-14
  7265.000  3.03174e-14
  7270.000  2.91615e-14
  7275.000  3.19569e-14
  7280.000  3.61457e-14
  7285.000  3.58784e-14
  7290.000  3.43410e-14
  7295.000  3.36203e-14
  7300.000  3.08960e-14
  7305.000  3.12010e-14
  7310.000  3.41972e-14
  7315.000  3.45909e-14
  7320.000  4.01616e-14
  7325.000  3.76824e-14
  7330.000  3.62599e-14
  7335.000  3.84981e-14
  7340.000  3.33725e-14
  7345.000  2.89376e-14
  7350.000  3.30474e-14
  7355.000  3.50152e-14
  7360.000  3.38508e-14
  7365.000  3.51367e-14
  7370.000  3.65084e-14
  7375.000  3.61693e-14
  7380.000  3.19381e-14
  7385.000  2.80063e-14
  7390.000  3.10627e-14
  7395.000  3.43414e-14
  7400.000  3.72930e-14
  7405.000  3.43905e-14
  7410.000  2.90966e-14
  7415.000  3.33554e-14
  7420.000  3.02776e-14
  7425.000  2.56187e-14
  7430.000  3.07433e-14
  7435.000  3.66286e-14
  7440.000  3.89507e-14
  7445.000  4.16823e-14
  7450.000  3.18151e-14
  7455.000  2.46513e-14
  7460.000  3.41377e-14
  7465.000  3.29748e-14
  7470.000  3.45982e-14
  7475.000  3.61175e-14
  7480.000  3.35957e-14
  7485.000  3.37887e-14
  7490.000  3.58183e-14
  7495.000  3.56821e-14
  7500.000  3.57312e-14
  7505.000  3.54766e-14
  7510.000  3.58956e-14
  7515.000  3.54407e-14
  7520.000  3.70061e-14
  7525.000  3.82296e-14
  7530.000  3.63804e-14
  7535.000  3.56921e-14
  7540.000  3.91100e-14
  7545.000  4.05556e-14
  7550.000  3.67625e-14
  7555.000  3.56197e-14
  7560.000  3.05740e-14
  7565.000  3.19520e-14
  7570.000  3.29058e-14
  7575.000  2.68610e-14
  7580.000  2.86648e-14
  7585.000  2.86090e-14
  7590.000  2.86849e-14
  7595.000  3.15741e-14
  7600.000  3.41377e-14
  7605.000  3.76168e-14
  7610.000  3.63019e-14
  7615.000  3.26614e-14
  7620.000  3.34363e-14
  7625.000  3.52663e-14
  7630.000  3.18753e-14
  7635.000  2.14571e-14
  7640.000  2.20156e-14
  7645.000  3.52103e-14
  7650.000  3.26080e-14
  7655.000  3.23326e-14
  7660.000  3.33087e-14
  7665.000  3.24204e-14
  7670.000  3.23015e-14
  7675.000  3.36383e-14
  7680.000  3.18744e-14
  7685.000  3.24040e-14
  7690.000  3.61909e-14
  7695.000  3.34739e-14
  7700.000  3.04656e-14
  7705.000  3.28760e-14
  7710.000  3.06900e-14
  7715.000  3.02889e-14
  7720.000  3.40739e-14
  7725.000  3.28008e-14
  7730.000  3.23976e-14
  7735.000  3.34681e-14
  7740.000  3.55400e-14
  7745.000  3.36915e-14
  7750.000  3.22545e-14
  7755.000  3.30395e-14
  7760.000  3.54125e-14
  7765.000  3.31777e-14
  7770.000  2.96435e-14
  7775.000  3.30667e-14
  7780.000  3.01754e-14
  7785.000  3.30072e-14
  7790.000  3.44758e-14
  7795.000  3.23580e-14
  7800.000  3.33725e-14
  7805.000  3.12089e-14
  7810.000  3.53420e-14
  7815.000  3.32952e-14
  7820.000  3.27352e-14
  7825.000  3.32211e-14
  7830.000  3.03070e-14
  7835.000  3.22278e-14
  7840.000  3.21932e-14
  7845.000  2.98060e-14
  7850.000  3.32136e-14
  7855.000  3.16367e-14
  7860.000  3.06537e-14
  7865.000  3.09359e-14
  7870.000  3.15976e-14
  7875.000  3.28192e-14
  7880.000  3.06473e-14
  7885.000  3.20886e-14
  7890.000  3.41571e-14
  7895.000  3.09788e-14
  7900.000  3.47751e-14
  7905.000  2.97968e-14
  7910.000  3.25274e-14
  7915.000  3.12978e-14
  7920.000  3.13486e-14
  7925.000  3.04588e-14
  7930.000  3.06098e-14
  7935.000  3.08771e-14
  7940.000  3.09788e-14
  7945.000  2.80058e-14
  7950.000  3.06742e-14
  7955.000  2.86565e-14
  7960.000  3.65282e-14
  7965.000  3.32891e-14
  7970.000  3.12720e-14
  7975.000  3.00259e-14
  7980.000  3.19381e-14
  7985.000  3.32069e-14
  7990.000  3.27511e-14
  7995.000  3.32199e-14
  8000.000  3.06408e-14
  8005.000  3.15779e-14
  8010.000  3.22027e-14
  8015.000  3.21197e-14
  8020.000  3.26713e-14
  8025.000  2.88870e-14
  8030.000  3.27605e-14
  8035.000  3.41911e-14
  8040.000  3.23844e-14
  8045.000  3.10660e-14
  8050.000  2.95302e-14
  8055.000  3.20764e-14
  8060.000  3.21932e-14
  8065.000  3.02330e-14
  8070.000  3.12655e-14
  8075.000  3.09209e-14
  8080.000  3.06505e-14
  8085.000  3.31465e-14
  8090.000  3.13196e-14
  8095.000  3.04830e-14
  8100.000  3.05931e-14
  8105.000  2.81347e-14
  8110.000  3.43516e-14
  8115.000  3.42085e-14
  8120.000  3.20976e-14
  8125.000  3.09925e-14
  8130.000  3.10898e-14
  8135.000  3.14501e-14
  8140.000  3.28626e-14
  8145.000  3.09346e-14
  8150.000  3.05668e-14
  8155.000  3.17002e-14
  8160.000  3.28308e-14
  8165.000  3.31439e-14
  8170.000  3.37738e-14
  8175.000  3.17588e-14
  8180.000  3.30857e-14
  8185.000  3.24347e-14
  8190.000  3.32959e-14
  8195.000  2.95480e-14
  8200.000  2.83427e-14
  8205.000  2.92829e-14
  8210.000  3.05460e-14
  8215.000  3.14992e-14
  8220.000  3.13740e-14
  8225.000  3.17135e-14
  8230.000  3.12350e-14
  8235.000  3.15349e-14
  8240.000  3.12178e-14
  8245.000  2.92303e-14
  8250.000  2.97859e-14
  8255.000  3.00741e-14
  8260.000  2.98314e-14
  8265.000  3.04173e-14
  8270.000  3.16652e-14
  8275.000  3.11055e-14
  8280.000  3.07429e-14
  8285.000  3.06587e-14
  8290.000  3.08129e-14
  8295.000  2.98048e-14
  8300.000  3.07939e-14
  8305.000  3.01079e-14
  8310.000  2.90792e-14
  8315.000  2.83857e-14
  8320.000  3.00576e-14
  8325.000  3.03949e-14
  8330.000  3.08612e-14
  8335.000  3.06240e-14
  8340.000  2.98186e-14
  8345.000  2.94500e-14
  8350.000  2.90268e-14
  8355.000  2.86072e-14
  8360.000  2.96146e-14
  8365.000  3.11096e-14
  8370.000  3.07991e-14
  8375.000  2.94813e-14
  8380.000  2.84353e-14
  8385.000  2.91802e-14
  8390.000  2.92448e-14
  8395.000  3.05023e-14
  8400.000  3.13868e-14
  8405.000  3.05171e-14
  8410.000  3.09792e-14
  8415.000  2.99814e-14
  8420.000  3.02362e-14
  8425.000  3.08931e-14
  8430.000  3.06003e-14
  8435.000  3.07573e-14
  8440.000  3.00131e-14
  8445.000  3.00817e-14
  8450.000  3.06135e-14
  8455.000  3.03345e-14
  8460.000  2.96975e-14
  8465.000  2.98553e-14
  8470.000  2.92728e-14
  8475.000  2.93899e-14
  8480.000  3.01278e-14
  8485.000  3.02834e-14
  8490.000  2.99071e-14
  8495.000  2.90627e-14
  8500.000  2.65258e-14
  8505.000  2.79863e-14
  8510.000  2.96735e-14
  8515.000  2.96923e-14
  8520.000  2.89738e-14
  8525.000  2.92052e-14
  8530.000  2.85075e-14
  8535.000  2.75430e-14
  8540.000  2.56812e-14
  8545.000  2.45156e-14
  8550.000  2.71188e-14
  8555.000  2.89581e-14
  8560.000  2.96242e-14
  8565.000  3.08372e-14
  8570.000  3.03635e-14
  8575.000  3.02568e-14
  8580.000  3.07556e-14
  8585.000  3.15285e-14
  8590.000  3.12273e-14
  8595.000  3.10298e-14
  8600.000  3.12943e-14
  8605.000  3.08246e-14
  8610.000  2.90270e-14
  8615.000  2.92845e-14
  8620.000  2.94616e-14
  8625.000  3.08679e-14
  8630.000  2.98310e-14
  8635.000  3.01312e-14
  8640.000  3.02776e-14
  8645.000  3.04633e-14
  8650.000  3.02251e-14
  8655.000  3.07793e-14
  8660.000  2.78296e-14
  8665.000  2.65637e-14
  8670.000  2.58753e-14
  8675.000  2.81888e-14
  8680.000  2.88717e-14
  8685.000  2.97140e-14
  8690.000  2.97807e-14
  8695.000  3.01193e-14
  8700.000  3.20019e-14
  8705.000  2.99532e-14
  8710.000  2.97473e-14
  8715.000  3.09183e-14
  8720.000  3.03381e-14
  8725.000  2.92847e-14
  8730.000  2.99913e-14
  8735.000  3.02997e-14
  8740.000  2.93308e-14
  8745.000  2.99679e-14
  8750.000  3.06419e-14
  8755.000  3.09209e-14
  8760.000  2.98918e-14
  8765.000  2.92319e-14
  8770.000  3.03198e-14
  8775.000  2.83081e-14
  8780.000  2.98314e-14
  8785.000  3.07195e-14
  8790.000  3.07126e-14
  8795.000  3.02757e-14
  8800.000  2.92606e-14
  8805.000  2.97518e-14
  8810.000  2.98035e-14
  8815.000  3.13645e-14
  8820.000  3.18268e-14
  8825.000  3.05686e-14
  8830.000  2.98415e-14
  8835.000  3.05480e-14
  8840.000  2.93469e-14
  8845.000  2.83155e-14
  8850.000  3.12639e-14
  8855.000  3.17664e-14
  8860.000  2.90217e-14
  8865.000  2.91332e-14
  8870.000  2.84883e-14
  8875.000  2.92891e-14
  8880.000  2.80176e-14
  8885.000  2.79532e-14
  8890.000  2.95961e-14
  8895.000  2.90593e-14
  8900.000  2.79825e-14
  8905.000  2.82622e-14
  8910.000  3.02874e-14
  8915.000  3.04034e-14
  8920.000  3.07811e-14
  8925.000  2.97384e-14
  8930.000  2.93876e-14
  8935.000  3.01397e-14
  8940.000  2.85213e-14
  8945.000  2.74881e-14
  8950.000  2.77230e-14
  8955.000  2.86414e-14
  8960.000  2.71060e-14
  8965.000  2.97688e-14
  8970.000  3.06811e-14
  8975.000  2.95352e-14
  8980.000  2.83427e-14
  8985.000  2.86569e-14
  8990.000  2.90396e-14
  8995.000  2.94149e-14
  9000.000  2.80909e-14
  9005.000  2.79385e-14
  9010.000  2.82635e-14
  9015.000  2.94900e-14
  9020.000  2.83746e-14
  9025.000  2.76549e-14
  9030.000  2.77439e-14
  9035.000  2.94078e-14
  9040.000  2.89740e-14
  9045.000  2.90758e-14
  9050.000  2.94861e-14
  9055.000  3.03100e-14
  9060.000  3.48069e-14
  9065.000  5.26623e-14
  9070.000  7.46434e-14
  9075.000  4.97608e-14
  9080.000  3.24163e-14
  9085.000  2.87693e-14
  9090.000  2.88716e-14
  9095.000  2.80654e-14
  9100.000  2.84638e-14
  9105.000  2.81700e-14
  9110.000  2.87223e-14
  9115.000  2.79297e-14
  9120.000  2.70582e-14
  9125.000  3.01971e-14
  9130.000  3.15338e-14
  9135.000  2.99309e-14
  9140.000  2.71443e-14
  9145.000  2.74110e-14
  9150.000  2.62177e-14
  9155.000  2.63838e-14
  9160.000  2.56812e-14
  9165.000  2.68376e-14
  9170.000  2.62191e-14
  9175.000  2.66994e-14
  9180.000  2.48271e-14
  9185.000  2.69690e-14
  9190.000  2.90930e-14
  9195.000  3.13681e-14
  9200.000  2.75331e-14
  9205.000  2.28657e-14
  9210.000  2.28394e-14
  9215.000  2.53408e-14
  9220.000  2.62295e-14
  9225.000  2.69662e-14
  9230.000  2.85127e-14
  9235.000  2.71806e-14
  9240.000  3.13295e-14
  9245.000  2.82165e-14
  9250.000  2.35093e-14
  9255.000  2.49258e-14
  9260.000  2.67457e-14
  9265.000  2.45113e-14
  9270.000  2.52763e-14
  9275.000  2.71567e-14
  9280.000  2.89197e-14
  9285.000  2.97170e-14
  9290.000  2.51805e-14
  9295.000  2.82987e-14
  9300.000  3.21932e-14
  9305.000  3.45178e-14
  9310.000  2.40385e-14
  9315.000  2.02927e-14
  9320.000  2.43106e-14
  9325.000  2.77505e-14
  9330.000  2.78897e-14
  9335.000  2.61011e-14
  9340.000  2.57992e-14
  9345.000  2.58853e-14
  9350.000  2.58394e-14
  9355.000  2.62512e-14
  9360.000  2.55505e-14
  9365.000  3.12253e-14
  9370.000  2.83668e-14
  9375.000  2.44166e-14
  9380.000  2.69179e-14
  9385.000  2.74672e-14
  9390.000  2.62479e-14
  9395.000  2.53235e-14
  9400.000  2.47028e-14
  9405.000  2.60940e-14
  9410.000  2.35941e-14
  9415.000  2.02832e-14
  9420.000  2.32715e-14
  9425.000  2.61928e-14
  9430.000  2.94403e-14
  9435.000  2.80398e-14
  9440.000  2.68510e-14
  9445.000  2.58520e-14
  9450.000  2.61331e-14
  9455.000  2.38808e-14
  9460.000  2.45179e-14
  9465.000  2.62802e-14
  9470.000  2.75623e-14
  9475.000  2.64888e-14
  9480.000  2.81229e-14
  9485.000  2.73963e-14
  9490.000  2.80227e-14
  9495.000  2.81617e-14
  9500.000  2.60828e-14
  9505.000  2.52541e-14
  9510.000  2.70636e-14
  9515.000  2.96767e-14
  9520.000  3.26075e-14
  9525.000  5.95009e-14
  9530.000  1.34218e-13
  9535.000  1.22148e-13
  9540.000  4.15006e-14
  9545.000  2.94726e-14
  9550.000  3.19468e-14
  9555.000  2.86362e-14
  9560.000  2.66375e-14
  9565.000  2.65518e-14
  9570.000  2.60370e-14
  9575.000  2.75420e-14
  9580.000  2.94775e-14
  9585.000  2.87536e-14
  9590.000  2.86044e-14
  9595.000  3.01528e-14
  9600.000  2.97420e-14
  9605.000  2.82789e-14
  9610.000  2.63305e-14
  9615.000  2.22318e-14
  9620.000  2.46421e-14
  9625.000  2.51360e-14
  9630.000  2.78863e-14
  9635.000  2.70405e-14
  9640.000  2.55346e-14
  9645.000  2.57222e-14
  9650.000  2.42228e-14
  9655.000  2.81858e-14
  9660.000  2.58980e-14
  9665.000  2.92450e-14
  9670.000  2.97069e-14
  9675.000  2.53184e-14
  9680.000  2.93181e-14
  9685.000  3.07895e-14
  9690.000  2.92459e-14
  9695.000  2.22395e-14
  9700.000  2.37688e-14
  9705.000  2.82387e-14
  9710.000  3.52289e-14
  9715.000  2.47654e-14
  9720.000  2.73992e-14
  9725.000  3.35330e-14
  9730.000  2.65911e-14
  9735.000  1.90840e-14
  9740.000  2.18212e-14
  9745.000  2.69495e-14
  9750.000  2.79632e-14
  9755.000  3.26027e-14
  9760.000  3.78350e-14
  9765.000  2.95842e-14
  9770.000  2.38518e-14
  9775.000  2.18686e-14
  9780.000  2.49896e-14
  9785.000  2.38041e-14
  9790.000  2.26580e-14
  9795.000  2.87376e-14
  9800.000  3.08194e-14
  9805.000  3.12626e-14
  9810.000  2.74096e-14
  9815.000  3.05141e-14
  9820.000  3.58906e-14
  9825.000  3.89332e-14
  9830.000  3.73772e-14
  9835.000  3.50543e-14
  9840.000  4.00343e-14
  9845.000  3.50098e-14
  9850.000  3.61746e-14
  9855.000  3.28804e-14
  9860.000  3.87274e-14
  9865.000  3.60589e-14
  9870.000  3.91205e-14
  9875.000  4.14536e-14
  9880.000  3.93330e-14
  9885.000  3.40688e-14
  9890.000  3.46892e-14
  9895.000  3.77595e-14
  9900.000  3.64326e-14
  9905.000  3.39902e-14
  9910.000  3.48561e-14
  9915.000  3.51234e-14
  9920.000  3.65919e-14
  9925.000  3.86257e-14
  9930.000  2.06087e-14
  9935.000  0.00000e+00
  9940.000  0.00000e+00
  9945.000  0.00000e+00
