# kc96/s0  |  Kinney et al. 1996, ApJ 467, 38 (starb: Calzetti et al. 1994)
# columns: wavelength_Angstrom  flam_erg_s_cm2_A (absolute scale arbitrary - ETC renormalizes)
  1235.000  6.06886e-15
  1240.000  4.53880e-15
  1245.000  3.10335e-15
  1250.000  1.42125e-15
  1255.000  2.09611e-15
  1260.000  2.29062e-15
  1265.000  1.80057e-15
  1270.000  1.31926e-15
  1275.000  1.51207e-15
  1280.000  2.06598e-15
  1285.000  3.30560e-15
  1290.000  1.10701e-15
  1295.000  1.30860e-15
  1300.000  1.18489e-15
  1305.000  5.97110e-16
  1310.000  1.83521e-15
  1315.000  1.78962e-15
  1320.000  2.14714e-15
  1325.000  1.58646e-15
  1330.000  3.81814e-16
  1335.000  8.80836e-17
  1340.000  1.35762e-15
  1345.000  7.67524e-16
  1350.000  2.30586e-16
  1355.000  1.00734e-15
  1360.000  9.56574e-16
  1365.000  1.43190e-15
  1370.000  1.43239e-15
  1375.000  9.22091e-16
  1380.000  1.83538e-15
  1385.000  2.62325e-15
  1390.000  2.61489e-15
  1395.000  1.65465e-15
  1400.000  1.43780e-15
  1405.000  7.34613e-16
  1410.000  5.09791e-16
  1415.000  5.99298e-16
  1420.000  2.66477e-16
  1425.000  1.95446e-16
  1430.000  1.15568e-15
  1435.000  9.91409e-16
  1440.000  1.47805e-15
  1445.000  1.95037e-15
  1450.000  1.51823e-15
  1455.000  1.60984e-15
  1460.000  2.53360e-15
  1465.000  1.32705e-15
  1470.000  1.30083e-15
  1475.000  1.30727e-15
  1480.000  1.48283e-15
  1485.000  7.59939e-16
  1490.000  1.84527e-15
  1495.000  1.09682e-15
  1500.000  4.36101e-16
  1505.000  1.45271e-15
  1510.000  2.46165e-15
  1515.000  2.17028e-15
  1520.000  8.98158e-16
  1525.000  7.30661e-17
  1530.000  1.84497e-16
  1535.000  5.29678e-16
  1540.000  2.11906e-15
  1545.000  2.13605e-15
  1550.000  9.55064e-16
  1555.000  1.69634e-15
  1560.000  3.40762e-16
  1565.000  7.38162e-16
  1570.000  1.11617e-15
  1575.000  7.49829e-16
  1580.000  1.10921e-15
  1585.000  7.52245e-16
  1590.000  1.05329e-15
  1595.000  1.98519e-15
  1600.000  2.41096e-15
  1605.000  8.70849e-16
  1610.000  8.28690e-16
  1615.000  1.60978e-15
  1620.000  1.45494e-15
  1625.000  5.10246e-16
  1630.000  3.85321e-16
  1635.000  1.92805e-16
  1640.000  1.77084e-15
  1645.000  9.84764e-16
  1650.000  8.09367e-16
  1655.000  2.93033e-15
  1660.000  1.27351e-15
  1665.000  2.10953e-15
  1670.000  8.27645e-16
  1675.000  1.08807e-15
  1680.000  8.72409e-16
  1685.000  1.42246e-16
  1690.000  4.52984e-16
  1695.000  1.16852e-15
  1700.000  6.83370e-16
  1705.000  1.01357e-15
  1710.000  9.43404e-16
  1715.000  1.31762e-15
  1720.000  1.18853e-15
  1725.000  2.24048e-15
  1730.000  1.83125e-15
  1735.000  2.44220e-16
  1740.000  2.47270e-15
  1745.000  2.63410e-15
  1750.000  1.59690e-15
  1755.000  1.61297e-15
  1760.000  1.29365e-15
  1765.000  1.19315e-15
  1770.000  1.53617e-15
  1775.000  7.35393e-16
  1780.000  5.07565e-16
  1785.000  5.20069e-16
  1790.000  6.08358e-16
  1795.000  6.78747e-16
  1800.000  5.89606e-16
  1805.000  9.19648e-16
  1810.000  2.25121e-15
  1815.000  2.14532e-15
  1820.000  1.69943e-15
  1825.000  1.01400e-15
  1830.000  1.23348e-15
  1835.000  9.12160e-16
  1840.000  1.20172e-15
  1845.000  1.40043e-15
  1850.000  1.07600e-15
  1855.000  8.09218e-16
  1860.000  3.35816e-16
  1865.000  5.89733e-16
  1870.000  1.06481e-15
  1875.000  1.54742e-15
  1880.000  1.75857e-15
  1885.000  1.29846e-15
  1890.000  1.63761e-15
  1895.000  1.68208e-15
  1900.000  1.03602e-15
  1905.000  1.77464e-15
  1910.000  1.27745e-15
  1915.000  5.45724e-16
  1920.000  8.24529e-16
  1925.000  9.99159e-16
  1930.000  4.23658e-16
  1935.000  1.33915e-16
  1940.000  6.42725e-16
  1945.000  1.22361e-15
  1950.000  1.18900e-15
  1955.000  6.80026e-16
  1960.000  7.82724e-16
  1965.000  1.92740e-15
  1970.000  4.35744e-15
  1975.000  1.81679e-15
  1980.000  7.08231e-16
  1985.000  1.73234e-15
  1990.000  2.69027e-15
  1995.000  2.22813e-15
  2000.000  8.63206e-16
  2005.000  1.16901e-15
  2010.000  1.53585e-15
  2015.000  5.12299e-16
  2020.000  2.59274e-15
  2025.000  1.83829e-15
  2030.000  1.47428e-15
  2035.000  2.42638e-15
  2040.000  1.78474e-15
  2045.000  2.44096e-15
  2050.000  2.31335e-15
  2055.000  2.74877e-15
  2060.000  1.65210e-15
  2065.000  1.08514e-15
  2070.000  1.28716e-15
  2075.000  1.82683e-15
  2080.000  2.36364e-15
  2085.000  2.08040e-15
  2090.000  1.55244e-15
  2095.000  1.06956e-15
  2100.000  8.17491e-16
  2105.000  1.67572e-15
  2110.000  2.61719e-15
  2115.000  1.21514e-15
  2120.000  8.85854e-16
  2125.000  2.19426e-15
  2130.000  2.66612e-15
  2135.000  2.60673e-15
  2140.000  8.77893e-16
  2145.000  2.16095e-15
  2150.000  1.99946e-15
  2155.000  5.98137e-16
  2160.000  8.98084e-16
  2165.000  9.15613e-16
  2170.000  1.95477e-15
  2175.000  2.36736e-15
  2180.000  3.13767e-15
  2185.000  3.35195e-15
  2190.000  4.00484e-15
  2195.000  3.16857e-15
  2200.000  3.38568e-15
  2205.000  2.78560e-15
  2210.000  2.67133e-15
  2215.000  2.52818e-15
  2220.000  2.32762e-15
  2225.000  1.54348e-15
  2230.000  3.35357e-15
  2235.000  2.71520e-15
  2240.000  2.18921e-15
  2245.000  3.62432e-15
  2250.000  2.48150e-15
  2255.000  3.39982e-15
  2260.000  1.98242e-15
  2265.000  1.59390e-15
  2270.000  8.84677e-16
  2275.000  1.76159e-15
  2280.000  2.59230e-16
  2285.000  1.46725e-15
  2290.000  1.40819e-15
  2295.000  2.44855e-15
  2300.000  2.41009e-15
  2305.000  1.58060e-15
  2310.000  2.30772e-15
  2315.000  1.71820e-15
  2320.000  7.81061e-16
  2325.000  1.99396e-15
  2330.000  2.37603e-15
  2335.000  1.32934e-15
  2340.000  2.24007e-15
  2345.000  1.94663e-15
  2350.000  1.31765e-15
  2355.000  6.73352e-16
  2360.000  1.15602e-15
  2365.000  9.85020e-16
  2370.000  1.48989e-15
  2375.000  1.74002e-15
  2380.000  2.28653e-15
  2385.000  1.03040e-15
  2390.000  1.70546e-15
  2395.000  2.60622e-15
  2400.000  2.03708e-15
  2405.000  1.19683e-15
  2410.000  1.21561e-15
  2415.000  1.54991e-15
  2420.000  2.37426e-15
  2425.000  2.28090e-15
  2430.000  2.28855e-15
  2435.000  1.59470e-15
  2440.000  2.09806e-15
  2445.000  1.71108e-15
  2450.000  9.71991e-16
  2455.000  1.85845e-15
  2460.000  2.34221e-15
  2465.000  1.78260e-15
  2470.000  1.75211e-15
  2475.000  2.04790e-15
  2480.000  1.55892e-15
  2485.000  1.12705e-15
  2490.000  1.55375e-15
  2495.000  1.42733e-15
  2500.000  1.89538e-15
  2505.000  1.70280e-15
  2510.000  1.51808e-15
  2515.000  8.47599e-16
  2520.000  8.80824e-16
  2525.000  1.28277e-15
  2530.000  1.41117e-15
  2535.000  1.49487e-15
  2540.000  1.50270e-15
  2545.000  8.98051e-16
  2550.000  1.02682e-15
  2555.000  1.86689e-15
  2560.000  1.91804e-15
  2565.000  1.76090e-15
  2570.000  1.24067e-15
  2575.000  1.68670e-15
  2580.000  2.29833e-15
  2585.000  2.41077e-15
  2590.000  1.65477e-15
  2595.000  1.55132e-15
  2600.000  2.34633e-15
  2605.000  2.10567e-15
  2610.000  2.14225e-15
  2615.000  2.18527e-15
  2620.000  2.25460e-15
  2625.000  2.29225e-15
  2630.000  2.13621e-15
  2635.000  2.12901e-15
  2640.000  3.01152e-15
  2645.000  3.43961e-15
  2650.000  3.83080e-15
  2655.000  3.32479e-15
  2660.000  3.02551e-15
  2665.000  3.04501e-15
  2670.000  2.95421e-15
  2675.000  3.22667e-15
  2680.000  3.28916e-15
  2685.000  3.01740e-15
  2690.000  2.68744e-15
  2695.000  2.89507e-15
  2700.000  3.16163e-15
  2705.000  3.57456e-15
  2710.000  3.61826e-15
  2715.000  3.17414e-15
  2720.000  3.04142e-15
  2725.000  2.73972e-15
  2730.000  2.54587e-15
  2735.000  2.78310e-15
  2740.000  2.84937e-15
  2745.000  2.39310e-15
  2750.000  2.43129e-15
  2755.000  2.61979e-15
  2760.000  2.61038e-15
  2765.000  2.92699e-15
  2770.000  3.12382e-15
  2775.000  3.02113e-15
  2780.000  2.95920e-15
  2785.000  2.89589e-15
  2790.000  2.40034e-15
  2795.000  1.82199e-15
  2800.000  1.77833e-15
  2805.000  2.13256e-15
  2810.000  2.60889e-15
  2815.000  2.92452e-15
  2820.000  3.36253e-15
  2825.000  3.69676e-15
  2830.000  3.86418e-15
  2835.000  3.82932e-15
  2840.000  3.39749e-15
  2845.000  2.67774e-15
  2850.000  2.21097e-15
  2855.000  2.24417e-15
  2860.000  2.83038e-15
  2865.000  3.25076e-15
  2870.000  3.53975e-15
  2875.000  3.88832e-15
  2880.000  3.86919e-15
  2885.000  3.98628e-15
  2890.000  4.70890e-15
  2895.000  5.22027e-15
  2900.000  5.42619e-15
  2905.000  5.54431e-15
  2910.000  6.16684e-15
  2915.000  6.12718e-15
  2920.000  5.89131e-15
  2925.000  5.66760e-15
  2930.000  5.12396e-15
  2935.000  5.16692e-15
  2940.000  4.89598e-15
  2945.000  5.60794e-15
  2950.000  5.54006e-15
  2955.000  5.41471e-15
  2960.000  5.80965e-15
  2965.000  5.88151e-15
  2970.000  5.71645e-15
  2975.000  6.13874e-15
  2980.000  6.11542e-15
  2985.000  5.75707e-15
  2990.000  5.76833e-15
  2995.000  5.21999e-15
  3000.000  4.74359e-15
  3005.000  4.68913e-15
  3010.000  4.92898e-15
  3015.000  5.45962e-15
  3020.000  5.68539e-15
  3025.000  5.19347e-15
  3030.000  5.77202e-15
  3035.000  6.51760e-15
  3040.000  6.59559e-15
  3045.000  6.03678e-15
  3050.000  5.57059e-15
  3055.000  6.26446e-15
  3060.000  6.01393e-15
  3065.000  5.97529e-15
  3070.000  7.15312e-15
  3075.000  7.50234e-15
  3080.000  7.63032e-15
  3085.000  7.56488e-15
  3090.000  6.79726e-15
  3095.000  6.26158e-15
  3100.000  6.08131e-15
  3105.000  6.20182e-15
  3110.000  6.85008e-15
  3115.000  7.76940e-15
  3120.000  8.27579e-15
  3125.000  7.94873e-15
  3130.000  7.85986e-15
  3135.000  7.98740e-15
  3140.000  7.85294e-15
  3145.000  8.40882e-15
  3150.000  8.70340e-15
  3155.000  8.28670e-15
  3160.000  9.00702e-15
  3165.000  9.22954e-15
  3170.000  9.46124e-15
  3175.000  1.02953e-14
  3180.000  9.22358e-15
  3185.000  1.02109e-14
  3190.000  1.01391e-14
  3195.000  9.19898e-15
  3200.000  1.02829e-14
  3205.000  6.42122e-15
  3210.000  5.66551e-15
  3215.000  7.37943e-15
  3220.000  9.21686e-15
  3225.000  8.74538e-15
  3230.000  6.95305e-15
  3235.000  5.18063e-15
  3240.000  6.29002e-15
  3245.000  8.25078e-15
  3250.000  8.24046e-15
  3255.000  7.47495e-15
  3260.000  7.58964e-15
  3265.000  8.20967e-15
  3270.000  8.80765e-15
  3275.000  7.74660e-15
  3280.000  6.32253e-15
  3285.000  6.45028e-15
  3290.000  1.02551e-14
  3295.000  1.13996e-14
  3300.000  1.15827e-14
  3305.000  1.18339e-14
  3310.000  1.12413e-14
  3315.000  1.18350e-14
  3320.000  1.07996e-14
  3325.000  8.82377e-15
  3330.000  9.31689e-15
  3335.000  9.09244e-15
  3340.000  8.43971e-15
  3345.000  8.24593e-15
  3350.000  9.28258e-15
  3355.000  9.09781e-15
  3360.000  7.50647e-15
  3365.000  6.40634e-15
  3370.000  6.76825e-15
  3375.000  7.26148e-15
  3380.000  6.13784e-15
  3385.000  5.84731e-15
  3390.000  7.65655e-15
  3395.000  8.81145e-15
  3400.000  8.99221e-15
  3405.000  8.73457e-15
  3410.000  7.61429e-15
  3415.000  6.93746e-15
  3420.000  7.92226e-15
  3425.000  9.17412e-15
  3430.000  9.80229e-15
  3435.000  8.25336e-15
  3440.000  7.04023e-15
  3445.000  6.68910e-15
  3450.000  6.76251e-15
  3455.000  7.16991e-15
  3460.000  7.42630e-15
  3465.000  7.31180e-15
  3470.000  7.44047e-15
  3475.000  7.19683e-15
  3480.000  7.21442e-15
  3485.000  8.33453e-15
  3490.000  8.78766e-15
  3495.000  8.31774e-15
  3500.000  8.29087e-15
  3505.000  9.29555e-15
  3510.000  1.00404e-14
  3515.000  9.89326e-15
  3520.000  9.24585e-15
  3525.000  8.64423e-15
  3530.000  9.09759e-15
  3535.000  1.05838e-14
  3540.000  1.13271e-14
  3545.000  1.13689e-14
  3550.000  1.04266e-14
  3555.000  9.09800e-15
  3560.000  7.74176e-15
  3565.000  7.17191e-15
  3570.000  7.42891e-15
  3575.000  7.74298e-15
  3580.000  7.75594e-15
  3585.000  8.04498e-15
  3590.000  8.72981e-15
  3595.000  9.31383e-15
  3600.000  9.68707e-15
  3605.000  9.44232e-15
  3610.000  9.36775e-15
  3615.000  1.08331e-14
  3620.000  1.26228e-14
  3625.000  1.17328e-14
  3630.000  1.00285e-14
  3635.000  9.21748e-15
  3640.000  9.28596e-15
  3645.000  9.57710e-15
  3650.000  1.00743e-14
  3655.000  1.13344e-14
  3660.000  1.23359e-14
  3665.000  1.26753e-14
  3670.000  1.28342e-14
  3675.000  1.32227e-14
  3680.000  1.36071e-14
  3685.000  1.33503e-14
  3690.000  1.22822e-14
  3695.000  1.15451e-14
  3700.000  1.17578e-14
  3705.000  1.17420e-14
  3710.000  1.18874e-14
  3715.000  1.21821e-14
  3720.000  1.13261e-14
  3725.000  1.07716e-14
  3730.000  1.17293e-14
  3735.000  1.08166e-14
  3740.000  9.45696e-15
  3745.000  8.46239e-15
  3750.000  8.37025e-15
  3755.000  9.30308e-15
  3760.000  9.99516e-15
  3765.000  9.97151e-15
  3770.000  1.06991e-14
  3775.000  1.26352e-14
  3780.000  1.33941e-14
  3785.000  1.29987e-14
  3790.000  1.18121e-14
  3795.000  1.07159e-14
  3800.000  1.05797e-14
  3805.000  1.08205e-14
  3810.000  1.09217e-14
  3815.000  1.06499e-14
  3820.000  9.65707e-15
  3825.000  8.42762e-15
  3830.000  7.50448e-15
  3835.000  7.00561e-15
  3840.000  6.98198e-15
  3845.000  7.73854e-15
  3850.000  8.77037e-15
  3855.000  9.02975e-15
  3860.000  8.84010e-15
  3865.000  9.13181e-15
  3870.000  9.52724e-15
  3875.000  9.53945e-15
  3880.000  9.72111e-15
  3885.000  9.94890e-15
  3890.000  1.11928e-14
  3895.000  1.29255e-14
  3900.000  1.32778e-14
  3905.000  1.31978e-14
  3910.000  1.35612e-14
  3915.000  1.36324e-14
  3920.000  1.23512e-14
  3925.000  1.03160e-14
  3930.000  8.13453e-15
  3935.000  6.34527e-15
  3940.000  6.64350e-15
  3945.000  9.12582e-15
  3950.000  1.19111e-14
  3955.000  1.34403e-14
  3960.000  1.25506e-14
  3965.000  1.00220e-14
  3970.000  8.57353e-15
  3975.000  1.02944e-14
  3980.000  1.32171e-14
  3985.000  1.58236e-14
  3990.000  1.77548e-14
  3995.000  1.88858e-14
  4000.000  1.92989e-14
  4005.000  2.00269e-14
  4010.000  2.09742e-14
  4015.000  2.13824e-14
  4020.000  2.14273e-14
  4025.000  2.13922e-14
  4030.000  2.09739e-14
  4035.000  2.02337e-14
  4040.000  1.97149e-14
  4045.000  1.94250e-14
  4050.000  1.95526e-14
  4055.000  1.98101e-14
  4060.000  1.91299e-14
  4065.000  1.89450e-14
  4070.000  1.94756e-14
  4075.000  1.98584e-14
  4080.000  2.03594e-14
  4085.000  2.15873e-14
  4090.000  2.25143e-14
  4095.000  2.15069e-14
  4100.000  1.99876e-14
  4105.000  1.89941e-14
  4110.000  2.00137e-14
  4115.000  2.13912e-14
  4120.000  2.21891e-14
  4125.000  2.14371e-14
  4130.000  2.03751e-14
  4135.000  1.98492e-14
  4140.000  2.04397e-14
  4145.000  2.00277e-14
  4150.000  1.90966e-14
  4155.000  1.91126e-14
  4160.000  1.96710e-14
  4165.000  1.97982e-14
  4170.000  1.93540e-14
  4175.000  1.91315e-14
  4180.000  1.93784e-14
  4185.000  2.00853e-14
  4190.000  2.02970e-14
  4195.000  1.98186e-14
  4200.000  1.96605e-14
  4205.000  2.04098e-14
  4210.000  2.13225e-14
  4215.000  2.16866e-14
  4220.000  2.19712e-14
  4225.000  2.14242e-14
  4230.000  2.09332e-14
  4235.000  2.12813e-14
  4240.000  2.21636e-14
  4245.000  2.30375e-14
  4250.000  2.25294e-14
  4255.000  2.21773e-14
  4260.000  2.26107e-14
  4265.000  2.37125e-14
  4270.000  2.25825e-14
  4275.000  2.06987e-14
  4280.000  2.14070e-14
  4285.000  2.22858e-14
  4290.000  2.15015e-14
  4295.000  2.00977e-14
  4300.000  1.87271e-14
  4305.000  1.76748e-14
  4310.000  1.82588e-14
  4315.000  2.10913e-14
  4320.000  2.37408e-14
  4325.000  2.48581e-14
  4330.000  2.54912e-14
  4335.000  2.58282e-14
  4340.000  2.55548e-14
  4345.000  2.53863e-14
  4350.000  2.57305e-14
  4355.000  2.63678e-14
  4360.000  2.71846e-14
  4365.000  2.77048e-14
  4370.000  2.72946e-14
  4375.000  2.60402e-14
  4380.000  2.46355e-14
  4385.000  2.38683e-14
  4390.000  2.43325e-14
  4395.000  2.56783e-14
  4400.000  2.62252e-14
  4405.000  2.55236e-14
  4410.000  2.58672e-14
  4415.000  2.70463e-14
  4420.000  2.80956e-14
  4425.000  2.84446e-14
  4430.000  2.85338e-14
  4435.000  2.87684e-14
  4440.000  2.92667e-14
  4445.000  2.96556e-14
  4450.000  2.93918e-14
  4455.000  2.86008e-14
  4460.000  2.80606e-14
  4465.000  2.83172e-14
  4470.000  2.93523e-14
  4475.000  3.06422e-14
  4480.000  3.13469e-14
  4485.000  3.08986e-14
  4490.000  3.02676e-14
  4495.000  3.00859e-14
  4500.000  3.13708e-14
  4505.000  3.32877e-14
  4510.000  3.46178e-14
  4515.000  3.46285e-14
  4520.000  3.31552e-14
  4525.000  3.09647e-14
  4530.000  2.93886e-14
  4535.000  2.92219e-14
  4540.000  3.01802e-14
  4545.000  3.13409e-14
  4550.000  3.13693e-14
  4555.000  3.14114e-14
  4560.000  3.26119e-14
  4565.000  3.37926e-14
  4570.000  3.40967e-14
  4575.000  3.34553e-14
  4580.000  3.25880e-14
  4585.000  3.24238e-14
  4590.000  3.28645e-14
  4595.000  3.28723e-14
  4600.000  3.24298e-14
  4605.000  3.27702e-14
  4610.000  3.36776e-14
  4615.000  3.42608e-14
  4620.000  3.42359e-14
  4625.000  3.36865e-14
  4630.000  3.33980e-14
  4635.000  3.31011e-14
  4640.000  3.24069e-14
  4645.000  3.16245e-14
  4650.000  3.12854e-14
  4655.000  3.14738e-14
  4660.000  3.22036e-14
  4665.000  3.15284e-14
  4670.000  3.10700e-14
  4675.000  3.10143e-14
  4680.000  3.09104e-14
  4685.000  3.05705e-14
  4690.000  3.02959e-14
  4695.000  3.03285e-14
  4700.000  3.02864e-14
  4705.000  3.06201e-14
  4710.000  3.06623e-14
  4715.000  3.06407e-14
  4720.000  3.10798e-14
  4725.000  3.15916e-14
  4730.000  3.19116e-14
  4735.000  3.21891e-14
  4740.000  3.26168e-14
  4745.000  3.28700e-14
  4750.000  3.32391e-14
  4755.000  3.32767e-14
  4760.000  3.28037e-14
  4765.000  3.23707e-14
  4770.000  3.26348e-14
  4775.000  3.34984e-14
  4780.000  3.41666e-14
  4785.000  3.40751e-14
  4790.000  3.35824e-14
  4795.000  3.38211e-14
  4800.000  3.40226e-14
  4805.000  3.41896e-14
  4810.000  3.43358e-14
  4815.000  3.44804e-14
  4820.000  3.45946e-14
  4825.000  3.43752e-14
  4830.000  3.38015e-14
  4835.000  3.35175e-14
  4840.000  3.38377e-14
  4845.000  3.38723e-14
  4850.000  3.31528e-14
  4855.000  3.18642e-14
  4860.000  3.03966e-14
  4865.000  2.97003e-14
  4870.000  3.05648e-14
  4875.000  3.17461e-14
  4880.000  3.24826e-14
  4885.000  3.24048e-14
  4890.000  3.19510e-14
  4895.000  3.25528e-14
  4900.000  3.36057e-14
  4905.000  3.38413e-14
  4910.000  3.38441e-14
  4915.000  3.36425e-14
  4920.000  3.34149e-14
  4925.000  3.34799e-14
  4930.000  3.39295e-14
  4935.000  3.36649e-14
  4940.000  3.38323e-14
  4945.000  3.45083e-14
  4950.000  3.51749e-14
  4955.000  3.52993e-14
  4960.000  3.47646e-14
  4965.000  3.41052e-14
  4970.000  3.40901e-14
  4975.000  3.38791e-14
  4980.000  3.33679e-14
  4985.000  3.29512e-14
  4990.000  3.31525e-14
  4995.000  3.34106e-14
  5000.000  3.30369e-14
  5005.000  3.29415e-14
  5010.000  3.27678e-14
  5015.000  3.22443e-14
  5020.000  3.14565e-14
  5025.000  3.11661e-14
  5030.000  3.18787e-14
  5035.000  3.20720e-14
  5040.000  3.18363e-14
  5045.000  3.17008e-14
  5050.000  3.22517e-14
  5055.000  3.31318e-14
  5060.000  3.35579e-14
  5065.000  3.33282e-14
  5070.000  3.29451e-14
  5075.000  3.27031e-14
  5080.000  3.23716e-14
  5085.000  3.21322e-14
  5090.000  3.24920e-14
  5095.000  3.25036e-14
  5100.000  3.21400e-14
  5105.000  3.18225e-14
  5110.000  3.20956e-14
  5115.000  3.25011e-14
  5120.000  3.25612e-14
  5125.000  3.20259e-14
  5130.000  3.13257e-14
  5135.000  3.16354e-14
  5140.000  3.19867e-14
  5145.000  3.18362e-14
  5150.000  3.16487e-14
  5155.000  3.15283e-14
  5160.000  3.12816e-14
  5165.000  2.99959e-14
  5170.000  2.80106e-14
  5175.000  2.68826e-14
  5180.000  2.67042e-14
  5185.000  2.72367e-14
  5190.000  2.88629e-14
  5195.000  3.08886e-14
  5200.000  3.21759e-14
  5205.000  3.24811e-14
  5210.000  3.21310e-14
  5215.000  3.27165e-14
  5220.000  3.35006e-14
  5225.000  3.38450e-14
  5230.000  3.39430e-14
  5235.000  3.42029e-14
  5240.000  3.54038e-14
  5245.000  3.58038e-14
  5250.000  3.57451e-14
  5255.000  3.53523e-14
  5260.000  3.46698e-14
  5265.000  3.34002e-14
  5270.000  3.26251e-14
  5275.000  3.31111e-14
  5280.000  3.45755e-14
  5285.000  3.63701e-14
  5290.000  3.74736e-14
  5295.000  3.72697e-14
  5300.000  3.71076e-14
  5305.000  3.75227e-14
  5310.000  3.86821e-14
  5315.000  3.90419e-14
  5320.000  3.88031e-14
  5325.000  3.75763e-14
  5330.000  3.57316e-14
  5335.000  3.53262e-14
  5340.000  3.58281e-14
  5345.000  3.64988e-14
  5350.000  3.74827e-14
  5355.000  3.89544e-14
  5360.000  3.97888e-14
  5365.000  3.91874e-14
  5370.000  3.81477e-14
  5375.000  3.74623e-14
  5380.000  3.82438e-14
  5385.000  3.83413e-14
  5390.000  3.76735e-14
  5395.000  3.67814e-14
  5400.000  3.62696e-14
  5405.000  3.57456e-14
  5410.000  3.62014e-14
  5415.000  3.71635e-14
  5420.000  3.81439e-14
  5425.000  3.80651e-14
  5430.000  3.75259e-14
  5435.000  3.74485e-14
  5440.000  3.78178e-14
  5445.000  3.82539e-14
  5450.000  3.74738e-14
  5455.000  3.70166e-14
  5460.000  3.68520e-14
  5465.000  3.68696e-14
  5470.000  3.73988e-14
  5475.000  3.78094e-14
  5480.000  3.79858e-14
  5485.000  3.78932e-14
  5490.000  3.77945e-14
  5495.000  3.76959e-14
  5500.000  3.75972e-14
  5505.000  3.74665e-14
  5510.000  3.71582e-14
  5515.000  3.65939e-14
  5520.000  3.64653e-14
  5525.000  3.66645e-14
  5530.000  3.63022e-14
  5535.000  3.69251e-14
  5540.000  3.77979e-14
  5545.000  3.85702e-14
  5550.000  3.86727e-14
  5555.000  3.89047e-14
  5560.000  3.92186e-14
  5565.000  3.94538e-14
  5570.000  3.92375e-14
  5575.000  3.87772e-14
  5580.000  3.83484e-14
  5585.000  3.79695e-14
  5590.000  3.75952e-14
  5595.000  3.75103e-14
  5600.000  3.75773e-14
  5605.000  3.77577e-14
  5610.000  3.80096e-14
  5615.000  3.78543e-14
  5620.000  3.77028e-14
  5625.000  3.76365e-14
  5630.000  3.76573e-14
  5635.000  3.78079e-14
  5640.000  3.78673e-14
  5645.000  3.78339e-14
  5650.000  3.81155e-14
  5655.000  3.82309e-14
  5660.000  3.82785e-14
  5665.000  3.83138e-14
  5670.000  3.85517e-14
  5675.000  3.86603e-14
  5680.000  3.86967e-14
  5685.000  3.87011e-14
  5690.000  3.86523e-14
  5695.000  3.84913e-14
  5700.000  3.80631e-14
  5705.000  3.70478e-14
  5710.000  3.67937e-14
  5715.000  3.73536e-14
  5720.000  3.83770e-14
  5725.000  3.82895e-14
  5730.000  3.75921e-14
  5735.000  3.72841e-14
  5740.000  3.77956e-14
  5745.000  3.84881e-14
  5750.000  3.86583e-14
  5755.000  3.84903e-14
  5760.000  3.81487e-14
  5765.000  3.82819e-14
  5770.000  3.84770e-14
  5775.000  3.85903e-14
  5780.000  3.81419e-14
  5785.000  3.76969e-14
  5790.000  3.76520e-14
  5795.000  3.82820e-14
  5800.000  3.92541e-14
  5805.000  4.00441e-14
  5810.000  4.06194e-14
  5815.000  4.08553e-14
  5820.000  4.03049e-14
  5825.000  3.95191e-14
  5830.000  3.86817e-14
  5835.000  3.88138e-14
  5840.000  3.91140e-14
  5845.000  3.92858e-14
  5850.000  3.86837e-14
  5855.000  3.85813e-14
  5860.000  3.85203e-14
  5865.000  3.83528e-14
  5870.000  3.72118e-14
  5875.000  3.66889e-14
  5880.000  3.62319e-14
  5885.000  3.45727e-14
  5890.000  3.20355e-14
  5895.000  3.04897e-14
  5900.000  3.08339e-14
  5905.000  3.37975e-14
  5910.000  3.60698e-14
  5915.000  3.75040e-14
  5920.000  3.74500e-14
  5925.000  3.73990e-14
  5930.000  3.74053e-14
  5935.000  3.75356e-14
  5940.000  3.77105e-14
  5945.000  3.77443e-14
  5950.000  3.76448e-14
  5955.000  3.82441e-14
  5960.000  3.88668e-14
  5965.000  3.93701e-14
  5970.000  3.93089e-14
  5975.000  3.88428e-14
  5980.000  3.82547e-14
  5985.000  3.76754e-14
  5990.000  3.78857e-14
  5995.000  3.81988e-14
  6000.000  3.85179e-14
  6005.000  3.84931e-14
  6010.000  3.80548e-14
  6015.000  3.74494e-14
  6020.000  3.75172e-14
  6025.000  3.79624e-14
  6030.000  3.86843e-14
  6035.000  3.97443e-14
  6040.000  4.05818e-14
  6045.000  4.10298e-14
  6050.000  4.09118e-14
  6055.000  4.08280e-14
  6060.000  4.08623e-14
  6065.000  4.10199e-14
  6070.000  4.10671e-14
  6075.000  4.08001e-14
  6080.000  4.03014e-14
  6085.000  3.98199e-14
  6090.000  3.92424e-14
  6095.000  3.87730e-14
  6100.000  3.89275e-14
  6105.000  3.96499e-14
  6110.000  4.03488e-14
  6115.000  4.04785e-14
  6120.000  3.99684e-14
  6125.000  3.93407e-14
  6130.000  3.87613e-14
  6135.000  3.85385e-14
  6140.000  3.84436e-14
  6145.000  3.84623e-14
  6150.000  3.88965e-14
  6155.000  3.85126e-14
  6160.000  3.71769e-14
  6165.000  3.70078e-14
  6170.000  3.71447e-14
  6175.000  3.75554e-14
  6180.000  3.78786e-14
  6185.000  3.75183e-14
  6190.000  3.67638e-14
  6195.000  3.75949e-14
  6200.000  3.86421e-14
  6205.000  3.95912e-14
  6210.000  3.86064e-14
  6215.000  3.82851e-14
  6220.000  3.82003e-14
  6225.000  3.70984e-14
  6230.000  3.63911e-14
  6235.000  3.60634e-14
  6240.000  3.66336e-14
  6245.000  3.65878e-14
  6250.000  3.60755e-14
  6255.000  3.47981e-14
  6260.000  3.47649e-14
  6265.000  3.53904e-14
  6270.000  3.62031e-14
  6275.000  3.67358e-14
  6280.000  3.71979e-14
  6285.000  3.80165e-14
  6290.000  3.81517e-14
  6295.000  3.79499e-14
  6300.000  3.78410e-14
  6305.000  3.77956e-14
  6310.000  3.78055e-14
  6315.000  3.79459e-14
  6320.000  3.83514e-14
  6325.000  3.88628e-14
  6330.000  3.89162e-14
  6335.000  3.88117e-14
  6340.000  3.86264e-14
  6345.000  3.87850e-14
  6350.000  3.87342e-14
  6355.000  3.85133e-14
  6360.000  3.82127e-14
  6365.000  3.83373e-14
  6370.000  3.88673e-14
  6375.000  3.92963e-14
  6380.000  3.97975e-14
  6385.000  4.03849e-14
  6390.000  4.03391e-14
  6395.000  4.00609e-14
  6400.000  3.95061e-14
  6405.000  3.92419e-14
  6410.000  3.89990e-14
  6415.000  3.87121e-14
  6420.000  3.88289e-14
  6425.000  3.90614e-14
  6430.000  3.93363e-14
  6435.000  3.92707e-14
  6440.000  3.90638e-14
  6445.000  3.88042e-14
  6450.000  3.90205e-14
  6455.000  3.95238e-14
  6460.000  4.02097e-14
  6465.000  4.06372e-14
  6470.000  4.08520e-14
  6475.000  4.13152e-14
  6480.000  4.13706e-14
  6485.000  4.09255e-14
  6490.000  3.92439e-14
  6495.000  3.80607e-14
  6500.000  3.81072e-14
  6505.000  3.85671e-14
  6510.000  3.91129e-14
  6515.000  3.95702e-14
  6520.000  3.98392e-14
  6525.000  3.99909e-14
  6530.000  3.99419e-14
  6535.000  3.99714e-14
  6540.000  4.00668e-14
  6545.000  3.99073e-14
  6550.000  3.96143e-14
  6555.000  3.91378e-14
  6560.000  3.89037e-14
  6565.000  3.87979e-14
  6570.000  3.89142e-14
  6575.000  3.93505e-14
  6580.000  3.99109e-14
  6585.000  4.03704e-14
  6590.000  4.04799e-14
  6595.000  4.02989e-14
  6600.000  3.93613e-14
  6605.000  3.88107e-14
  6610.000  3.89107e-14
  6615.000  3.94709e-14
  6620.000  3.99019e-14
  6625.000  3.94827e-14
  6630.000  3.89430e-14
  6635.000  3.83827e-14
  6640.000  3.88172e-14
  6645.000  3.93326e-14
  6650.000  3.99441e-14
  6655.000  3.96962e-14
  6660.000  3.92510e-14
  6665.000  3.86370e-14
  6670.000  3.85338e-14
  6675.000  3.86999e-14
  6680.000  3.91538e-14
  6685.000  3.92685e-14
  6690.000  3.90124e-14
  6695.000  3.81749e-14
  6700.000  3.74942e-14
  6705.000  3.74465e-14
  6710.000  3.80762e-14
  6715.000  3.90103e-14
  6720.000  3.94756e-14
  6725.000  3.94994e-14
  6730.000  3.89876e-14
  6735.000  3.87749e-14
  6740.000  3.86738e-14
  6745.000  3.87579e-14
  6750.000  3.84811e-14
  6755.000  3.79770e-14
  6760.000  3.79721e-14
  6765.000  3.78704e-14
  6770.000  3.76054e-14
  6775.000  3.79641e-14
  6780.000  3.84305e-14
  6785.000  3.83013e-14
  6790.000  3.81855e-14
  6795.000  3.80829e-14
  6800.000  3.79998e-14
  6805.000  3.80148e-14
  6810.000  3.83095e-14
  6815.000  3.87608e-14
  6820.000  3.93059e-14
  6825.000  3.90596e-14
  6830.000  3.89446e-14
  6835.000  3.90778e-14
  6840.000  3.78986e-14
  6845.000  3.61921e-14
  6850.000  3.42496e-14
  6855.000  3.36909e-14
  6860.000  3.48741e-14
  6865.000  3.60402e-14
  6870.000  3.69397e-14
  6875.000  3.64291e-14
  6880.000  3.66120e-14
  6885.000  3.74608e-14
  6890.000  3.77398e-14
  6895.000  3.79853e-14
  6900.000  3.84459e-14
  6905.000  3.89531e-14
  6910.000  3.94968e-14
  6915.000  3.99218e-14
  6920.000  4.02461e-14
  6925.000  4.03066e-14
  6930.000  3.98129e-14
  6935.000  3.89368e-14
  6940.000  3.91645e-14
  6945.000  3.96321e-14
  6950.000  4.05294e-14
  6955.000  4.09824e-14
  6960.000  4.11465e-14
  6965.000  3.97550e-14
  6970.000  3.86456e-14
  6975.000  3.85586e-14
  6980.000  3.90569e-14
  6985.000  3.99416e-14
  6990.000  4.10814e-14
  6995.000  4.20069e-14
  7000.000  4.22585e-14
  7005.000  4.18578e-14
  7010.000  4.09852e-14
  7015.000  4.13733e-14
  7020.000  4.16361e-14
  7025.000  4.09830e-14
  7030.000  4.10734e-14
  7035.000  4.17948e-14
  7040.000  4.18972e-14
  7045.000  4.18025e-14
  7050.000  4.12545e-14
  7055.000  4.03724e-14
  7060.000  3.91319e-14
  7065.000  3.89793e-14
  7070.000  3.91390e-14
  7075.000  3.95383e-14
  7080.000  3.97667e-14
  7085.000  3.97453e-14
  7090.000  3.90782e-14
  7095.000  3.81581e-14
  7100.000  3.81646e-14
  7105.000  3.81903e-14
  7110.000  3.82591e-14
  7115.000  3.80614e-14
  7120.000  3.76926e-14
  7125.000  3.82848e-14
  7130.000  3.85989e-14
  7135.000  3.73787e-14
  7140.000  3.62220e-14
  7145.000  3.51313e-14
  7150.000  3.57220e-14
  7155.000  3.66157e-14
  7160.000  3.50854e-14
  7165.000  3.38654e-14
  7170.000  3.32133e-14
  7175.000  3.38408e-14
  7180.000  3.51990e-14
  7185.000  3.62953e-14
  7190.000  3.72685e-14
  7195.000  3.78396e-14
  7200.000  3.81811e-14
  7205.000  3.82679e-14
  7210.000  3.80974e-14
  7215.000  3.78268e-14
  7220.000  3.69147e-14
  7225.000  3.65062e-14
  7230.000  3.73108e-14
  7235.000  3.75400e-14
  7240.000  3.73216e-14
  7245.000  3.70258e-14
  7250.000  3.67638e-14
  7255.000  3.69760e-14
  7260.000  3.77873e-14
  7265.000  3.96798e-14
  7270.000  4.10692e-14
  7275.000  4.21464e-14
  7280.000  4.16849e-14
  7285.000  4.07487e-14
  7290.000  3.81283e-14
  7295.000  3.66910e-14
  7300.000  3.71273e-14
  7305.000  3.75182e-14
  7310.000  3.78831e-14
  7315.000  3.86934e-14
  7320.000  3.93419e-14
  7325.000  3.86293e-14
  7330.000  3.82243e-14
  7335.000  3.83149e-14
  7340.000  3.83069e-14
  7345.000  3.82403e-14
  7350.000  3.77259e-14
  7355.000  3.73048e-14
  7360.000  3.82008e-14
  7365.000  3.88153e-14
  7370.000  3.88985e-14
  7375.000  3.91063e-14
  7380.000  3.94037e-14
  7385.000  3.91639e-14
  7390.000  3.88501e-14
  7395.000  3.95160e-14
  7400.000  4.00026e-14
  7405.000  4.00197e-14
  7410.000  3.97297e-14
  7415.000  3.91356e-14
  7420.000  3.97748e-14
  7425.000  4.08757e-14
  7430.000  4.03693e-14
  7435.000  3.99814e-14
  7440.000  4.05731e-14
  7445.000  4.10367e-14
  7450.000  4.12995e-14
  7455.000  4.12651e-14
  7460.000  4.10373e-14
  7465.000  4.10503e-14
  7470.000  4.10999e-14
  7475.000  4.06579e-14
  7480.000  4.04760e-14
  7485.000  4.11090e-14
  7490.000  4.13039e-14
  7495.000  4.09633e-14
  7500.000  4.10158e-14
  7505.000  4.12746e-14
  7510.000  4.22045e-14
  7515.000  4.31657e-14
  7520.000  4.29272e-14
  7525.000  4.28924e-14
  7530.000  4.34406e-14
  7535.000  4.27572e-14
  7540.000  4.06103e-14
  7545.000  3.95819e-14
  7550.000  3.91531e-14
  7555.000  3.89569e-14
  7560.000  3.88105e-14
  7565.000  3.88518e-14
  7570.000  3.90933e-14
  7575.000  4.00352e-14
  7580.000  4.05352e-14
  7585.000  4.03972e-14
  7590.000  4.02293e-14
  7595.000  4.00408e-14
  7600.000  3.98518e-14
  7605.000  3.96629e-14
  7610.000  3.94656e-14
  7615.000  3.92982e-14
  7620.000  3.93288e-14
  7625.000  3.93063e-14
  7630.000  3.91642e-14
  7635.000  3.90982e-14
  7640.000  3.91142e-14
  7645.000  3.88717e-14
  7650.000  3.84909e-14
  7655.000  3.79788e-14
  7660.000  3.74385e-14
  7665.000  3.72023e-14
  7670.000  3.70828e-14
  7675.000  3.75918e-14
  7680.000  3.79765e-14
  7685.000  3.80894e-14
  7690.000  3.80153e-14
  7695.000  3.77331e-14
  7700.000  3.75383e-14
  7705.000  3.73945e-14
  7710.000  3.72573e-14
  7715.000  3.71219e-14
  7720.000  3.75018e-14
  7725.000  3.78984e-14
  7730.000  3.81366e-14
  7735.000  3.83100e-14
  7740.000  3.82788e-14
  7745.000  3.81512e-14
  7750.000  3.78712e-14
  7755.000  3.79493e-14
  7760.000  3.83444e-14
  7765.000  3.86765e-14
  7770.000  3.89780e-14
  7775.000  3.87291e-14
  7780.000  3.83539e-14
  7785.000  3.83408e-14
  7790.000  3.83582e-14
  7795.000  3.85006e-14
  7800.000  3.86484e-14
  7805.000  3.88156e-14
  7810.000  3.89771e-14
  7815.000  3.91283e-14
  7820.000  3.91507e-14
  7825.000  3.90337e-14
  7830.000  3.87365e-14
  7835.000  3.83226e-14
  7840.000  3.83213e-14
  7845.000  3.84720e-14
  7850.000  3.85361e-14
  7855.000  3.85851e-14
  7860.000  3.87552e-14
  7865.000  3.88854e-14
  7870.000  3.85831e-14
  7875.000  3.83470e-14
  7880.000  3.83662e-14
  7885.000  3.83241e-14
  7890.000  3.81514e-14
  7895.000  3.79500e-14
  7900.000  3.77106e-14
  7905.000  3.75242e-14
  7910.000  3.73832e-14
  7915.000  3.71404e-14
  7920.000  3.68420e-14
  7925.000  3.66928e-14
  7930.000  3.65939e-14
  7935.000  3.63303e-14
  7940.000  3.60380e-14
  7945.000  3.62855e-14
  7950.000  3.65768e-14
  7955.000  3.71842e-14
  7960.000  3.77364e-14
  7965.000  3.79561e-14
  7970.000  3.80992e-14
  7975.000  3.79927e-14
  7980.000  3.79467e-14
  7985.000  3.80265e-14
  7990.000  3.80013e-14
  7995.000  3.78269e-14
  8000.000  3.79878e-14
  8005.000  3.84859e-14
  8010.000  3.88814e-14
  8015.000  3.92033e-14
  8020.000  3.92753e-14
  8025.000  3.92206e-14
  8030.000  3.94914e-14
  8035.000  3.98748e-14
  8040.000  3.96331e-14
  8045.000  3.92531e-14
  8050.000  3.95004e-14
  8055.000  3.98227e-14
  8060.000  3.97925e-14
  8065.000  3.97363e-14
  8070.000  3.93105e-14
  8075.000  3.89594e-14
  8080.000  3.92577e-14
  8085.000  3.93755e-14
  8090.000  3.85945e-14
  8095.000  3.79632e-14
  8100.000  3.78302e-14
  8105.000  3.77473e-14
  8110.000  3.77858e-14
  8115.000  3.78976e-14
  8120.000  3.81460e-14
  8125.000  3.83401e-14
  8130.000  3.84542e-14
  8135.000  3.86415e-14
  8140.000  3.89156e-14
  8145.000  3.91800e-14
  8150.000  3.94352e-14
  8155.000  3.97078e-14
  8160.000  3.99940e-14
  8165.000  4.05170e-14
  8170.000  4.11948e-14
  8175.000  4.09648e-14
  8180.000  4.02427e-14
  8185.000  3.97595e-14
  8190.000  3.93837e-14
  8195.000  3.86101e-14
  8200.000  3.76893e-14
  8205.000  3.81946e-14
  8210.000  3.91318e-14
  8215.000  3.93811e-14
  8220.000  3.94598e-14
  8225.000  3.98637e-14
  8230.000  4.03323e-14
  8235.000  4.00386e-14
  8240.000  3.96245e-14
  8245.000  3.93762e-14
  8250.000  3.91485e-14
  8255.000  3.94113e-14
  8260.000  3.97191e-14
  8265.000  3.97013e-14
  8270.000  3.96623e-14
  8275.000  3.93597e-14
  8280.000  3.90463e-14
  8285.000  3.89040e-14
  8290.000  3.87658e-14
  8295.000  3.84501e-14
  8300.000  3.81347e-14
  8305.000  3.80023e-14
  8310.000  3.78759e-14
  8315.000  3.80710e-14
  8320.000  3.82489e-14
  8325.000  3.78024e-14
  8330.000  3.73681e-14
  8335.000  3.72844e-14
  8340.000  3.72115e-14
  8345.000  3.74247e-14
  8350.000  3.76396e-14
  8355.000  3.79044e-14
  8360.000  3.81559e-14
  8365.000  3.80719e-14
  8370.000  3.79803e-14
  8375.000  3.76742e-14
  8380.000  3.73776e-14
  8385.000  3.73989e-14
  8390.000  3.74239e-14
  8395.000  3.76280e-14
  8400.000  3.78325e-14
  8405.000  3.80997e-14
  8410.000  3.83666e-14
  8415.000  3.80862e-14
  8420.000  3.78045e-14
  8425.000  3.75397e-14
  8430.000  3.72756e-14
  8435.000  3.66468e-14
  8440.000  3.60049e-14
  8445.000  3.64156e-14
  8450.000  3.68887e-14
  8455.000  3.67092e-14
  8460.000  3.64741e-14
  8465.000  3.63070e-14
  8470.000  3.61480e-14
  8475.000  3.63521e-14
  8480.000  3.66114e-14
  8485.000  3.62460e-14
  8490.000  3.57601e-14
  8495.000  3.51830e-14
  8500.000  3.45846e-14
  8505.000  3.49700e-14
  8510.000  3.56468e-14
  8515.000  3.58385e-14
  8520.000  3.58539e-14
  8525.000  3.53283e-14
  8530.000  3.45647e-14
  8535.000  3.31931e-14
  8540.000  3.14983e-14
  8545.000  3.19777e-14
  8550.000  3.38574e-14
  8555.000  3.54015e-14
  8560.000  3.66820e-14
  8565.000  3.73596e-14
  8570.000  3.74612e-14
  8575.000  3.75579e-14
  8580.000  3.76490e-14
  8585.000  3.77932e-14
  8590.000  3.80154e-14
  8595.000  3.81239e-14
  8600.000  3.80197e-14
  8605.000  3.79940e-14
  8610.000  3.81613e-14
  8615.000  3.83803e-14
  8620.000  3.87756e-14
  8625.000  3.91232e-14
  8630.000  3.92283e-14
  8635.000  3.93139e-14
  8640.000  3.92191e-14
  8645.000  3.90871e-14
  8650.000  3.76110e-14
  8655.000  3.61365e-14
  8660.000  3.50196e-14
  8665.000  3.39205e-14
  8670.000  3.51501e-14
  8675.000  3.66907e-14
  8680.000  3.73810e-14
  8685.000  3.78655e-14
  8690.000  3.83127e-14
  8695.000  3.87454e-14
  8700.000  3.89181e-14
  8705.000  3.89476e-14
  8710.000  3.91648e-14
  8715.000  3.95290e-14
  8720.000  3.97362e-14
  8725.000  3.97688e-14
  8730.000  3.96332e-14
  8735.000  3.92273e-14
  8740.000  3.90203e-14
  8745.000  3.92945e-14
  8750.000  3.95624e-14
  8755.000  3.98056e-14
  8760.000  4.00053e-14
  8765.000  3.98249e-14
  8770.000  3.96455e-14
  8775.000  3.98837e-14
  8780.000  4.01217e-14
  8785.000  4.02645e-14
  8790.000  4.03966e-14
  8795.000  3.98737e-14
  8800.000  3.91846e-14
  8805.000  3.91350e-14
  8810.000  3.93716e-14
  8815.000  3.97380e-14
  8820.000  4.01975e-14
  8825.000  4.05085e-14
  8830.000  4.06519e-14
  8835.000  4.07357e-14
  8840.000  4.07116e-14
  8845.000  4.06418e-14
  8850.000  4.04261e-14
  8855.000  4.01422e-14
  8860.000  3.93535e-14
  8865.000  3.85657e-14
  8870.000  3.81824e-14
  8875.000  3.78007e-14
  8880.000  3.78701e-14
  8885.000  3.80050e-14
  8890.000  3.81645e-14
  8895.000  3.83322e-14
  8900.000  3.86830e-14
  8905.000  3.91472e-14
  8910.000  3.94777e-14
  8915.000  3.96658e-14
  8920.000  3.97149e-14
  8925.000  3.95063e-14
  8930.000  3.93345e-14
  8935.000  3.92981e-14
  8940.000  3.92801e-14
  8945.000  3.94929e-14
  8950.000  3.97055e-14
  8955.000  3.93730e-14
  8960.000  3.90009e-14
  8965.000  3.89737e-14
  8970.000  3.90402e-14
  8975.000  3.93279e-14
  8980.000  3.97403e-14
  8985.000  3.99813e-14
  8990.000  4.00437e-14
  8995.000  4.00930e-14
  9000.000  4.01168e-14
  9005.000  4.00446e-14
  9010.000  3.95362e-14
  9015.000  3.90347e-14
  9020.000  3.88071e-14
  9025.000  3.85797e-14
  9030.000  3.95709e-14
  9035.000  4.07551e-14
  9040.000  4.13030e-14
  9045.000  4.15781e-14
  9050.000  4.16214e-14
  9055.000  4.14625e-14
  9060.000  4.13318e-14
  9065.000  4.12497e-14
  9070.000  4.11799e-14
  9075.000  4.11602e-14
  9080.000  4.11243e-14
  9085.000  4.03856e-14
  9090.000  3.96476e-14
  9095.000  3.98708e-14
  9100.000  4.02686e-14
  9105.000  4.02758e-14
  9110.000  4.00889e-14
  9115.000  4.00376e-14
  9120.000  4.01290e-14
  9125.000  4.02502e-14
  9130.000  4.04399e-14
  9135.000  4.05061e-14
  9140.000  3.96442e-14
  9145.000  3.87832e-14
  9150.000  3.87804e-14
  9155.000  3.88445e-14
  9160.000  3.88102e-14
  9165.000  3.87407e-14
  9170.000  3.88577e-14
  9175.000  3.91316e-14
  9180.000  3.93205e-14
  9185.000  3.93488e-14
  9190.000  3.93775e-14
  9195.000  3.94092e-14
  9200.000  3.94408e-14
  9205.000  3.84656e-14
  9210.000  3.74315e-14
  9215.000  3.75275e-14
  9220.000  3.80215e-14
  9225.000  3.81967e-14
  9230.000  3.80923e-14
  9235.000  3.78812e-14
  9240.000  3.74442e-14
  9245.000  3.70439e-14
  9250.000  3.69422e-14
  9255.000  3.68407e-14
  9260.000  3.74697e-14
  9265.000  3.81856e-14
  9270.000  3.86844e-14
  9275.000  3.90787e-14
  9280.000  3.89389e-14
  9285.000  3.81601e-14
  9290.000  3.77605e-14
  9295.000  3.86208e-14
  9300.000  3.94706e-14
  9305.000  3.85022e-14
  9310.000  3.75348e-14
  9315.000  3.73343e-14
  9320.000  3.73540e-14
  9325.000  3.77921e-14
  9330.000  3.85775e-14
  9335.000  3.88060e-14
  9340.000  3.78036e-14
  9345.000  3.68476e-14
  9350.000  3.64532e-14
  9355.000  3.60592e-14
  9360.000  3.63780e-14
  9365.000  3.68363e-14
  9370.000  3.70360e-14
  9375.000  3.70592e-14
  9380.000  3.73108e-14
  9385.000  3.79894e-14
  9390.000  3.85411e-14
  9395.000  3.79741e-14
  9400.000  3.74076e-14
  9405.000  3.62384e-14
  9410.000  3.49653e-14
  9415.000  3.48483e-14
  9420.000  3.55035e-14
  9425.000  3.58974e-14
  9430.000  3.57917e-14
  9435.000  3.56746e-14
  9440.000  3.54330e-14
  9445.000  3.51916e-14
  9450.000  3.59018e-14
  9455.000  3.68138e-14
  9460.000  3.68557e-14
  9465.000  3.62182e-14
  9470.000  3.62380e-14
  9475.000  3.78252e-14
  9480.000  3.93479e-14
  9485.000  3.84625e-14
  9490.000  3.75781e-14
  9495.000  3.79917e-14
  9500.000  3.88281e-14
  9505.000  3.90877e-14
  9510.000  3.87202e-14
  9515.000  3.84690e-14
  9520.000  3.86764e-14
  9525.000  3.88836e-14
  9530.000  3.82213e-14
  9535.000  3.74853e-14
  9540.000  3.72423e-14
  9545.000  3.72778e-14
  9550.000  3.72180e-14
  9555.000  3.69840e-14
  9560.000  3.68021e-14
  9565.000  3.73549e-14
  9570.000  3.79070e-14
  9575.000  3.79238e-14
  9580.000  3.77846e-14
  9585.000  3.78854e-14
  9590.000  3.82447e-14
  9595.000  3.84523e-14
  9600.000  3.79925e-14
  9605.000  3.75332e-14
  9610.000  3.73194e-14
  9615.000  3.71373e-14
  9620.000  3.72728e-14
  9625.000  3.76338e-14
  9630.000  3.77549e-14
  9635.000  3.72572e-14
  9640.000  3.67601e-14
  9645.000  3.71189e-14
  9650.000  3.75021e-14
  9655.000  3.77404e-14
  9660.000  3.79047e-14
  9665.000  3.80512e-14
  9670.000  3.81648e-14
  9675.000  3.82810e-14
  9680.000  3.84763e-14
  9685.000  3.86714e-14
  9690.000  3.80379e-14
  9695.000  3.70748e-14
  9700.000  3.65448e-14
  9705.000  3.66804e-14
  9710.000  3.68423e-14
  9715.000  3.73548e-14
  9720.000  3.78667e-14
  9725.000  3.81275e-14
  9730.000  3.83013e-14
  9735.000  3.84311e-14
  9740.000  3.84987e-14
  9745.000  3.85239e-14
  9750.000  3.80683e-14
  9755.000  3.76132e-14
  9760.000  3.76248e-14
  9765.000  3.77949e-14
  9770.000  3.78450e-14
  9775.000  3.77209e-14
  9780.000  3.75746e-14
  9785.000  3.71166e-14
  9790.000  3.66592e-14
  9795.000  3.69484e-14
  9800.000  3.75222e-14
  9805.000  3.78068e-14
  9810.000  3.76135e-14
  9815.000  3.74385e-14
  9820.000  3.78955e-14
  9825.000  3.83521e-14
  9830.000  3.81770e-14
  9835.000  3.76981e-14
  9840.000  3.75811e-14
  9845.000  3.82306e-14
  9850.000  3.88794e-14
  9855.000  3.82206e-14
  9860.000  3.75121e-14
  9865.000  3.74555e-14
  9870.000  3.78279e-14
  9875.000  3.81688e-14
  9880.000  3.84103e-14
  9885.000  3.86515e-14
  9890.000  3.89825e-14
  9895.000  3.93263e-14
  9900.000  3.90240e-14
  9905.000  3.80872e-14
  9910.000  3.73655e-14
  9915.000  3.80447e-14
  9920.000  3.87233e-14
  9925.000  3.83686e-14
  9930.000  3.76834e-14
  9935.000  3.13055e-14
  9940.000  1.56449e-14
  9945.000  0.00000e+00
  9950.000  0.00000e+00
  9955.000  0.00000e+00
  9960.000  0.00000e+00
  9965.000  0.00000e+00
  9970.000  0.00000e+00
