# pickles/m0v  |  Pickles 1998, PASP 110, 863
# columns: wavelength_Angstrom  flam_erg_s_cm2_A (absolute scale arbitrary - ETC renormalizes)
  1150.000  0.00000e+00
  1155.000  0.00000e+00
  1160.000  0.00000e+00
  1165.000  0.00000e+00
  1170.000  0.00000e+00
  1175.000  0.00000e+00
  1180.000  0.00000e+00
  1185.000  0.00000e+00
  1190.000  0.00000e+00
  1195.000  0.00000e+00
  1200.000  0.00000e+00
  1205.000  0.00000e+00
  1210.000  0.00000e+00
  1215.000  0.00000e+00
  1220.000  0.00000e+00
  1225.000  0.00000e+00
  1230.000  0.00000e+00
  1235.000  0.00000e+00
  1240.000  0.00000e+00
  1245.000  0.00000e+00
  1250.000  0.00000e+00
  1255.000  0.00000e+00
  1260.000  0.00000e+00
  1265.000  0.00000e+00
  1270.000  0.00000e+00
  1275.000  0.00000e+00
  1280.000  0.00000e+00
  1285.000  0.00000e+00
  1290.000  0.00000e+00
  1295.000  0.00000e+00
  1300.000  0.00000e+00
  1305.000  0.00000e+00
  1310.000  0.00000e+00
  1315.000  0.00000e+00
  1320.000  0.00000e+00
  1325.000  0.00000e+00
  1330.000  0.00000e+00
  1335.000  0.00000e+00
  1340.000  0.00000e+00
  1345.000  0.00000e+00
  1350.000  0.00000e+00
  1355.000  0.00000e+00
  1360.000  0.00000e+00
  1365.000  0.00000e+00
  1370.000  0.00000e+00
  1375.000  0.00000e+00
  1380.000  0.00000e+00
  1385.000  0.00000e+00
  1390.000  0.00000e+00
  1395.000  0.00000e+00
  1400.000  0.00000e+00
  1405.000  0.00000e+00
  1410.000  0.00000e+00
  1415.000  0.00000e+00
  1420.000  0.00000e+00
  1425.000  0.00000e+00
  1430.000  0.00000e+00
  1435.000  0.00000e+00
  1440.000  0.00000e+00
  1445.000  0.00000e+00
  1450.000  0.00000e+00
  1455.000  0.00000e+00
  1460.000  0.00000e+00
  1465.000  0.00000e+00
  1470.000  0.00000e+00
  1475.000  0.00000e+00
  1480.000  0.00000e+00
  1485.000  0.00000e+00
  1490.000  0.00000e+00
  1495.000  0.00000e+00
  1500.000  0.00000e+00
  1505.000  0.00000e+00
  1510.000  0.00000e+00
  1515.000  0.00000e+00
  1520.000  0.00000e+00
  1525.000  0.00000e+00
  1530.000  0.00000e+00
  1535.000  0.00000e+00
  1540.000  0.00000e+00
  1545.000  0.00000e+00
  1550.000  0.00000e+00
  1555.000  0.00000e+00
  1560.000  0.00000e+00
  1565.000  0.00000e+00
  1570.000  0.00000e+00
  1575.000  0.00000e+00
  1580.000  0.00000e+00
  1585.000  0.00000e+00
  1590.000  0.00000e+00
  1595.000  0.00000e+00
  1600.000  0.00000e+00
  1605.000  0.00000e+00
  1610.000  0.00000e+00
  1615.000  0.00000e+00
  1620.000  0.00000e+00
  1625.000  0.00000e+00
  1630.000  0.00000e+00
  1635.000  0.00000e+00
  1640.000  0.00000e+00
  1645.000  0.00000e+00
  1650.000  0.00000e+00
  1655.000  0.00000e+00
  1660.000  0.00000e+00
  1665.000  0.00000e+00
  1670.000  0.00000e+00
  1675.000  0.00000e+00
  1680.000  0.00000e+00
  1685.000  0.00000e+00
  1690.000  0.00000e+00
  1695.000  0.00000e+00
  1700.000  0.00000e+00
  1705.000  0.00000e+00
  1710.000  0.00000e+00
  1715.000  0.00000e+00
  1720.000  0.00000e+00
  1725.000  0.00000e+00
  1730.000  0.00000e+00
  1735.000  0.00000e+00
  1740.000  0.00000e+00
  1745.000  0.00000e+00
  1750.000  0.00000e+00
  1755.000  0.00000e+00
  1760.000  0.00000e+00
  1765.000  0.00000e+00
  1770.000  0.00000e+00
  1775.000  0.00000e+00
  1780.000  0.00000e+00
  1785.000  0.00000e+00
  1790.000  0.00000e+00
  1795.000  0.00000e+00
  1800.000  0.00000e+00
  1805.000  0.00000e+00
  1810.000  0.00000e+00
  1815.000  0.00000e+00
  1820.000  0.00000e+00
  1825.000  0.00000e+00
  1830.000  0.00000e+00
  1835.000  0.00000e+00
  1840.000  0.00000e+00
  1845.000  0.00000e+00
  1850.000  0.00000e+00
  1855.000  0.00000e+00
  1860.000  0.00000e+00
  1865.000  0.00000e+00
  1870.000  0.00000e+00
  1875.000  0.00000e+00
  1880.000  0.00000e+00
  1885.000  0.00000e+00
  1890.000  0.00000e+00
  1895.000  0.00000e+00
  1900.000  0.00000e+00
  1905.000  0.00000e+00
  1910.000  0.00000e+00
  1915.000  0.00000e+00
  1920.000  0.00000e+00
  1925.000  0.00000e+00
  1930.000  0.00000e+00
  1935.000  0.00000e+00
  1940.000  0.00000e+00
  1945.000  0.00000e+00
  1950.000  0.00000e+00
  1955.000  0.00000e+00
  1960.000  0.00000e+00
  1965.000  0.00000e+00
  1970.000  0.00000e+00
  1975.000  0.00000e+00
  1980.000  0.00000e+00
  1985.000  0.00000e+00
  1990.000  0.00000e+00
  1995.000  0.00000e+00
  2000.000  0.00000e+00
  2005.000  0.00000e+00
  2010.000  0.00000e+00
  2015.000  0.00000e+00
  2020.000  0.00000e+00
  2025.000  0.00000e+00
  2030.000  0.00000e+00
  2035.000  0.00000e+00
  2040.000  0.00000e+00
  2045.000  0.00000e+00
  2050.000  0.00000e+00
  2055.000  0.00000e+00
  2060.000  0.00000e+00
  2065.000  0.00000e+00
  2070.000  0.00000e+00
  2075.000  0.00000e+00
  2080.000  0.00000e+00
  2085.000  0.00000e+00
  2090.000  0.00000e+00
  2095.000  0.00000e+00
  2100.000  0.00000e+00
  2105.000  0.00000e+00
  2110.000  0.00000e+00
  2115.000  0.00000e+00
  2120.000  0.00000e+00
  2125.000  0.00000e+00
  2130.000  0.00000e+00
  2135.000  0.00000e+00
  2140.000  0.00000e+00
  2145.000  0.00000e+00
  2150.000  0.00000e+00
  2155.000  0.00000e+00
  2160.000  0.00000e+00
  2165.000  0.00000e+00
  2170.000  0.00000e+00
  2175.000  0.00000e+00
  2180.000  0.00000e+00
  2185.000  0.00000e+00
  2190.000  0.00000e+00
  2195.000  0.00000e+00
  2200.000  0.00000e+00
  2205.000  0.00000e+00
  2210.000  0.00000e+00
  2215.000  0.00000e+00
  2220.000  0.00000e+00
  2225.000  0.00000e+00
  2230.000  0.00000e+00
  2235.000  0.00000e+00
  2240.000  0.00000e+00
  2245.000  0.00000e+00
  2250.000  0.00000e+00
  2255.000  0.00000e+00
  2260.000  0.00000e+00
  2265.000  0.00000e+00
  2270.000  0.00000e+00
  2275.000  0.00000e+00
  2280.000  0.00000e+00
  2285.000  0.00000e+00
  2290.000  0.00000e+00
  2295.000  0.00000e+00
  2300.000  0.00000e+00
  2305.000  0.00000e+00
  2310.000  0.00000e+00
  2315.000  0.00000e+00
  2320.000  0.00000e+00
  2325.000  0.00000e+00
  2330.000  0.00000e+00
  2335.000  0.00000e+00
  2340.000  0.00000e+00
  2345.000  0.00000e+00
  2350.000  0.00000e+00
  2355.000  0.00000e+00
  2360.000  0.00000e+00
  2365.000  0.00000e+00
  2370.000  0.00000e+00
  2375.000  0.00000e+00
  2380.000  0.00000e+00
  2385.000  0.00000e+00
  2390.000  0.00000e+00
  2395.000  0.00000e+00
  2400.000  0.00000e+00
  2405.000  0.00000e+00
  2410.000  0.00000e+00
  2415.000  0.00000e+00
  2420.000  0.00000e+00
  2425.000  0.00000e+00
  2430.000  0.00000e+00
  2435.000  0.00000e+00
  2440.000  0.00000e+00
  2445.000  0.00000e+00
  2450.000  0.00000e+00
  2455.000  0.00000e+00
  2460.000  0.00000e+00
  2465.000  0.00000e+00
  2470.000  0.00000e+00
  2475.000  0.00000e+00
  2480.000  0.00000e+00
  2485.000  0.00000e+00
  2490.000  0.00000e+00
  2495.000  0.00000e+00
  2500.000  0.00000e+00
  2505.000  0.00000e+00
  2510.000  0.00000e+00
  2515.000  0.00000e+00
  2520.000  0.00000e+00
  2525.000  0.00000e+00
  2530.000  0.00000e+00
  2535.000  0.00000e+00
  2540.000  0.00000e+00
  2545.000  0.00000e+00
  2550.000  0.00000e+00
  2555.000  0.00000e+00
  2560.000  0.00000e+00
  2565.000  1.00000e-06
  2570.000  1.00000e-06
  2575.000  1.00000e-06
  2580.000  1.00000e-06
  2585.000  1.00000e-06
  2590.000  1.00000e-06
  2595.000  0.00000e+00
  2600.000  0.00000e+00
  2605.000  0.00000e+00
  2610.000  0.00000e+00
  2615.000  0.00000e+00
  2620.000  0.00000e+00
  2625.000  0.00000e+00
  2630.000  0.00000e+00
  2635.000  0.00000e+00
  2640.000  0.00000e+00
  2645.000  0.00000e+00
  2650.000  0.00000e+00
  2655.000  2.00000e-06
  2660.000  5.00000e-06
  2665.000  7.00000e-06
  2670.000  9.00000e-06
  2675.000  1.10000e-05
  2680.000  1.20000e-05
  2685.000  1.10000e-05
  2690.000  9.00000e-06
  2695.000  6.00000e-06
  2700.000  0.00000e+00
  2705.000  0.00000e+00
  2710.000  0.00000e+00
  2715.000  0.00000e+00
  2720.000  0.00000e+00
  2725.000  0.00000e+00
  2730.000  0.00000e+00
  2735.000  0.00000e+00
  2740.000  0.00000e+00
  2745.000  0.00000e+00
  2750.000  0.00000e+00
  2755.000  2.90000e-05
  2760.000  6.30000e-05
  2765.000  9.80000e-05
  2770.000  1.29000e-04
  2775.000  1.51000e-04
  2780.000  1.62000e-04
  2785.000  1.56000e-04
  2790.000  1.30000e-04
  2795.000  8.00000e-05
  2800.000  0.00000e+00
  2805.000  0.00000e+00
  2810.000  0.00000e+00
  2815.000  0.00000e+00
  2820.000  0.00000e+00
  2825.000  0.00000e+00
  2830.000  0.00000e+00
  2835.000  0.00000e+00
  2840.000  0.00000e+00
  2845.000  0.00000e+00
  2850.000  0.00000e+00
  2855.000  4.14000e-04
  2860.000  9.28000e-04
  2865.000  1.51900e-03
  2870.000  2.16400e-03
  2875.000  2.83800e-03
  2880.000  3.51900e-03
  2885.000  4.18400e-03
  2890.000  4.80900e-03
  2895.000  5.37000e-03
  2900.000  5.84400e-03
  2905.000  6.21500e-03
  2910.000  6.48900e-03
  2915.000  6.68000e-03
  2920.000  6.80100e-03
  2925.000  6.86600e-03
  2930.000  6.88800e-03
  2935.000  6.88100e-03
  2940.000  6.85800e-03
  2945.000  6.83200e-03
  2950.000  6.81800e-03
  2955.000  6.82600e-03
  2960.000  6.85700e-03
  2965.000  6.91000e-03
  2970.000  6.98400e-03
  2975.000  7.07700e-03
  2980.000  7.18900e-03
  2985.000  7.31700e-03
  2990.000  7.46200e-03
  2995.000  7.62000e-03
  3000.000  7.79200e-03
  3005.000  7.97700e-03
  3010.000  8.17700e-03
  3015.000  8.39500e-03
  3020.000  8.63500e-03
  3025.000  8.90000e-03
  3030.000  9.19400e-03
  3035.000  9.51800e-03
  3040.000  9.87800e-03
  3045.000  1.02750e-02
  3050.000  1.07140e-02
  3055.000  1.11970e-02
  3060.000  1.17240e-02
  3065.000  1.22960e-02
  3070.000  1.29120e-02
  3075.000  1.35720e-02
  3080.000  1.42760e-02
  3085.000  1.50240e-02
  3090.000  1.58160e-02
  3095.000  1.66530e-02
  3100.000  1.75320e-02
  3105.000  1.84570e-02
  3110.000  1.94280e-02
  3115.000  2.04480e-02
  3120.000  2.15210e-02
  3125.000  2.26490e-02
  3130.000  2.38350e-02
  3135.000  2.50830e-02
  3140.000  2.63940e-02
  3145.000  2.77730e-02
  3150.000  2.92210e-02
  3155.000  3.07340e-02
  3160.000  5.07220e-02
  3165.000  5.15550e-02
  3170.000  5.20300e-02
  3175.000  5.17360e-02
  3180.000  5.00230e-02
  3185.000  4.67400e-02
  3190.000  4.39460e-02
  3195.000  4.34240e-02
  3200.000  4.63520e-02
  3205.000  4.51390e-02
  3210.000  4.62600e-02
  3215.000  5.22180e-02
  3220.000  5.43450e-02
  3225.000  4.46170e-02
  3230.000  2.87730e-02
  3235.000  1.60310e-02
  3240.000  1.57680e-02
  3245.000  3.28010e-02
  3250.000  5.35370e-02
  3255.000  6.37070e-02
  3260.000  6.47410e-02
  3265.000  6.19380e-02
  3270.000  6.03810e-02
  3275.000  6.36060e-02
  3280.000  6.91800e-02
  3285.000  7.36970e-02
  3290.000  7.58200e-02
  3295.000  7.47390e-02
  3300.000  6.96680e-02
  3305.000  6.18230e-02
  3310.000  6.03780e-02
  3315.000  7.16630e-02
  3320.000  8.26710e-02
  3325.000  8.11120e-02
  3330.000  7.68960e-02
  3335.000  8.12590e-02
  3340.000  8.85340e-02
  3345.000  9.04940e-02
  3350.000  8.55650e-02
  3355.000  7.55040e-02
  3360.000  6.87350e-02
  3365.000  7.18840e-02
  3370.000  7.76970e-02
  3375.000  7.86610e-02
  3380.000  8.00900e-02
  3385.000  8.78170e-02
  3390.000  9.69070e-02
  3395.000  1.01159e-01
  3400.000  1.00055e-01
  3405.000  9.53860e-02
  3410.000  9.25000e-02
  3415.000  9.52250e-02
  3420.000  9.77540e-02
  3425.000  9.44280e-02
  3430.000  8.98070e-02
  3435.000  8.86810e-02
  3440.000  8.65320e-02
  3445.000  7.94840e-02
  3450.000  7.55410e-02
  3455.000  8.17350e-02
  3460.000  8.93400e-02
  3465.000  8.94020e-02
  3470.000  8.77960e-02
  3475.000  9.10310e-02
  3480.000  9.32930e-02
  3485.000  8.91320e-02
  3490.000  8.68640e-02
  3495.000  9.44500e-02
  3500.000  1.04659e-01
  3505.000  1.08555e-01
  3510.000  1.05561e-01
  3515.000  9.85490e-02
  3520.000  9.58160e-02
  3525.000  1.03803e-01
  3530.000  1.16101e-01
  3535.000  1.24795e-01
  3540.000  1.28793e-01
  3545.000  1.28229e-01
  3550.000  1.21318e-01
  3555.000  1.07537e-01
  3560.000  9.33340e-02
  3565.000  8.48600e-02
  3570.000  8.01180e-02
  3575.000  7.62540e-02
  3580.000  7.51270e-02
  3585.000  7.84420e-02
  3590.000  8.25840e-02
  3595.000  8.37340e-02
  3600.000  8.25710e-02
  3605.000  8.12950e-02
  3610.000  8.36630e-02
  3615.000  9.17440e-02
  3620.000  9.92880e-02
  3625.000  1.00292e-01
  3630.000  9.80630e-02
  3635.000  9.73940e-02
  3640.000  9.97230e-02
  3645.000  1.05797e-01
  3650.000  1.16948e-01
  3655.000  1.32261e-01
  3660.000  1.41259e-01
  3665.000  1.35113e-01
  3670.000  1.21158e-01
  3675.000  1.09586e-01
  3680.000  1.05871e-01
  3685.000  1.11740e-01
  3690.000  1.18641e-01
  3695.000  1.18243e-01
  3700.000  1.13366e-01
  3705.000  1.08545e-01
  3710.000  1.04040e-01
  3715.000  9.93390e-02
  3720.000  9.51050e-02
  3725.000  9.15960e-02
  3730.000  8.62840e-02
  3735.000  7.81620e-02
  3740.000  7.51030e-02
  3745.000  8.30330e-02
  3750.000  9.12110e-02
  3755.000  9.00470e-02
  3760.000  9.12160e-02
  3765.000  1.06254e-01
  3770.000  1.24899e-01
  3775.000  1.34484e-01
  3780.000  1.34532e-01
  3785.000  1.28374e-01
  3790.000  1.22380e-01
  3795.000  1.21662e-01
  3800.000  1.23274e-01
  3805.000  1.22708e-01
  3810.000  1.17284e-01
  3815.000  1.06229e-01
  3820.000  9.45780e-02
  3825.000  8.81240e-02
  3830.000  8.98780e-02
  3835.000  1.00324e-01
  3840.000  1.12643e-01
  3845.000  1.19424e-01
  3850.000  1.18225e-01
  3855.000  1.10309e-01
  3860.000  1.06795e-01
  3865.000  1.15070e-01
  3870.000  1.17719e-01
  3875.000  1.00400e-01
  3880.000  8.58520e-02
  3885.000  9.64980e-02
  3890.000  1.16397e-01
  3895.000  1.25878e-01
  3900.000  1.28693e-01
  3905.000  1.31843e-01
  3910.000  1.31884e-01
  3915.000  1.25086e-01
  3920.000  1.17025e-01
  3925.000  1.14014e-01
  3930.000  1.16038e-01
  3935.000  1.21029e-01
  3940.000  1.25072e-01
  3945.000  1.25170e-01
  3950.000  1.23866e-01
  3955.000  1.24943e-01
  3960.000  1.31590e-01
  3965.000  1.45343e-01
  3970.000  1.61702e-01
  3975.000  1.76117e-01
  3980.000  1.89872e-01
  3985.000  2.04696e-01
  3990.000  2.18265e-01
  3995.000  2.28015e-01
  4000.000  2.34477e-01
  4005.000  2.39300e-01
  4010.000  2.45503e-01
  4015.000  2.54623e-01
  4020.000  2.60878e-01
  4025.000  2.58482e-01
  4030.000  2.48932e-01
  4035.000  2.37436e-01
  4040.000  2.36747e-01
  4045.000  2.54974e-01
  4050.000  2.74081e-01
  4055.000  2.76246e-01
  4060.000  2.70633e-01
  4065.000  2.70072e-01
  4070.000  2.75050e-01
  4075.000  2.83788e-01
  4080.000  2.97782e-01
  4085.000  3.15919e-01
  4090.000  3.23392e-01
  4095.000  3.09245e-01
  4100.000  2.91625e-01
  4105.000  2.89692e-01
  4110.000  2.97548e-01
  4115.000  3.05378e-01
  4120.000  3.12754e-01
  4125.000  3.19954e-01
  4130.000  3.20708e-01
  4135.000  3.11100e-01
  4140.000  3.03178e-01
  4145.000  3.08199e-01
  4150.000  3.18294e-01
  4155.000  3.23249e-01
  4160.000  3.22598e-01
  4165.000  3.18529e-01
  4170.000  3.14088e-01
  4175.000  3.11862e-01
  4180.000  3.11761e-01
  4185.000  3.12736e-01
  4190.000  3.12575e-01
  4195.000  3.10225e-01
  4200.000  3.10434e-01
  4205.000  3.14270e-01
  4210.000  3.02290e-01
  4215.000  2.59543e-01
  4220.000  2.09533e-01
  4225.000  1.81265e-01
  4230.000  1.87270e-01
  4235.000  2.27236e-01
  4240.000  2.65947e-01
  4245.000  2.72550e-01
  4250.000  2.68529e-01
  4255.000  2.79617e-01
  4260.000  2.96189e-01
  4265.000  3.03077e-01
  4270.000  2.98283e-01
  4275.000  2.85518e-01
  4280.000  2.78158e-01
  4285.000  2.85944e-01
  4290.000  2.94412e-01
  4295.000  2.90548e-01
  4300.000  2.91328e-01
  4305.000  3.14221e-01
  4310.000  3.48657e-01
  4315.000  3.78811e-01
  4320.000  3.95872e-01
  4325.000  3.97532e-01
  4330.000  4.00505e-01
  4335.000  4.18517e-01
  4340.000  4.34333e-01
  4345.000  4.31093e-01
  4350.000  4.24414e-01
  4355.000  4.31399e-01
  4360.000  4.42645e-01
  4365.000  4.44225e-01
  4370.000  4.30655e-01
  4375.000  4.04452e-01
  4380.000  3.91714e-01
  4385.000  4.12260e-01
  4390.000  4.37214e-01
  4395.000  4.37240e-01
  4400.000  4.29867e-01
  4405.000  4.37204e-01
  4410.000  4.52830e-01
  4415.000  4.64579e-01
  4420.000  4.65839e-01
  4425.000  4.56745e-01
  4430.000  4.58889e-01
  4435.000  4.87374e-01
  4440.000  5.09923e-01
  4445.000  4.96697e-01
  4450.000  4.75014e-01
  4455.000  4.78770e-01
  4460.000  5.11013e-01
  4465.000  5.62653e-01
  4470.000  6.06867e-01
  4475.000  6.21810e-01
  4480.000  6.23270e-01
  4485.000  6.30497e-01
  4490.000  6.38949e-01
  4495.000  6.42163e-01
  4500.000  6.49783e-01
  4505.000  6.68926e-01
  4510.000  6.80505e-01
  4515.000  6.65283e-01
  4520.000  6.29649e-01
  4525.000  5.88344e-01
  4530.000  5.63918e-01
  4535.000  5.74085e-01
  4540.000  6.09423e-01
  4545.000  6.54625e-01
  4550.000  6.97983e-01
  4555.000  7.30149e-01
  4560.000  7.47623e-01
  4565.000  7.50460e-01
  4570.000  7.47116e-01
  4575.000  7.45924e-01
  4580.000  7.46332e-01
  4585.000  7.46341e-01
  4590.000  7.47052e-01
  4595.000  7.51061e-01
  4600.000  7.63841e-01
  4605.000  7.86917e-01
  4610.000  8.03137e-01
  4615.000  7.98522e-01
  4620.000  7.90477e-01
  4625.000  7.96009e-01
  4630.000  7.99172e-01
  4635.000  7.83388e-01
  4640.000  7.62515e-01
  4645.000  7.53369e-01
  4650.000  7.54171e-01
  4655.000  7.58614e-01
  4660.000  7.60897e-01
  4665.000  7.57417e-01
  4670.000  7.52882e-01
  4675.000  7.53094e-01
  4680.000  7.59937e-01
  4685.000  7.71487e-01
  4690.000  7.74529e-01
  4695.000  7.59668e-01
  4700.000  7.44084e-01
  4705.000  7.45428e-01
  4710.000  7.56656e-01
  4715.000  7.65978e-01
  4720.000  7.67303e-01
  4725.000  7.58291e-01
  4730.000  7.45889e-01
  4735.000  7.37685e-01
  4740.000  7.34531e-01
  4745.000  7.33112e-01
  4750.000  7.20194e-01
  4755.000  6.86014e-01
  4760.000  6.44627e-01
  4765.000  6.12890e-01
  4770.000  5.95034e-01
  4775.000  5.91319e-01
  4780.000  5.98731e-01
  4785.000  6.14090e-01
  4790.000  6.36829e-01
  4795.000  6.65858e-01
  4800.000  6.95381e-01
  4805.000  7.18485e-01
  4810.000  7.28513e-01
  4815.000  7.21673e-01
  4820.000  7.05386e-01
  4825.000  6.89263e-01
  4830.000  6.80465e-01
  4835.000  6.84046e-01
  4840.000  6.99075e-01
  4845.000  7.20818e-01
  4850.000  7.35302e-01
  4855.000  7.31432e-01
  4860.000  7.18850e-01
  4865.000  7.09038e-01
  4870.000  7.00095e-01
  4875.000  6.88950e-01
  4880.000  6.81245e-01
  4885.000  6.83724e-01
  4890.000  6.98841e-01
  4895.000  7.24057e-01
  4900.000  7.41150e-01
  4905.000  7.35936e-01
  4910.000  7.26053e-01
  4915.000  7.30833e-01
  4920.000  7.44548e-01
  4925.000  7.57177e-01
  4930.000  7.66565e-01
  4935.000  7.72323e-01
  4940.000  7.73272e-01
  4945.000  7.67340e-01
  4950.000  7.49673e-01
  4955.000  7.20076e-01
  4960.000  6.99768e-01
  4965.000  7.05613e-01
  4970.000  7.15633e-01
  4975.000  7.06065e-01
  4980.000  6.84856e-01
  4985.000  6.66042e-01
  4990.000  6.56289e-01
  4995.000  6.56593e-01
  5000.000  6.52628e-01
  5005.000  6.33719e-01
  5010.000  6.19121e-01
  5015.000  6.27277e-01
  5020.000  6.43433e-01
  5025.000  6.49317e-01
  5030.000  6.45778e-01
  5035.000  6.38567e-01
  5040.000  6.33909e-01
  5045.000  6.35593e-01
  5050.000  6.37168e-01
  5055.000  6.31733e-01
  5060.000  6.20799e-01
  5065.000  6.07845e-01
  5070.000  5.95804e-01
  5075.000  5.87235e-01
  5080.000  5.83739e-01
  5085.000  5.85377e-01
  5090.000  5.87013e-01
  5095.000  5.83665e-01
  5100.000  5.76176e-01
  5105.000  5.67252e-01
  5110.000  5.61223e-01
  5115.000  5.60634e-01
  5120.000  5.59253e-01
  5125.000  5.53171e-01
  5130.000  5.56527e-01
  5135.000  5.79443e-01
  5140.000  5.97914e-01
  5145.000  5.89929e-01
  5150.000  5.75589e-01
  5155.000  5.75330e-01
  5160.000  5.68811e-01
  5165.000  5.35650e-01
  5170.000  4.96056e-01
  5175.000  4.76449e-01
  5180.000  4.87480e-01
  5185.000  5.28086e-01
  5190.000  5.66108e-01
  5195.000  5.72665e-01
  5200.000  5.63080e-01
  5205.000  5.62744e-01
  5210.000  5.93110e-01
  5215.000  6.62088e-01
  5220.000  7.27358e-01
  5225.000  7.50291e-01
  5230.000  7.57261e-01
  5235.000  7.79934e-01
  5240.000  8.06149e-01
  5245.000  8.15623e-01
  5250.000  7.99419e-01
  5255.000  7.56754e-01
  5260.000  7.08104e-01
  5265.000  6.78152e-01
  5270.000  6.87145e-01
  5275.000  7.42162e-01
  5280.000  8.02049e-01
  5285.000  8.26463e-01
  5290.000  8.26533e-01
  5295.000  8.24571e-01
  5300.000  8.36146e-01
  5305.000  8.66586e-01
  5310.000  8.86999e-01
  5315.000  8.71069e-01
  5320.000  8.37003e-01
  5325.000  8.09702e-01
  5330.000  7.96309e-01
  5335.000  7.98302e-01
  5340.000  8.12239e-01
  5345.000  8.34043e-01
  5350.000  8.61998e-01
  5355.000  8.92557e-01
  5360.000  9.12483e-01
  5365.000  9.12316e-01
  5370.000  9.07388e-01
  5375.000  9.13752e-01
  5380.000  9.25538e-01
  5385.000  9.31536e-01
  5390.000  9.21114e-01
  5395.000  8.90305e-01
  5400.000  8.61239e-01
  5405.000  8.57674e-01
  5410.000  8.83773e-01
  5415.000  9.32377e-01
  5420.000  9.70628e-01
  5425.000  9.70337e-01
  5430.000  9.47692e-01
  5435.000  9.26810e-01
  5440.000  9.19168e-01
  5445.000  9.28700e-01
  5450.000  9.41817e-01
  5455.000  9.45398e-01
  5460.000  9.45722e-01
  5465.000  9.50676e-01
  5470.000  9.55181e-01
  5475.000  9.54693e-01
  5480.000  9.59764e-01
  5485.000  9.79093e-01
  5490.000  9.98846e-01
  5495.000  1.00291e+00
  5500.000  9.88545e-01
  5505.000  9.60492e-01
  5510.000  9.39938e-01
  5515.000  9.45861e-01
  5520.000  9.71930e-01
  5525.000  1.00473e+00
  5530.000  1.02782e+00
  5535.000  1.03106e+00
  5540.000  1.03257e+00
  5545.000  1.04944e+00
  5550.000  1.06630e+00
  5555.000  1.06524e+00
  5560.000  1.05034e+00
  5565.000  1.03104e+00
  5570.000  1.01590e+00
  5575.000  1.00995e+00
  5580.000  1.00486e+00
  5585.000  9.90807e-01
  5590.000  9.65275e-01
  5595.000  9.33573e-01
  5600.000  9.25049e-01
  5605.000  9.60947e-01
  5610.000  1.00605e+00
  5615.000  1.02257e+00
  5620.000  1.01891e+00
  5625.000  1.01335e+00
  5630.000  1.01764e+00
  5635.000  1.03748e+00
  5640.000  1.06090e+00
  5645.000  1.07504e+00
  5650.000  1.08119e+00
  5655.000  1.08259e+00
  5660.000  1.07630e+00
  5665.000  1.06228e+00
  5670.000  1.05820e+00
  5675.000  1.07755e+00
  5680.000  1.09922e+00
  5685.000  1.10112e+00
  5690.000  1.09170e+00
  5695.000  1.08297e+00
  5700.000  1.07054e+00
  5705.000  1.05125e+00
  5710.000  1.04325e+00
  5715.000  1.06129e+00
  5720.000  1.08513e+00
  5725.000  1.09418e+00
  5730.000  1.10146e+00
  5735.000  1.12197e+00
  5740.000  1.14500e+00
  5745.000  1.15707e+00
  5750.000  1.15940e+00
  5755.000  1.15688e+00
  5760.000  1.15439e+00
  5765.000  1.15568e+00
  5770.000  1.15989e+00
  5775.000  1.16500e+00
  5780.000  1.16901e+00
  5785.000  1.17065e+00
  5790.000  1.17160e+00
  5795.000  1.17430e+00
  5800.000  1.18116e+00
  5805.000  1.16921e+00
  5810.000  1.16981e+00
  5815.000  1.17004e+00
  5820.000  1.17140e+00
  5825.000  1.17796e+00
  5830.000  1.17630e+00
  5835.000  1.16616e+00
  5840.000  1.16260e+00
  5845.000  1.15460e+00
  5850.000  1.14275e+00
  5855.000  1.11082e+00
  5860.000  1.07834e+00
  5865.000  1.05980e+00
  5870.000  1.02679e+00
  5875.000  9.84982e-01
  5880.000  9.14936e-01
  5885.000  7.97623e-01
  5890.000  6.81722e-01
  5895.000  6.72328e-01
  5900.000  7.94067e-01
  5905.000  8.96830e-01
  5910.000  9.53621e-01
  5915.000  9.91752e-01
  5920.000  1.02599e+00
  5925.000  1.04939e+00
  5930.000  1.06968e+00
  5935.000  1.09292e+00
  5940.000  1.10856e+00
  5945.000  1.11090e+00
  5950.000  1.10962e+00
  5955.000  1.10434e+00
  5960.000  1.11474e+00
  5965.000  1.12500e+00
  5970.000  1.12802e+00
  5975.000  1.13310e+00
  5980.000  1.13434e+00
  5985.000  1.13943e+00
  5990.000  1.15291e+00
  5995.000  1.15717e+00
  6000.000  1.14563e+00
  6005.000  1.14274e+00
  6010.000  1.13872e+00
  6015.000  1.13283e+00
  6020.000  1.14032e+00
  6025.000  1.16968e+00
  6030.000  1.19155e+00
  6035.000  1.21016e+00
  6040.000  1.19226e+00
  6045.000  1.22266e+00
  6050.000  1.22030e+00
  6055.000  1.21523e+00
  6060.000  1.21212e+00
  6065.000  1.20218e+00
  6070.000  1.21554e+00
  6075.000  1.21597e+00
  6080.000  1.19798e+00
  6085.000  1.19178e+00
  6090.000  1.19002e+00
  6095.000  1.18689e+00
  6100.000  1.15854e+00
  6105.000  1.12746e+00
  6110.000  1.15999e+00
  6115.000  1.17371e+00
  6120.000  1.09411e+00
  6125.000  1.09930e+00
  6130.000  1.17330e+00
  6135.000  1.15983e+00
  6140.000  1.16794e+00
  6145.000  1.18022e+00
  6150.000  1.15638e+00
  6155.000  1.11809e+00
  6160.000  1.01807e+00
  6165.000  9.74637e-01
  6170.000  1.02003e+00
  6175.000  1.05952e+00
  6180.000  1.08697e+00
  6185.000  1.08524e+00
  6190.000  1.05176e+00
  6195.000  1.06597e+00
  6200.000  1.07673e+00
  6205.000  1.09109e+00
  6210.000  1.06999e+00
  6215.000  1.02440e+00
  6220.000  1.00861e+00
  6225.000  9.97047e-01
  6230.000  9.83830e-01
  6235.000  9.93527e-01
  6240.000  9.88817e-01
  6245.000  9.88167e-01
  6250.000  1.00521e+00
  6255.000  1.00212e+00
  6260.000  1.00753e+00
  6265.000  1.03822e+00
  6270.000  1.05136e+00
  6275.000  1.05277e+00
  6280.000  1.06039e+00
  6285.000  1.08439e+00
  6290.000  1.09893e+00
  6295.000  1.09076e+00
  6300.000  1.09630e+00
  6305.000  1.11655e+00
  6310.000  1.13627e+00
  6315.000  1.14361e+00
  6320.000  1.14833e+00
  6325.000  1.17045e+00
  6330.000  1.17279e+00
  6335.000  1.17411e+00
  6340.000  1.18501e+00
  6345.000  1.19070e+00
  6350.000  1.20547e+00
  6355.000  1.19144e+00
  6360.000  1.16442e+00
  6365.000  1.16194e+00
  6370.000  1.16804e+00
  6375.000  1.15829e+00
  6380.000  1.12666e+00
  6385.000  1.12038e+00
  6390.000  1.12879e+00
  6395.000  1.15063e+00
  6400.000  1.16654e+00
  6405.000  1.19800e+00
  6410.000  1.21119e+00
  6415.000  1.22662e+00
  6420.000  1.22258e+00
  6425.000  1.24299e+00
  6430.000  1.24581e+00
  6435.000  1.23463e+00
  6440.000  1.22995e+00
  6445.000  1.26483e+00
  6450.000  1.25441e+00
  6455.000  1.27360e+00
  6460.000  1.27203e+00
  6465.000  1.24981e+00
  6470.000  1.28619e+00
  6475.000  1.29658e+00
  6480.000  1.30396e+00
  6485.000  1.29705e+00
  6490.000  1.28601e+00
  6495.000  1.24115e+00
  6500.000  1.27731e+00
  6505.000  1.32722e+00
  6510.000  1.35504e+00
  6515.000  1.36325e+00
  6520.000  1.38009e+00
  6525.000  1.38990e+00
  6530.000  1.39414e+00
  6535.000  1.40158e+00
  6540.000  1.41026e+00
  6545.000  1.39386e+00
  6550.000  1.38008e+00
  6555.000  1.36726e+00
  6560.000  1.35370e+00
  6565.000  1.33186e+00
  6570.000  1.34818e+00
  6575.000  1.34965e+00
  6580.000  1.37463e+00
  6585.000  1.38185e+00
  6590.000  1.38123e+00
  6595.000  1.36772e+00
  6600.000  1.39026e+00
  6605.000  1.39003e+00
  6610.000  1.37840e+00
  6615.000  1.38195e+00
  6620.000  1.36967e+00
  6625.000  1.36344e+00
  6630.000  1.35880e+00
  6635.000  1.35484e+00
  6640.000  1.35479e+00
  6645.000  1.34830e+00
  6650.000  1.33799e+00
  6655.000  1.31868e+00
  6660.000  1.31348e+00
  6665.000  1.30245e+00
  6670.000  1.31211e+00
  6675.000  1.29727e+00
  6680.000  1.27178e+00
  6685.000  1.26979e+00
  6690.000  1.26967e+00
  6695.000  1.26598e+00
  6700.000  1.26761e+00
  6705.000  1.26607e+00
  6710.000  1.25911e+00
  6715.000  1.22805e+00
  6720.000  1.20715e+00
  6725.000  1.22742e+00
  6730.000  1.22940e+00
  6735.000  1.23119e+00
  6740.000  1.22797e+00
  6745.000  1.21537e+00
  6750.000  1.20214e+00
  6755.000  1.20720e+00
  6760.000  1.21752e+00
  6765.000  1.21148e+00
  6770.000  1.21166e+00
  6775.000  1.22058e+00
  6780.000  1.20609e+00
  6785.000  1.18468e+00
  6790.000  1.18385e+00
  6795.000  1.18144e+00
  6800.000  1.18575e+00
  6805.000  1.18488e+00
  6810.000  1.18481e+00
  6815.000  1.18389e+00
  6820.000  1.18391e+00
  6825.000  1.19404e+00
  6830.000  1.19886e+00
  6835.000  1.18252e+00
  6840.000  1.18803e+00
  6845.000  1.19369e+00
  6850.000  1.19945e+00
  6855.000  1.20526e+00
  6860.000  1.21110e+00
  6865.000  1.21694e+00
  6870.000  1.22276e+00
  6875.000  1.22855e+00
  6880.000  1.23427e+00
  6885.000  1.23990e+00
  6890.000  1.24543e+00
  6895.000  1.25083e+00
  6900.000  1.25607e+00
  6905.000  1.26115e+00
  6910.000  1.26611e+00
  6915.000  1.27100e+00
  6920.000  1.27588e+00
  6925.000  1.28079e+00
  6930.000  1.28580e+00
  6935.000  1.29095e+00
  6940.000  1.29630e+00
  6945.000  1.30191e+00
  6950.000  1.30782e+00
  6955.000  1.31406e+00
  6960.000  1.32053e+00
  6965.000  1.32710e+00
  6970.000  1.33362e+00
  6975.000  1.33997e+00
  6980.000  1.30850e+00
  6985.000  1.32614e+00
  6990.000  1.32267e+00
  6995.000  1.32456e+00
  7000.000  1.33082e+00
  7005.000  1.34177e+00
  7010.000  1.33905e+00
  7015.000  1.34228e+00
  7020.000  1.34805e+00
  7025.000  1.35809e+00
  7030.000  1.37966e+00
  7035.000  1.39323e+00
  7040.000  1.40268e+00
  7045.000  1.42310e+00
  7050.000  1.40976e+00
  7055.000  1.36093e+00
  7060.000  1.33724e+00
  7065.000  1.33337e+00
  7070.000  1.33923e+00
  7075.000  1.34850e+00
  7080.000  1.33044e+00
  7085.000  1.31332e+00
  7090.000  1.28263e+00
  7095.000  1.28420e+00
  7100.000  1.29033e+00
  7105.000  1.29424e+00
  7110.000  1.29765e+00
  7115.000  1.29456e+00
  7120.000  1.29519e+00
  7125.000  1.25753e+00
  7130.000  1.22510e+00
  7135.000  1.22064e+00
  7140.000  1.22592e+00
  7145.000  1.22964e+00
  7150.000  1.23296e+00
  7155.000  1.27869e+00
  7160.000  1.28142e+00
  7165.000  1.28469e+00
  7170.000  1.29324e+00
  7175.000  1.29150e+00
  7180.000  1.29192e+00
  7185.000  1.27180e+00
  7190.000  1.26401e+00
  7195.000  1.27098e+00
  7200.000  1.24650e+00
  7205.000  1.23975e+00
  7210.000  1.27033e+00
  7215.000  1.30502e+00
  7220.000  1.33398e+00
  7225.000  1.34093e+00
  7230.000  1.34017e+00
  7235.000  1.34247e+00
  7240.000  1.34195e+00
  7245.000  1.34410e+00
  7250.000  1.35587e+00
  7255.000  1.35909e+00
  7260.000  1.37213e+00
  7265.000  1.37336e+00
  7270.000  1.38465e+00
  7275.000  1.37642e+00
  7280.000  1.40113e+00
  7285.000  1.41566e+00
  7290.000  1.40825e+00
  7295.000  1.42833e+00
  7300.000  1.43543e+00
  7305.000  1.43323e+00
  7310.000  1.43619e+00
  7315.000  1.43863e+00
  7320.000  1.43676e+00
  7325.000  1.42913e+00
  7330.000  1.43370e+00
  7335.000  1.45833e+00
  7340.000  1.46777e+00
  7345.000  1.45312e+00
  7350.000  1.45831e+00
  7355.000  1.44403e+00
  7360.000  1.44183e+00
  7365.000  1.45769e+00
  7370.000  1.47778e+00
  7375.000  1.48924e+00
  7380.000  1.49019e+00
  7385.000  1.48605e+00
  7390.000  1.47585e+00
  7395.000  1.48073e+00
  7400.000  1.46989e+00
  7405.000  1.48661e+00
  7410.000  1.48422e+00
  7415.000  1.48292e+00
  7420.000  1.48384e+00
  7425.000  1.48952e+00
  7430.000  1.49755e+00
  7435.000  1.49914e+00
  7440.000  1.49785e+00
  7445.000  1.49042e+00
  7450.000  1.49478e+00
  7455.000  1.50951e+00
  7460.000  1.49531e+00
  7465.000  1.48544e+00
  7470.000  1.50212e+00
  7475.000  1.50174e+00
  7480.000  1.49919e+00
  7485.000  1.49497e+00
  7490.000  1.48165e+00
  7495.000  1.47372e+00
  7500.000  1.49258e+00
  7505.000  1.49094e+00
  7510.000  1.48416e+00
  7515.000  1.49688e+00
  7520.000  1.50537e+00
  7525.000  1.50282e+00
  7530.000  1.50610e+00
  7535.000  1.51489e+00
  7540.000  1.51720e+00
  7545.000  1.51395e+00
  7550.000  1.51190e+00
  7555.000  1.51048e+00
  7560.000  1.50876e+00
  7565.000  1.50676e+00
  7570.000  1.50451e+00
  7575.000  1.50205e+00
  7580.000  1.49940e+00
  7585.000  1.49659e+00
  7590.000  1.49365e+00
  7595.000  1.49061e+00
  7600.000  1.48749e+00
  7605.000  1.48433e+00
  7610.000  1.48115e+00
  7615.000  1.47798e+00
  7620.000  1.47484e+00
  7625.000  1.47176e+00
  7630.000  1.46877e+00
  7635.000  1.46590e+00
  7640.000  1.46316e+00
  7645.000  1.46059e+00
  7650.000  1.45821e+00
  7655.000  1.45604e+00
  7660.000  1.45408e+00
  7665.000  1.45230e+00
  7670.000  1.45068e+00
  7675.000  1.44922e+00
  7680.000  1.44789e+00
  7685.000  1.44667e+00
  7690.000  1.44555e+00
  7695.000  1.44451e+00
  7700.000  1.44354e+00
  7705.000  1.44262e+00
  7710.000  1.44175e+00
  7715.000  1.44096e+00
  7720.000  1.44026e+00
  7725.000  1.43965e+00
  7730.000  1.43916e+00
  7735.000  1.45652e+00
  7740.000  1.45678e+00
  7745.000  1.45103e+00
  7750.000  1.43886e+00
  7755.000  1.44856e+00
  7760.000  1.45520e+00
  7765.000  1.45956e+00
  7770.000  1.46997e+00
  7775.000  1.47638e+00
  7780.000  1.46281e+00
  7785.000  1.46331e+00
  7790.000  1.46284e+00
  7795.000  1.46719e+00
  7800.000  1.46444e+00
  7805.000  1.46579e+00
  7810.000  1.46705e+00
  7815.000  1.47049e+00
  7820.000  1.46611e+00
  7825.000  1.46639e+00
  7830.000  1.45830e+00
  7835.000  1.45458e+00
  7840.000  1.47097e+00
  7845.000  1.48113e+00
  7850.000  1.48205e+00
  7855.000  1.48442e+00
  7860.000  1.48864e+00
  7865.000  1.49045e+00
  7870.000  1.48973e+00
  7875.000  1.48940e+00
  7880.000  1.49247e+00
  7885.000  1.49527e+00
  7890.000  1.49241e+00
  7895.000  1.48758e+00
  7900.000  1.48253e+00
  7905.000  1.47677e+00
  7910.000  1.46988e+00
  7915.000  1.46478e+00
  7920.000  1.46438e+00
  7925.000  1.46191e+00
  7930.000  1.46388e+00
  7935.000  1.45187e+00
  7940.000  1.44527e+00
  7945.000  1.43831e+00
  7950.000  1.44120e+00
  7955.000  1.45761e+00
  7960.000  1.45996e+00
  7965.000  1.46494e+00
  7970.000  1.47555e+00
  7975.000  1.47970e+00
  7980.000  1.47671e+00
  7985.000  1.48299e+00
  7990.000  1.48447e+00
  7995.000  1.48014e+00
  8000.000  1.47316e+00
  8005.000  1.49293e+00
  8010.000  1.49468e+00
  8015.000  1.49341e+00
  8020.000  1.49437e+00
  8025.000  1.48281e+00
  8030.000  1.48421e+00
  8035.000  1.48807e+00
  8040.000  1.48920e+00
  8045.000  1.48134e+00
  8050.000  1.48682e+00
  8055.000  1.50012e+00
  8060.000  1.50386e+00
  8065.000  1.49947e+00
  8070.000  1.48732e+00
  8075.000  1.48782e+00
  8080.000  1.49030e+00
  8085.000  1.46732e+00
  8090.000  1.48808e+00
  8095.000  1.49036e+00
  8100.000  1.49352e+00
  8105.000  1.50124e+00
  8110.000  1.50399e+00
  8115.000  1.50287e+00
  8120.000  1.51078e+00
  8125.000  1.52729e+00
  8130.000  1.52136e+00
  8135.000  1.52325e+00
  8140.000  1.52284e+00
  8145.000  1.51199e+00
  8150.000  1.50089e+00
  8155.000  1.49333e+00
  8160.000  1.46501e+00
  8165.000  1.45890e+00
  8170.000  1.47567e+00
  8175.000  1.45303e+00
  8180.000  1.41300e+00
  8185.000  1.36656e+00
  8190.000  1.37581e+00
  8195.000  1.32430e+00
  8200.000  1.36013e+00
  8205.000  1.41770e+00
  8210.000  1.44047e+00
  8215.000  1.45510e+00
  8220.000  1.45029e+00
  8225.000  1.42631e+00
  8230.000  1.41121e+00
  8235.000  1.44779e+00
  8240.000  1.47355e+00
  8245.000  1.47230e+00
  8250.000  1.48545e+00
  8255.000  1.48563e+00
  8260.000  1.49508e+00
  8265.000  1.51014e+00
  8270.000  1.50263e+00
  8275.000  1.49173e+00
  8280.000  1.48811e+00
  8285.000  1.48872e+00
  8290.000  1.48097e+00
  8295.000  1.48820e+00
  8300.000  1.48271e+00
  8305.000  1.47288e+00
  8310.000  1.46989e+00
  8315.000  1.46139e+00
  8320.000  1.44901e+00
  8325.000  1.44668e+00
  8330.000  1.43531e+00
  8335.000  1.45299e+00
  8340.000  1.46675e+00
  8345.000  1.48704e+00
  8350.000  1.49207e+00
  8355.000  1.49979e+00
  8360.000  1.50435e+00
  8365.000  1.49688e+00
  8370.000  1.50296e+00
  8375.000  1.49829e+00
  8380.000  1.47891e+00
  8385.000  1.45475e+00
  8390.000  1.46521e+00
  8395.000  1.48802e+00
  8400.000  1.49376e+00
  8405.000  1.50126e+00
  8410.000  1.49872e+00
  8415.000  1.49189e+00
  8420.000  1.49927e+00
  8425.000  1.49188e+00
  8430.000  1.49223e+00
  8435.000  1.46569e+00
  8440.000  1.49140e+00
  8445.000  1.50934e+00
  8450.000  1.50266e+00
  8455.000  1.49659e+00
  8460.000  1.49432e+00
  8465.000  1.48346e+00
  8470.000  1.47602e+00
  8475.000  1.48439e+00
  8480.000  1.49191e+00
  8485.000  1.49466e+00
  8490.000  1.48780e+00
  8495.000  1.44636e+00
  8500.000  1.42142e+00
  8505.000  1.45265e+00
  8510.000  1.46397e+00
  8515.000  1.44027e+00
  8520.000  1.43913e+00
  8525.000  1.44578e+00
  8530.000  1.43112e+00
  8535.000  1.39923e+00
  8540.000  1.30065e+00
  8545.000  1.29315e+00
  8550.000  1.35665e+00
  8555.000  1.40347e+00
  8560.000  1.41789e+00
  8565.000  1.43489e+00
  8570.000  1.45646e+00
  8575.000  1.47689e+00
  8580.000  1.49310e+00
  8585.000  1.49524e+00
  8590.000  1.50547e+00
  8595.000  1.50312e+00
  8600.000  1.50068e+00
  8605.000  1.49523e+00
  8610.000  1.47976e+00
  8615.000  1.47234e+00
  8620.000  1.47414e+00
  8625.000  1.48094e+00
  8630.000  1.49149e+00
  8635.000  1.49083e+00
  8640.000  1.49311e+00
  8645.000  1.48964e+00
  8650.000  1.47642e+00
  8655.000  1.44471e+00
  8660.000  1.36735e+00
  8665.000  1.33073e+00
  8670.000  1.38498e+00
  8675.000  1.37900e+00
  8680.000  1.38291e+00
  8685.000  1.37517e+00
  8690.000  1.37183e+00
  8695.000  1.41168e+00
  8700.000  1.44091e+00
  8705.000  1.46356e+00
  8710.000  1.46642e+00
  8715.000  1.47034e+00
  8720.000  1.47718e+00
  8725.000  1.48317e+00
  8730.000  1.48166e+00
  8735.000  1.46868e+00
  8740.000  1.47737e+00
  8745.000  1.48140e+00
  8750.000  1.47268e+00
  8755.000  1.46155e+00
  8760.000  1.45281e+00
  8765.000  1.44636e+00
  8770.000  1.43595e+00
  8775.000  1.43155e+00
  8780.000  1.43443e+00
  8785.000  1.43898e+00
  8790.000  1.45136e+00
  8795.000  1.44788e+00
  8800.000  1.43603e+00
  8805.000  1.40189e+00
  8810.000  1.40014e+00
  8815.000  1.42888e+00
  8820.000  1.42174e+00
  8825.000  1.39209e+00
  8830.000  1.41907e+00
  8835.000  1.43302e+00
  8840.000  1.43212e+00
  8845.000  1.44498e+00
  8850.000  1.44726e+00
  8855.000  1.44726e+00
  8860.000  1.45183e+00
  8865.000  1.42752e+00
  8870.000  1.41182e+00
  8875.000  1.41519e+00
  8880.000  1.41317e+00
  8885.000  1.40712e+00
  8890.000  1.41133e+00
  8895.000  1.40663e+00
  8900.000  1.41139e+00
  8905.000  1.41382e+00
  8910.000  1.41640e+00
  8915.000  1.41703e+00
  8920.000  1.41490e+00
  8925.000  1.40991e+00
  8930.000  1.41156e+00
  8935.000  1.40669e+00
  8940.000  1.40490e+00
  8945.000  1.39523e+00
  8950.000  1.39790e+00
  8955.000  1.39776e+00
  8960.000  1.41051e+00
  8965.000  1.40357e+00
  8970.000  1.40463e+00
  8975.000  1.40818e+00
  8980.000  1.40284e+00
  8985.000  1.37404e+00
  8990.000  1.35005e+00
  8995.000  1.37775e+00
  9000.000  1.37923e+00
  9005.000  1.37341e+00
  9010.000  1.37942e+00
  9015.000  1.37734e+00
  9020.000  1.39656e+00
  9025.000  1.40469e+00
  9030.000  1.43630e+00
  9035.000  1.45784e+00
  9040.000  1.46645e+00
  9045.000  1.47177e+00
  9050.000  1.46861e+00
  9055.000  1.46120e+00
  9060.000  1.44643e+00
  9065.000  1.43044e+00
  9070.000  1.40852e+00
  9075.000  1.40120e+00
  9080.000  1.39410e+00
  9085.000  1.39163e+00
  9090.000  1.40042e+00
  9095.000  1.42379e+00
  9100.000  1.42276e+00
  9105.000  1.42707e+00
  9110.000  1.43525e+00
  9115.000  1.42499e+00
  9120.000  1.41309e+00
  9125.000  1.41040e+00
  9130.000  1.38966e+00
  9135.000  1.38381e+00
  9140.000  1.38952e+00
  9145.000  1.39011e+00
  9150.000  1.37735e+00
  9155.000  1.37360e+00
  9160.000  1.39320e+00
  9165.000  1.40203e+00
  9170.000  1.37634e+00
  9175.000  1.37706e+00
  9180.000  1.39772e+00
  9185.000  1.40832e+00
  9190.000  1.41505e+00
  9195.000  1.41696e+00
  9200.000  1.41896e+00
  9205.000  1.42474e+00
  9210.000  1.42967e+00
  9215.000  1.43279e+00
  9220.000  1.43313e+00
  9225.000  1.42999e+00
  9230.000  1.42364e+00
  9235.000  1.41463e+00
  9240.000  1.40350e+00
  9245.000  1.39127e+00
  9250.000  1.38087e+00
  9255.000  1.37566e+00
  9260.000  1.37904e+00
  9265.000  1.39281e+00
  9270.000  1.41251e+00
  9275.000  1.43215e+00
  9280.000  1.44570e+00
  9285.000  1.44873e+00
  9290.000  1.44310e+00
  9295.000  1.43228e+00
  9300.000  1.41970e+00
  9305.000  1.40865e+00
  9310.000  1.40174e+00
  9315.000  1.40141e+00
  9320.000  1.41010e+00
  9325.000  1.42845e+00
  9330.000  1.44991e+00
  9335.000  1.46614e+00
  9340.000  1.46879e+00
  9345.000  1.45242e+00
  9350.000  1.42331e+00
  9355.000  1.39065e+00
  9360.000  1.36366e+00
  9365.000  1.34980e+00
  9370.000  1.34968e+00
  9375.000  1.36218e+00
  9380.000  1.38616e+00
  9385.000  1.41934e+00
  9390.000  1.45478e+00
  9395.000  1.48440e+00
  9400.000  1.50010e+00
  9405.000  1.49618e+00
  9410.000  1.47652e+00
  9415.000  1.44739e+00
  9420.000  1.41507e+00
  9425.000  1.38520e+00
  9430.000  1.36094e+00
  9435.000  1.34480e+00
  9440.000  1.33930e+00
  9445.000  1.34568e+00
  9450.000  1.36010e+00
  9455.000  1.37743e+00
  9460.000  1.39253e+00
  9465.000  1.40139e+00
  9470.000  1.40427e+00
  9475.000  1.40254e+00
  9480.000  1.39757e+00
  9485.000  1.39069e+00
  9490.000  1.38316e+00
  9495.000  1.37617e+00
  9500.000  1.37095e+00
  9505.000  1.36857e+00
  9510.000  1.36954e+00
  9515.000  1.37423e+00
  9520.000  1.38301e+00
  9525.000  1.39566e+00
  9530.000  1.40961e+00
  9535.000  1.42169e+00
  9540.000  1.42876e+00
  9545.000  1.42857e+00
  9550.000  1.42257e+00
  9555.000  1.41310e+00
  9560.000  1.40252e+00
  9565.000  1.39278e+00
  9570.000  1.38434e+00
  9575.000  1.37725e+00
  9580.000  1.37158e+00
  9585.000  1.36745e+00
  9590.000  1.36527e+00
  9595.000  1.36548e+00
  9600.000  1.36855e+00
  9605.000  1.37439e+00
  9610.000  1.38077e+00
  9615.000  1.38490e+00
  9620.000  1.38400e+00
  9625.000  1.37633e+00
  9630.000  1.36429e+00
  9635.000  1.35131e+00
  9640.000  1.34082e+00
  9645.000  1.33543e+00
  9650.000  1.33440e+00
  9655.000  1.33618e+00
  9660.000  1.33917e+00
  9665.000  1.34206e+00
  9670.000  1.34453e+00
  9675.000  1.34652e+00
  9680.000  1.34798e+00
  9685.000  1.34884e+00
  9690.000  1.34895e+00
  9695.000  1.34815e+00
  9700.000  1.34628e+00
  9705.000  1.34342e+00
  9710.000  1.34055e+00
  9715.000  1.33893e+00
  9720.000  1.33977e+00
  9725.000  1.34372e+00
  9730.000  1.34905e+00
  9735.000  1.35343e+00
  9740.000  1.35456e+00
  9745.000  1.35093e+00
  9750.000  1.34439e+00
  9755.000  1.33994e+00
  9760.000  1.33268e+00
  9765.000  1.34157e+00
  9770.000  1.34338e+00
  9775.000  1.34360e+00
  9780.000  1.34234e+00
  9785.000  1.32258e+00
  9790.000  1.33385e+00
  9795.000  1.33819e+00
  9800.000  1.33603e+00
  9805.000  1.33946e+00
  9810.000  1.34793e+00
  9815.000  1.34982e+00
  9820.000  1.34801e+00
  9825.000  1.33732e+00
  9830.000  1.34440e+00
  9835.000  1.34940e+00
  9840.000  1.33912e+00
  9845.000  1.34543e+00
  9850.000  1.34861e+00
  9855.000  1.34535e+00
  9860.000  1.35064e+00
  9865.000  1.34793e+00
  9870.000  1.32336e+00
  9875.000  1.32825e+00
  9880.000  1.35175e+00
  9885.000  1.34008e+00
  9890.000  1.33229e+00
  9895.000  1.32396e+00
  9900.000  1.32014e+00
  9905.000  1.32550e+00
  9910.000  1.30135e+00
  9915.000  1.30254e+00
  9920.000  1.30089e+00
  9925.000  1.30869e+00
  9930.000  1.30903e+00
  9935.000  1.31132e+00
  9940.000  1.31175e+00
  9945.000  1.31939e+00
  9950.000  1.34568e+00
  9955.000  1.32268e+00
  9960.000  1.31135e+00
  9965.000  1.32014e+00
  9970.000  1.31404e+00
  9975.000  1.32332e+00
  9980.000  1.31084e+00
  9985.000  1.30183e+00
  9990.000  1.32093e+00
  9995.000  1.31554e+00
 10000.000  1.31584e+00
 10005.000  1.31475e+00
 10010.000  1.32405e+00
 10015.000  1.32583e+00
 10020.000  1.36240e+00
 10025.000  1.34313e+00
 10030.000  1.32316e+00
 10035.000  1.30860e+00
 10040.000  1.29840e+00
 10045.000  1.30691e+00
 10050.000  1.30227e+00
 10055.000  1.28729e+00
 10060.000  1.33660e+00
 10065.000  1.32917e+00
 10070.000  1.30213e+00
 10075.000  1.28343e+00
 10080.000  1.28319e+00
 10085.000  1.29561e+00
 10090.000  1.29783e+00
 10095.000  1.29577e+00
 10100.000  1.28938e+00
 10105.000  1.29822e+00
 10110.000  1.30619e+00
 10115.000  1.31304e+00
 10120.000  1.31850e+00
 10125.000  1.32223e+00
 10130.000  1.32342e+00
 10135.000  1.32117e+00
 10140.000  1.31458e+00
 10145.000  1.30358e+00
 10150.000  1.29140e+00
 10155.000  1.28213e+00
 10160.000  1.27984e+00
 10165.000  1.28697e+00
 10170.000  1.29933e+00
 10175.000  1.31113e+00
 10180.000  1.31654e+00
 10185.000  1.31144e+00
 10190.000  1.29850e+00
 10195.000  1.28207e+00
 10200.000  1.26651e+00
 10205.000  1.25530e+00
 10210.000  1.24837e+00
 10215.000  1.24476e+00
 10220.000  1.24353e+00
 10225.000  1.24392e+00
 10230.000  1.24589e+00
 10235.000  1.24960e+00
 10240.000  1.25523e+00
 10245.000  1.26279e+00
 10250.000  1.27173e+00
 10255.000  1.28137e+00
 10260.000  1.29102e+00
 10265.000  1.29996e+00
 10270.000  1.30737e+00
 10275.000  1.31243e+00
 10280.000  1.31428e+00
 10285.000  1.31242e+00
 10290.000  1.30769e+00
 10295.000  1.30125e+00
 10300.000  1.29428e+00
 10305.000  1.28919e+00
 10310.000  1.28585e+00
 10315.000  1.28270e+00
 10320.000  1.27968e+00
 10325.000  1.27676e+00
 10330.000  1.27400e+00
 10335.000  1.27148e+00
 10340.000  1.26927e+00
 10345.000  1.26755e+00
 10350.000  1.26680e+00
 10355.000  1.26761e+00
 10360.000  1.27056e+00
 10365.000  1.27581e+00
 10370.000  1.28196e+00
 10375.000  1.28718e+00
 10380.000  1.28965e+00
 10385.000  1.28822e+00
 10390.000  1.28433e+00
 10395.000  1.28008e+00
 10400.000  1.27759e+00
 10405.000  1.27835e+00
 10410.000  1.28151e+00
 10415.000  1.28559e+00
 10420.000  1.28912e+00
 10425.000  1.29095e+00
 10430.000  1.29111e+00
 10435.000  1.28993e+00
 10440.000  1.28775e+00
 10445.000  1.28486e+00
 10450.000  1.28138e+00
 10455.000  1.27737e+00
 10460.000  1.27290e+00
 10465.000  1.26820e+00
 10470.000  1.26416e+00
 10475.000  1.26184e+00
 10480.000  1.26229e+00
 10485.000  1.26597e+00
 10490.000  1.27096e+00
 10495.000  1.27476e+00
 10500.000  1.27485e+00
