# pickles/k2v  |  Pickles 1998, PASP 110, 863
# columns: wavelength_Angstrom  flam_erg_s_cm2_A (absolute scale arbitrary - ETC renormalizes)
  1150.000  5.52000e-04
  1155.000  2.68000e-04
  1160.000  1.17800e-03
  1165.000  1.87000e-03
  1170.000  1.68700e-03
  1175.000  1.93100e-03
  1180.000  9.97000e-04
  1185.000  2.13000e-04
  1190.000  3.75000e-04
  1195.000  1.77000e-04
  1200.000  1.99000e-03
  1205.000  6.39400e-03
  1210.000  2.98270e-02
  1215.000  4.70220e-02
  1220.000  2.28770e-02
  1225.000  3.95800e-03
  1230.000  8.04000e-04
  1235.000  8.10000e-04
  1240.000  8.91000e-04
  1245.000  4.89000e-04
  1250.000  5.18000e-04
  1255.000  5.74000e-04
  1260.000  9.18000e-04
  1265.000  6.46000e-04
  1270.000  1.67000e-04
  1275.000  2.09000e-04
  1280.000  2.09000e-04
  1285.000  2.15000e-04
  1290.000  3.32000e-04
  1295.000  3.37000e-04
  1300.000  1.42100e-03
  1305.000  1.75600e-03
  1310.000  6.69000e-04
  1315.000  4.04000e-04
  1320.000  3.52000e-04
  1325.000  5.14000e-04
  1330.000  1.29700e-03
  1335.000  2.44900e-03
  1340.000  8.01000e-04
  1345.000  2.56000e-04
  1350.000  5.49000e-04
  1355.000  5.63000e-04
  1360.000  4.00000e-04
  1365.000  3.34000e-04
  1370.000  2.09000e-04
  1375.000  1.11000e-04
  1380.000  2.48000e-04
  1385.000  4.10000e-04
  1390.000  7.70000e-04
  1395.000  7.48000e-04
  1400.000  4.68000e-04
  1405.000  5.96000e-04
  1410.000  4.50000e-04
  1415.000  4.53000e-04
  1420.000  4.78000e-04
  1425.000  4.91000e-04
  1430.000  2.94000e-04
  1435.000  2.80000e-04
  1440.000  3.20000e-04
  1445.000  3.88000e-04
  1450.000  4.63000e-04
  1455.000  3.15000e-04
  1460.000  4.34000e-04
  1465.000  5.40000e-04
  1470.000  6.36000e-04
  1475.000  7.22000e-04
  1480.000  6.70000e-04
  1485.000  7.88000e-04
  1490.000  6.33000e-04
  1495.000  7.25000e-04
  1500.000  8.21000e-04
  1505.000  5.34000e-04
  1510.000  4.19000e-04
  1515.000  4.87000e-04
  1520.000  5.58000e-04
  1525.000  7.06000e-04
  1530.000  7.05000e-04
  1535.000  7.17000e-04
  1540.000  6.82000e-04
  1545.000  2.20300e-03
  1550.000  2.84200e-03
  1555.000  1.15400e-03
  1560.000  1.10200e-03
  1565.000  6.84000e-04
  1570.000  5.37000e-04
  1575.000  7.74000e-04
  1580.000  5.56000e-04
  1585.000  6.36000e-04
  1590.000  6.73000e-04
  1595.000  6.95000e-04
  1600.000  6.55000e-04
  1605.000  8.55000e-04
  1610.000  5.35000e-04
  1615.000  4.99000e-04
  1620.000  3.85000e-04
  1625.000  5.09000e-04
  1630.000  6.68000e-04
  1635.000  1.17700e-03
  1640.000  1.97900e-03
  1645.000  9.45000e-04
  1650.000  5.02000e-04
  1655.000  1.59800e-03
  1660.000  1.70300e-03
  1665.000  1.08400e-03
  1670.000  9.84000e-04
  1675.000  5.95000e-04
  1680.000  3.26000e-04
  1685.000  3.09000e-04
  1690.000  4.08000e-04
  1695.000  6.71000e-04
  1700.000  6.29000e-04
  1705.000  5.41000e-04
  1710.000  7.65000e-04
  1715.000  8.71000e-04
  1720.000  7.26000e-04
  1725.000  5.42000e-04
  1730.000  3.92000e-04
  1735.000  5.37000e-04
  1740.000  6.44000e-04
  1745.000  6.13000e-04
  1750.000  6.79000e-04
  1755.000  6.54000e-04
  1760.000  6.11000e-04
  1765.000  5.77000e-04
  1770.000  5.06000e-04
  1775.000  5.78000e-04
  1780.000  6.12000e-04
  1785.000  5.60000e-04
  1790.000  6.40000e-04
  1795.000  6.78000e-04
  1800.000  9.03000e-04
  1805.000  1.98700e-03
  1810.000  2.82700e-03
  1815.000  4.02800e-03
  1820.000  3.78400e-03
  1825.000  1.40700e-03
  1830.000  9.83000e-04
  1835.000  8.72000e-04
  1840.000  8.89000e-04
  1845.000  8.96000e-04
  1850.000  9.62000e-04
  1855.000  1.10100e-03
  1860.000  1.14500e-03
  1865.000  1.05600e-03
  1870.000  1.01000e-03
  1875.000  1.11000e-03
  1880.000  1.16300e-03
  1885.000  1.22900e-03
  1890.000  1.32600e-03
  1895.000  1.33300e-03
  1900.000  1.36700e-03
  1905.000  1.23200e-03
  1910.000  1.10400e-03
  1915.000  1.18900e-03
  1920.000  1.24700e-03
  1925.000  1.21700e-03
  1930.000  1.35300e-03
  1935.000  1.28400e-03
  1940.000  1.30300e-03
  1945.000  1.39800e-03
  1950.000  2.00100e-03
  1955.000  4.24700e-03
  1960.000  2.67400e-03
  1965.000  3.92000e-04
  1970.000  1.65500e-03
  1975.000  3.95800e-03
  1980.000  2.06700e-03
  1985.000  1.95000e-03
  1990.000  9.59000e-04
  1995.000  1.28000e-03
  2000.000  3.98200e-03
  2005.000  3.55200e-03
  2010.000  2.96200e-03
  2015.000  4.44600e-03
  2020.000  3.80100e-03
  2025.000  3.30200e-03
  2030.000  1.79100e-03
  2035.000  2.25800e-03
  2040.000  1.53800e-03
  2045.000  1.46100e-03
  2050.000  1.82000e-03
  2055.000  2.70800e-03
  2060.000  3.05700e-03
  2065.000  2.93000e-03
  2070.000  2.80700e-03
  2075.000  3.71500e-03
  2080.000  4.33100e-03
  2085.000  3.18300e-03
  2090.000  3.54900e-03
  2095.000  3.68000e-03
  2100.000  3.44600e-03
  2105.000  3.43600e-03
  2110.000  5.35400e-03
  2115.000  5.22400e-03
  2120.000  5.04900e-03
  2125.000  5.87800e-03
  2130.000  6.36400e-03
  2135.000  5.53500e-03
  2140.000  5.28600e-03
  2145.000  6.55900e-03
  2150.000  4.77700e-03
  2155.000  6.11800e-03
  2160.000  7.30400e-03
  2165.000  6.26800e-03
  2170.000  6.78700e-03
  2175.000  6.84500e-03
  2180.000  6.43000e-03
  2185.000  6.32000e-03
  2190.000  8.51300e-03
  2195.000  9.73200e-03
  2200.000  9.59700e-03
  2205.000  7.50200e-03
  2210.000  7.36500e-03
  2215.000  8.37300e-03
  2220.000  7.80200e-03
  2225.000  8.95000e-03
  2230.000  1.03060e-02
  2235.000  1.18310e-02
  2240.000  1.22200e-02
  2245.000  1.10110e-02
  2250.000  1.23560e-02
  2255.000  1.35050e-02
  2260.000  1.28490e-02
  2265.000  1.08090e-02
  2270.000  9.87200e-03
  2275.000  9.41100e-03
  2280.000  1.02730e-02
  2285.000  1.30380e-02
  2290.000  1.18440e-02
  2295.000  1.11860e-02
  2300.000  1.34390e-02
  2305.000  1.45120e-02
  2310.000  1.33150e-02
  2315.000  1.20850e-02
  2320.000  1.21240e-02
  2325.000  1.47600e-02
  2330.000  1.87270e-02
  2335.000  1.93970e-02
  2340.000  1.80410e-02
  2345.000  1.85200e-02
  2350.000  1.75470e-02
  2355.000  1.52350e-02
  2360.000  1.73060e-02
  2365.000  2.03850e-02
  2370.000  1.95840e-02
  2375.000  1.96370e-02
  2380.000  2.20450e-02
  2385.000  2.29520e-02
  2390.000  2.10480e-02
  2395.000  1.87560e-02
  2400.000  2.18120e-02
  2405.000  2.09350e-02
  2410.000  2.04400e-02
  2415.000  1.88450e-02
  2420.000  1.66440e-02
  2425.000  1.80930e-02
  2430.000  2.09540e-02
  2435.000  2.09610e-02
  2440.000  1.96700e-02
  2445.000  2.25650e-02
  2450.000  2.33610e-02
  2455.000  2.25480e-02
  2460.000  2.17350e-02
  2465.000  2.04980e-02
  2470.000  1.99700e-02
  2475.000  2.00370e-02
  2480.000  2.12410e-02
  2485.000  1.90150e-02
  2490.000  1.64620e-02
  2495.000  1.95300e-02
  2500.000  2.45480e-02
  2505.000  2.56340e-02
  2510.000  2.47610e-02
  2515.000  2.29480e-02
  2520.000  1.93250e-02
  2525.000  1.82870e-02
  2530.000  2.14610e-02
  2535.000  2.53190e-02
  2540.000  2.81560e-02
  2545.000  2.85600e-02
  2550.000  3.04180e-02
  2555.000  3.40870e-02
  2560.000  3.67510e-02
  2565.000  3.96070e-02
  2570.000  4.03810e-02
  2575.000  3.68520e-02
  2580.000  2.30740e-02
  2585.000  2.88020e-02
  2590.000  4.25850e-02
  2595.000  4.56490e-02
  2600.000  4.47250e-02
  2605.000  4.38980e-02
  2610.000  4.30690e-02
  2615.000  4.22720e-02
  2620.000  4.37340e-02
  2625.000  4.42480e-02
  2630.000  4.51550e-02
  2635.000  4.47780e-02
  2640.000  4.68580e-02
  2645.000  4.81720e-02
  2650.000  4.67600e-02
  2655.000  4.76930e-02
  2660.000  4.88380e-02
  2665.000  4.75240e-02
  2670.000  4.72440e-02
  2675.000  4.63310e-02
  2680.000  4.52930e-02
  2685.000  4.62060e-02
  2690.000  4.66020e-02
  2695.000  4.52240e-02
  2700.000  4.57230e-02
  2705.000  4.68130e-02
  2710.000  4.63620e-02
  2715.000  4.53900e-02
  2720.000  4.06820e-02
  2725.000  3.83880e-02
  2730.000  4.24380e-02
  2735.000  4.36200e-02
  2740.000  4.05870e-02
  2745.000  4.07380e-02
  2750.000  4.15510e-02
  2755.000  4.27010e-02
  2760.000  4.41630e-02
  2765.000  4.58530e-02
  2770.000  4.64540e-02
  2775.000  4.82350e-02
  2780.000  4.57650e-02
  2785.000  4.33540e-02
  2790.000  4.48070e-02
  2795.000  4.89960e-02
  2800.000  5.09240e-02
  2805.000  4.94640e-02
  2810.000  4.70100e-02
  2815.000  4.77030e-02
  2820.000  4.98090e-02
  2825.000  4.95500e-02
  2830.000  4.95920e-02
  2835.000  5.07010e-02
  2840.000  4.95710e-02
  2845.000  4.61660e-02
  2850.000  3.99030e-02
  2855.000  3.54720e-02
  2860.000  4.05550e-02
  2865.000  4.69280e-02
  2870.000  5.07490e-02
  2875.000  5.12840e-02
  2880.000  5.15900e-02
  2885.000  5.41040e-02
  2890.000  5.83840e-02
  2895.000  6.06140e-02
  2900.000  6.53500e-02
  2905.000  6.76250e-02
  2910.000  6.77290e-02
  2915.000  6.71400e-02
  2920.000  6.76190e-02
  2925.000  6.78380e-02
  2930.000  6.78760e-02
  2935.000  6.86070e-02
  2940.000  6.75990e-02
  2945.000  6.83010e-02
  2950.000  6.96370e-02
  2955.000  7.23060e-02
  2960.000  7.41910e-02
  2965.000  7.30150e-02
  2970.000  6.89830e-02
  2975.000  7.15640e-02
  2980.000  7.68350e-02
  2985.000  7.31230e-02
  2990.000  7.24740e-02
  2995.000  7.37390e-02
  3000.000  7.26800e-02
  3005.000  7.16810e-02
  3010.000  7.37320e-02
  3015.000  7.39920e-02
  3020.000  7.26490e-02
  3025.000  7.73010e-02
  3030.000  8.64630e-02
  3035.000  9.05850e-02
  3040.000  9.22880e-02
  3045.000  9.25290e-02
  3050.000  9.42710e-02
  3055.000  9.43430e-02
  3060.000  9.50680e-02
  3065.000  9.90320e-02
  3070.000  1.08839e-01
  3075.000  1.14888e-01
  3080.000  1.15288e-01
  3085.000  1.16996e-01
  3090.000  1.17120e-01
  3095.000  1.16234e-01
  3100.000  1.20214e-01
  3105.000  1.30219e-01
  3110.000  1.45582e-01
  3115.000  1.48512e-01
  3120.000  1.45851e-01
  3125.000  1.45884e-01
  3130.000  1.52567e-01
  3135.000  1.57547e-01
  3140.000  1.60631e-01
  3145.000  1.65837e-01
  3150.000  1.75237e-01
  3155.000  1.82261e-01
  3160.000  1.72524e-01
  3165.000  1.80438e-01
  3170.000  1.90102e-01
  3175.000  2.00444e-01
  3180.000  2.05388e-01
  3185.000  2.01737e-01
  3190.000  2.03141e-01
  3195.000  2.07329e-01
  3200.000  1.91308e-01
  3205.000  1.88433e-01
  3210.000  1.77119e-01
  3215.000  1.64053e-01
  3220.000  1.53142e-01
  3225.000  1.46909e-01
  3230.000  1.45114e-01
  3235.000  1.47348e-01
  3240.000  1.55274e-01
  3245.000  1.70237e-01
  3250.000  1.90236e-01
  3255.000  2.12260e-01
  3260.000  2.32600e-01
  3265.000  2.47140e-01
  3270.000  2.50832e-01
  3275.000  2.42172e-01
  3280.000  2.34752e-01
  3285.000  2.41620e-01
  3290.000  2.58547e-01
  3295.000  2.76231e-01
  3300.000  2.82343e-01
  3305.000  2.69229e-01
  3310.000  2.50965e-01
  3315.000  2.42675e-01
  3320.000  2.41953e-01
  3325.000  2.42939e-01
  3330.000  2.43511e-01
  3335.000  2.43313e-01
  3340.000  2.45316e-01
  3345.000  2.51092e-01
  3350.000  2.53260e-01
  3355.000  2.44858e-01
  3360.000  2.29543e-01
  3365.000  2.13843e-01
  3370.000  2.05152e-01
  3375.000  2.08776e-01
  3380.000  2.20822e-01
  3385.000  2.35643e-01
  3390.000  2.49796e-01
  3395.000  2.60230e-01
  3400.000  2.63255e-01
  3405.000  2.57096e-01
  3410.000  2.48296e-01
  3415.000  2.44165e-01
  3420.000  2.46778e-01
  3425.000  2.53551e-01
  3430.000  2.48482e-01
  3435.000  2.20854e-01
  3440.000  1.94498e-01
  3445.000  1.93669e-01
  3450.000  2.09770e-01
  3455.000  2.27304e-01
  3460.000  2.36003e-01
  3465.000  2.31295e-01
  3470.000  2.26147e-01
  3475.000  2.32190e-01
  3480.000  2.38161e-01
  3485.000  2.33553e-01
  3490.000  2.33765e-01
  3495.000  2.53391e-01
  3500.000  2.77888e-01
  3505.000  2.88908e-01
  3510.000  2.82026e-01
  3515.000  2.60103e-01
  3520.000  2.41223e-01
  3525.000  2.42434e-01
  3530.000  2.61415e-01
  3535.000  2.89316e-01
  3540.000  3.10529e-01
  3545.000  3.11560e-01
  3550.000  2.94110e-01
  3555.000  2.65030e-01
  3560.000  2.36556e-01
  3565.000  2.17871e-01
  3570.000  2.00543e-01
  3575.000  1.77033e-01
  3580.000  1.60994e-01
  3585.000  1.67334e-01
  3590.000  1.94802e-01
  3595.000  2.34391e-01
  3600.000  2.62217e-01
  3605.000  2.60122e-01
  3610.000  2.47708e-01
  3615.000  2.47753e-01
  3620.000  2.57977e-01
  3625.000  2.70242e-01
  3630.000  2.78042e-01
  3635.000  2.78443e-01
  3640.000  2.81174e-01
  3645.000  2.96535e-01
  3650.000  3.24457e-01
  3655.000  3.60349e-01
  3660.000  3.91905e-01
  3665.000  4.06269e-01
  3670.000  3.96107e-01
  3675.000  3.62311e-01
  3680.000  3.33161e-01
  3685.000  3.33602e-01
  3690.000  3.47850e-01
  3695.000  3.54671e-01
  3700.000  3.51765e-01
  3705.000  3.41367e-01
  3710.000  3.24933e-01
  3715.000  3.03202e-01
  3720.000  2.74831e-01
  3725.000  2.40084e-01
  3730.000  2.07717e-01
  3735.000  1.87180e-01
  3740.000  1.82179e-01
  3745.000  1.92920e-01
  3750.000  2.11342e-01
  3755.000  2.29755e-01
  3760.000  2.50223e-01
  3765.000  2.76544e-01
  3770.000  3.09707e-01
  3775.000  3.45522e-01
  3780.000  3.61891e-01
  3785.000  3.41875e-01
  3790.000  3.07074e-01
  3795.000  2.83122e-01
  3800.000  2.73237e-01
  3805.000  2.72055e-01
  3810.000  2.62314e-01
  3815.000  2.30520e-01
  3820.000  1.90171e-01
  3825.000  1.59296e-01
  3830.000  1.47074e-01
  3835.000  1.56642e-01
  3840.000  1.75831e-01
  3845.000  1.90814e-01
  3850.000  1.96445e-01
  3855.000  1.92347e-01
  3860.000  1.88543e-01
  3865.000  1.93918e-01
  3870.000  2.02411e-01
  3875.000  2.07871e-01
  3880.000  2.18712e-01
  3885.000  2.42711e-01
  3890.000  2.70530e-01
  3895.000  2.91694e-01
  3900.000  3.08319e-01
  3905.000  2.89504e-01
  3910.000  3.04522e-01
  3915.000  3.13195e-01
  3920.000  3.01429e-01
  3925.000  2.62865e-01
  3930.000  2.17570e-01
  3935.000  1.93678e-01
  3940.000  2.04970e-01
  3945.000  2.48561e-01
  3950.000  2.94971e-01
  3955.000  3.11761e-01
  3960.000  2.95797e-01
  3965.000  2.65120e-01
  3970.000  2.55314e-01
  3975.000  2.95029e-01
  3980.000  3.69976e-01
  3985.000  4.48092e-01
  3990.000  5.06346e-01
  3995.000  5.33714e-01
  4000.000  5.40021e-01
  4005.000  5.44042e-01
  4010.000  5.56307e-01
  4015.000  5.76277e-01
  4020.000  5.91391e-01
  4025.000  5.88350e-01
  4030.000  5.66539e-01
  4035.000  5.36703e-01
  4040.000  5.19480e-01
  4045.000  5.27726e-01
  4050.000  5.44832e-01
  4055.000  5.48067e-01
  4060.000  5.34248e-01
  4065.000  5.12798e-01
  4070.000  5.02769e-01
  4075.000  5.20632e-01
  4080.000  5.60053e-01
  4085.000  6.02615e-01
  4090.000  6.28880e-01
  4095.000  6.27317e-01
  4100.000  6.10573e-01
  4105.000  5.98754e-01
  4110.000  5.98858e-01
  4115.000  6.08423e-01
  4120.000  6.16376e-01
  4125.000  6.10682e-01
  4130.000  5.91682e-01
  4135.000  5.67222e-01
  4140.000  5.45549e-01
  4145.000  5.33677e-01
  4150.000  5.35284e-01
  4155.000  5.48170e-01
  4160.000  5.61774e-01
  4165.000  5.67106e-01
  4170.000  5.63822e-01
  4175.000  5.54818e-01
  4180.000  5.45844e-01
  4185.000  5.41345e-01
  4190.000  5.40114e-01
  4195.000  5.42632e-01
  4200.000  5.54286e-01
  4205.000  5.75629e-01
  4210.000  5.91811e-01
  4215.000  5.86946e-01
  4220.000  5.65366e-01
  4225.000  5.41842e-01
  4230.000  5.32297e-01
  4235.000  5.48065e-01
  4240.000  5.78318e-01
  4245.000  6.03330e-01
  4250.000  6.16326e-01
  4255.000  6.15927e-01
  4260.000  6.02984e-01
  4265.000  5.85528e-01
  4270.000  5.73192e-01
  4275.000  5.70652e-01
  4280.000  5.77457e-01
  4285.000  5.84827e-01
  4290.000  5.71780e-01
  4295.000  5.29985e-01
  4300.000  4.90778e-01
  4305.000  4.88956e-01
  4310.000  5.25180e-01
  4315.000  5.84659e-01
  4320.000  6.47957e-01
  4325.000  6.96630e-01
  4330.000  7.27726e-01
  4335.000  7.46119e-01
  4340.000  7.52557e-01
  4345.000  7.50880e-01
  4350.000  7.56803e-01
  4355.000  7.78011e-01
  4360.000  7.96798e-01
  4365.000  7.93242e-01
  4370.000  7.61610e-01
  4375.000  7.09183e-01
  4380.000  6.64641e-01
  4385.000  6.52360e-01
  4390.000  6.63818e-01
  4395.000  6.81815e-01
  4400.000  6.98480e-01
  4405.000  7.11075e-01
  4410.000  7.24876e-01
  4415.000  7.45252e-01
  4420.000  7.64609e-01
  4425.000  7.75886e-01
  4430.000  7.86942e-01
  4435.000  8.04064e-01
  4440.000  8.18497e-01
  4445.000  8.19679e-01
  4450.000  8.06889e-01
  4455.000  7.88071e-01
  4460.000  7.80969e-01
  4465.000  7.99824e-01
  4470.000  8.37216e-01
  4475.000  8.74810e-01
  4480.000  8.95591e-01
  4485.000  8.93000e-01
  4490.000  8.85011e-01
  4495.000  8.94970e-01
  4500.000  9.25348e-01
  4505.000  9.63050e-01
  4510.000  9.85707e-01
  4515.000  9.74865e-01
  4520.000  9.36052e-01
  4525.000  8.89829e-01
  4530.000  8.58539e-01
  4535.000  8.55687e-01
  4540.000  8.74774e-01
  4545.000  9.00318e-01
  4550.000  9.21452e-01
  4555.000  9.34780e-01
  4560.000  9.44299e-01
  4565.000  9.54332e-01
  4570.000  9.60514e-01
  4575.000  9.56762e-01
  4580.000  9.47346e-01
  4585.000  9.39402e-01
  4590.000  9.35738e-01
  4595.000  9.37543e-01
  4600.000  9.44525e-01
  4605.000  9.55678e-01
  4610.000  9.69809e-01
  4615.000  9.85223e-01
  4620.000  9.98573e-01
  4625.000  1.00438e+00
  4630.000  9.96171e-01
  4635.000  9.72809e-01
  4640.000  9.46324e-01
  4645.000  9.30251e-01
  4650.000  9.26256e-01
  4655.000  9.28705e-01
  4660.000  9.29142e-01
  4665.000  9.22696e-01
  4670.000  9.16144e-01
  4675.000  9.18216e-01
  4680.000  9.26678e-01
  4685.000  9.33357e-01
  4690.000  9.30530e-01
  4695.000  9.15510e-01
  4700.000  8.97881e-01
  4705.000  8.91142e-01
  4710.000  9.03298e-01
  4715.000  9.32412e-01
  4720.000  9.59613e-01
  4725.000  9.68283e-01
  4730.000  9.64575e-01
  4735.000  9.61976e-01
  4740.000  9.66809e-01
  4745.000  9.77961e-01
  4750.000  9.84258e-01
  4755.000  9.76087e-01
  4760.000  9.62278e-01
  4765.000  9.56254e-01
  4770.000  9.58151e-01
  4775.000  9.63840e-01
  4780.000  9.72187e-01
  4785.000  9.81345e-01
  4790.000  9.90064e-01
  4795.000  9.98999e-01
  4800.000  1.00831e+00
  4805.000  1.01701e+00
  4810.000  1.02280e+00
  4815.000  1.02256e+00
  4820.000  1.01461e+00
  4825.000  1.00125e+00
  4830.000  9.90380e-01
  4835.000  9.88199e-01
  4840.000  9.91970e-01
  4845.000  9.93614e-01
  4850.000  9.82517e-01
  4855.000  9.53920e-01
  4860.000  9.19395e-01
  4865.000  8.94303e-01
  4870.000  8.86494e-01
  4875.000  8.96233e-01
  4880.000  9.12360e-01
  4885.000  9.24503e-01
  4890.000  9.36086e-01
  4895.000  9.52124e-01
  4900.000  9.66211e-01
  4905.000  9.68835e-01
  4910.000  9.56594e-01
  4915.000  9.32541e-01
  4920.000  9.10387e-01
  4925.000  9.04861e-01
  4930.000  9.18040e-01
  4935.000  9.42630e-01
  4940.000  9.64332e-01
  4945.000  9.71115e-01
  4950.000  9.64563e-01
  4955.000  9.54120e-01
  4960.000  9.52092e-01
  4965.000  9.63031e-01
  4970.000  9.69996e-01
  4975.000  9.56720e-01
  4980.000  9.33125e-01
  4985.000  9.15503e-01
  4990.000  9.06673e-01
  4995.000  9.02659e-01
  5000.000  8.95053e-01
  5005.000  8.77965e-01
  5010.000  8.61700e-01
  5015.000  8.59187e-01
  5020.000  8.68405e-01
  5025.000  8.81125e-01
  5030.000  8.89656e-01
  5035.000  8.88983e-01
  5040.000  8.83326e-01
  5045.000  8.81136e-01
  5050.000  8.86398e-01
  5055.000  8.97282e-01
  5060.000  9.06056e-01
  5065.000  9.04569e-01
  5070.000  8.92008e-01
  5075.000  8.74879e-01
  5080.000  8.65129e-01
  5085.000  8.69702e-01
  5090.000  8.78563e-01
  5095.000  8.78927e-01
  5100.000  8.72737e-01
  5105.000  8.67743e-01
  5110.000  8.66137e-01
  5115.000  8.67050e-01
  5120.000  8.67024e-01
  5125.000  8.60722e-01
  5130.000  8.47976e-01
  5135.000  8.34044e-01
  5140.000  8.25871e-01
  5145.000  8.27472e-01
  5150.000  8.31547e-01
  5155.000  8.24187e-01
  5160.000  7.94908e-01
  5165.000  7.43503e-01
  5170.000  6.88954e-01
  5175.000  6.56027e-01
  5180.000  6.58348e-01
  5185.000  6.94943e-01
  5190.000  7.46269e-01
  5195.000  7.89764e-01
  5200.000  8.14276e-01
  5205.000  8.22041e-01
  5210.000  8.30851e-01
  5215.000  8.54015e-01
  5220.000  8.81040e-01
  5225.000  8.97359e-01
  5230.000  9.07524e-01
  5235.000  9.22883e-01
  5240.000  9.45047e-01
  5245.000  9.67893e-01
  5250.000  9.75451e-01
  5255.000  9.52555e-01
  5260.000  9.05825e-01
  5265.000  8.56673e-01
  5270.000  8.34208e-01
  5275.000  8.57651e-01
  5280.000  9.08779e-01
  5285.000  9.56366e-01
  5290.000  9.84783e-01
  5295.000  9.92557e-01
  5300.000  9.94238e-01
  5305.000  1.00475e+00
  5310.000  1.01535e+00
  5315.000  1.00897e+00
  5320.000  9.84945e-01
  5325.000  9.52690e-01
  5330.000  9.27516e-01
  5335.000  9.25040e-01
  5340.000  9.43866e-01
  5345.000  9.70955e-01
  5350.000  9.96479e-01
  5355.000  1.01274e+00
  5360.000  1.01093e+00
  5365.000  9.93045e-01
  5370.000  9.78463e-01
  5375.000  9.80547e-01
  5380.000  9.90879e-01
  5385.000  9.94176e-01
  5390.000  9.80291e-01
  5395.000  9.50021e-01
  5400.000  9.20660e-01
  5405.000  9.09828e-01
  5410.000  9.21772e-01
  5415.000  9.49506e-01
  5420.000  9.72465e-01
  5425.000  9.74942e-01
  5430.000  9.67183e-01
  5435.000  9.65347e-01
  5440.000  9.71291e-01
  5445.000  9.81243e-01
  5450.000  9.93039e-01
  5455.000  1.00290e+00
  5460.000  1.00540e+00
  5465.000  9.99035e-01
  5470.000  9.88427e-01
  5475.000  9.79987e-01
  5480.000  9.79298e-01
  5485.000  9.87443e-01
  5490.000  9.98192e-01
  5495.000  1.00454e+00
  5500.000  1.00164e+00
  5505.000  9.89803e-01
  5510.000  9.81588e-01
  5515.000  9.87192e-01
  5520.000  9.99431e-01
  5525.000  1.00849e+00
  5530.000  1.01216e+00
  5535.000  1.01240e+00
  5540.000  1.01656e+00
  5545.000  1.02892e+00
  5550.000  1.04055e+00
  5555.000  1.04167e+00
  5560.000  1.03262e+00
  5565.000  1.01794e+00
  5570.000  1.00467e+00
  5575.000  9.97132e-01
  5580.000  9.89513e-01
  5585.000  9.76557e-01
  5590.000  9.62378e-01
  5595.000  9.54453e-01
  5600.000  9.61207e-01
  5605.000  9.84372e-01
  5610.000  1.00896e+00
  5615.000  1.02007e+00
  5620.000  1.01780e+00
  5625.000  1.01003e+00
  5630.000  1.00885e+00
  5635.000  1.02062e+00
  5640.000  1.03382e+00
  5645.000  1.03528e+00
  5650.000  1.02829e+00
  5655.000  1.02135e+00
  5660.000  1.01367e+00
  5665.000  1.00457e+00
  5670.000  1.00565e+00
  5675.000  1.02310e+00
  5680.000  1.04083e+00
  5685.000  1.04330e+00
  5690.000  1.03342e+00
  5695.000  1.01936e+00
  5700.000  1.00517e+00
  5705.000  9.94247e-01
  5710.000  9.93125e-01
  5715.000  1.00582e+00
  5720.000  1.02716e+00
  5725.000  1.04851e+00
  5730.000  1.06139e+00
  5735.000  1.06111e+00
  5740.000  1.05237e+00
  5745.000  1.04287e+00
  5750.000  1.03682e+00
  5755.000  1.03531e+00
  5760.000  1.03655e+00
  5765.000  1.03774e+00
  5770.000  1.03709e+00
  5775.000  1.03442e+00
  5780.000  1.03063e+00
  5785.000  1.02678e+00
  5790.000  1.02408e+00
  5795.000  1.02379e+00
  5800.000  1.02722e+00
  5805.000  1.03488e+00
  5810.000  1.04515e+00
  5815.000  1.05539e+00
  5820.000  1.06338e+00
  5825.000  1.06850e+00
  5830.000  1.07169e+00
  5835.000  1.07323e+00
  5840.000  1.07175e+00
  5845.000  1.06532e+00
  5850.000  1.05406e+00
  5855.000  1.04467e+00
  5860.000  1.03751e+00
  5865.000  1.04653e+00
  5870.000  1.02960e+00
  5875.000  1.02263e+00
  5880.000  9.90008e-01
  5885.000  9.43841e-01
  5890.000  8.79874e-01
  5895.000  8.66877e-01
  5900.000  9.08782e-01
  5905.000  9.58667e-01
  5910.000  9.83106e-01
  5915.000  1.00618e+00
  5920.000  1.02319e+00
  5925.000  1.03964e+00
  5930.000  1.04058e+00
  5935.000  1.02868e+00
  5940.000  1.03560e+00
  5945.000  1.02764e+00
  5950.000  1.03262e+00
  5955.000  1.03080e+00
  5960.000  1.02847e+00
  5965.000  1.02709e+00
  5970.000  1.03132e+00
  5975.000  1.03185e+00
  5980.000  1.02709e+00
  5985.000  1.02191e+00
  5990.000  1.02348e+00
  5995.000  1.02497e+00
  6000.000  1.02428e+00
  6005.000  1.01545e+00
  6010.000  1.01218e+00
  6015.000  1.00591e+00
  6020.000  1.00279e+00
  6025.000  1.00732e+00
  6030.000  1.02097e+00
  6035.000  1.03375e+00
  6040.000  1.03389e+00
  6045.000  1.04456e+00
  6050.000  1.04039e+00
  6055.000  1.04131e+00
  6060.000  1.03577e+00
  6065.000  1.03346e+00
  6070.000  1.03598e+00
  6075.000  1.02862e+00
  6080.000  1.02003e+00
  6085.000  1.01077e+00
  6090.000  1.00572e+00
  6095.000  1.00128e+00
  6100.000  9.97616e-01
  6105.000  9.93271e-01
  6110.000  1.00059e+00
  6115.000  1.00182e+00
  6120.000  9.91420e-01
  6125.000  9.87036e-01
  6130.000  9.89054e-01
  6135.000  9.78112e-01
  6140.000  9.74772e-01
  6145.000  9.89961e-01
  6150.000  9.83421e-01
  6155.000  9.70404e-01
  6160.000  9.49177e-01
  6165.000  9.38224e-01
  6170.000  9.51289e-01
  6175.000  9.65270e-01
  6180.000  9.81198e-01
  6185.000  9.89753e-01
  6190.000  9.93264e-01
  6195.000  1.00068e+00
  6200.000  1.00088e+00
  6205.000  1.00609e+00
  6210.000  9.98775e-01
  6215.000  9.86828e-01
  6220.000  9.82890e-01
  6225.000  9.85962e-01
  6230.000  9.76749e-01
  6235.000  9.72893e-01
  6240.000  9.71300e-01
  6245.000  9.65838e-01
  6250.000  9.62880e-01
  6255.000  9.57490e-01
  6260.000  9.63489e-01
  6265.000  9.71375e-01
  6270.000  9.77741e-01
  6275.000  9.82426e-01
  6280.000  9.74088e-01
  6285.000  9.82752e-01
  6290.000  9.86482e-01
  6295.000  9.79820e-01
  6300.000  9.72710e-01
  6305.000  9.73502e-01
  6310.000  9.80695e-01
  6315.000  9.72539e-01
  6320.000  9.74029e-01
  6325.000  9.84786e-01
  6330.000  9.86226e-01
  6335.000  9.81208e-01
  6340.000  9.84409e-01
  6345.000  9.85381e-01
  6350.000  9.92570e-01
  6355.000  9.87207e-01
  6360.000  9.80289e-01
  6365.000  9.80397e-01
  6370.000  9.92281e-01
  6375.000  1.00232e+00
  6380.000  1.00138e+00
  6385.000  1.00282e+00
  6390.000  9.96975e-01
  6395.000  9.83728e-01
  6400.000  9.73090e-01
  6405.000  9.72382e-01
  6410.000  9.68365e-01
  6415.000  9.70514e-01
  6420.000  9.78282e-01
  6425.000  9.81836e-01
  6430.000  9.83050e-01
  6435.000  9.86237e-01
  6440.000  9.82879e-01
  6445.000  9.83380e-01
  6450.000  9.79222e-01
  6455.000  9.78837e-01
  6460.000  9.74991e-01
  6465.000  9.69766e-01
  6470.000  9.76084e-01
  6475.000  9.75781e-01
  6480.000  9.73731e-01
  6485.000  9.68200e-01
  6490.000  9.60656e-01
  6495.000  9.40852e-01
  6500.000  9.59013e-01
  6505.000  9.74511e-01
  6510.000  9.86351e-01
  6515.000  9.87099e-01
  6520.000  9.89463e-01
  6525.000  9.88767e-01
  6530.000  9.85468e-01
  6535.000  9.89542e-01
  6540.000  9.93652e-01
  6545.000  9.88567e-01
  6550.000  9.75462e-01
  6555.000  9.56961e-01
  6560.000  9.23776e-01
  6565.000  9.07381e-01
  6570.000  9.37912e-01
  6575.000  9.54299e-01
  6580.000  9.73465e-01
  6585.000  9.75562e-01
  6590.000  9.74283e-01
  6595.000  9.68920e-01
  6600.000  9.73292e-01
  6605.000  9.73074e-01
  6610.000  9.75885e-01
  6615.000  9.81869e-01
  6620.000  9.81364e-01
  6625.000  9.74965e-01
  6630.000  9.62401e-01
  6635.000  9.58950e-01
  6640.000  9.64552e-01
  6645.000  9.69080e-01
  6650.000  9.76675e-01
  6655.000  9.78991e-01
  6660.000  9.72469e-01
  6665.000  9.66094e-01
  6670.000  9.67471e-01
  6675.000  9.61736e-01
  6680.000  9.66022e-01
  6685.000  9.76534e-01
  6690.000  9.76354e-01
  6695.000  9.71058e-01
  6700.000  9.68526e-01
  6705.000  9.66539e-01
  6710.000  9.63911e-01
  6715.000  9.54434e-01
  6720.000  9.55577e-01
  6725.000  9.58336e-01
  6730.000  9.64215e-01
  6735.000  9.61713e-01
  6740.000  9.60657e-01
  6745.000  9.59019e-01
  6750.000  9.56299e-01
  6755.000  9.54918e-01
  6760.000  9.52773e-01
  6765.000  9.54688e-01
  6770.000  9.52766e-01
  6775.000  9.58696e-01
  6780.000  9.59770e-01
  6785.000  9.57638e-01
  6790.000  9.58033e-01
  6795.000  9.59648e-01
  6800.000  9.52957e-01
  6805.000  9.48017e-01
  6810.000  9.50514e-01
  6815.000  9.53353e-01
  6820.000  9.53977e-01
  6825.000  9.53469e-01
  6830.000  9.53560e-01
  6835.000  9.51993e-01
  6840.000  9.49063e-01
  6845.000  9.45633e-01
  6850.000  9.41955e-01
  6855.000  9.37706e-01
  6860.000  9.32277e-01
  6865.000  9.25618e-01
  6870.000  9.19124e-01
  6875.000  9.15007e-01
  6880.000  9.14596e-01
  6885.000  9.17457e-01
  6890.000  9.21357e-01
  6895.000  9.23709e-01
  6900.000  9.23078e-01
  6905.000  9.20127e-01
  6910.000  9.17143e-01
  6915.000  9.16285e-01
  6920.000  9.17871e-01
  6925.000  9.19829e-01
  6930.000  9.20040e-01
  6935.000  9.17459e-01
  6940.000  9.13363e-01
  6945.000  9.10118e-01
  6950.000  9.09141e-01
  6955.000  9.10281e-01
  6960.000  9.11117e-01
  6965.000  9.09431e-01
  6970.000  9.05521e-01
  6975.000  8.96637e-01
  6980.000  8.90311e-01
  6985.000  8.97094e-01
  6990.000  8.98734e-01
  6995.000  9.01466e-01
  7000.000  8.97722e-01
  7005.000  8.92054e-01
  7010.000  8.92796e-01
  7015.000  8.87632e-01
  7020.000  8.86303e-01
  7025.000  8.85364e-01
  7030.000  8.92781e-01
  7035.000  8.91076e-01
  7040.000  8.97433e-01
  7045.000  9.06009e-01
  7050.000  9.08138e-01
  7055.000  9.08180e-01
  7060.000  9.06153e-01
  7065.000  9.04987e-01
  7070.000  9.07246e-01
  7075.000  9.13834e-01
  7080.000  9.16144e-01
  7085.000  9.08593e-01
  7090.000  9.04887e-01
  7095.000  9.02918e-01
  7100.000  9.04290e-01
  7105.000  9.01732e-01
  7110.000  9.01956e-01
  7115.000  8.99089e-01
  7120.000  8.96495e-01
  7125.000  8.90798e-01
  7130.000  8.83783e-01
  7135.000  8.84509e-01
  7140.000  8.86708e-01
  7145.000  8.84448e-01
  7150.000  8.83935e-01
  7155.000  8.94302e-01
  7160.000  8.95599e-01
  7165.000  8.92083e-01
  7170.000  8.92719e-01
  7175.000  8.84973e-01
  7180.000  8.74575e-01
  7185.000  8.59994e-01
  7190.000  8.56395e-01
  7195.000  8.55919e-01
  7200.000  8.52863e-01
  7205.000  8.49552e-01
  7210.000  8.59137e-01
  7215.000  8.72604e-01
  7220.000  8.77944e-01
  7225.000  8.84733e-01
  7230.000  8.83501e-01
  7235.000  8.74950e-01
  7240.000  8.66930e-01
  7245.000  8.61138e-01
  7250.000  8.58043e-01
  7255.000  8.58505e-01
  7260.000  8.64037e-01
  7265.000  8.64213e-01
  7270.000  8.69481e-01
  7275.000  8.64738e-01
  7280.000  8.60727e-01
  7285.000  8.53539e-01
  7290.000  8.43853e-01
  7295.000  8.49343e-01
  7300.000  8.50160e-01
  7305.000  8.45350e-01
  7310.000  8.43832e-01
  7315.000  8.47464e-01
  7320.000  8.50967e-01
  7325.000  8.54252e-01
  7330.000  8.56589e-01
  7335.000  8.59495e-01
  7340.000  8.60431e-01
  7345.000  8.53865e-01
  7350.000  8.44535e-01
  7355.000  8.41834e-01
  7360.000  8.45109e-01
  7365.000  8.53430e-01
  7370.000  8.58003e-01
  7375.000  8.59088e-01
  7380.000  8.55327e-01
  7385.000  8.41933e-01
  7390.000  8.37724e-01
  7395.000  8.43074e-01
  7400.000  8.43019e-01
  7405.000  8.46662e-01
  7410.000  8.43523e-01
  7415.000  8.45556e-01
  7420.000  8.47857e-01
  7425.000  8.55286e-01
  7430.000  8.59100e-01
  7435.000  8.56532e-01
  7440.000  8.50299e-01
  7445.000  8.41106e-01
  7450.000  8.45386e-01
  7455.000  8.51721e-01
  7460.000  8.50881e-01
  7465.000  8.54061e-01
  7470.000  8.58022e-01
  7475.000  8.50553e-01
  7480.000  8.45292e-01
  7485.000  8.39091e-01
  7490.000  8.36811e-01
  7495.000  8.33637e-01
  7500.000  8.44596e-01
  7505.000  8.46022e-01
  7510.000  8.41481e-01
  7515.000  8.49264e-01
  7520.000  8.48984e-01
  7525.000  8.42860e-01
  7530.000  8.40039e-01
  7535.000  8.38427e-01
  7540.000  8.35533e-01
  7545.000  8.32584e-01
  7550.000  8.33610e-01
  7555.000  8.38184e-01
  7560.000  8.40477e-01
  7565.000  8.39456e-01
  7570.000  8.36114e-01
  7575.000  8.33861e-01
  7580.000  8.36092e-01
  7585.000  8.41774e-01
  7590.000  8.46395e-01
  7595.000  8.45148e-01
  7600.000  8.36777e-01
  7605.000  8.24909e-01
  7610.000  8.16192e-01
  7615.000  8.15912e-01
  7620.000  8.23912e-01
  7625.000  8.34627e-01
  7630.000  8.41074e-01
  7635.000  8.39428e-01
  7640.000  8.31269e-01
  7645.000  8.22152e-01
  7650.000  8.17470e-01
  7655.000  8.18966e-01
  7660.000  8.24328e-01
  7665.000  8.29536e-01
  7670.000  8.31875e-01
  7675.000  8.31545e-01
  7680.000  8.30993e-01
  7685.000  8.32038e-01
  7690.000  8.33879e-01
  7695.000  8.33675e-01
  7700.000  8.29673e-01
  7705.000  8.22569e-01
  7710.000  8.15854e-01
  7715.000  8.13352e-01
  7720.000  8.16356e-01
  7725.000  8.22109e-01
  7730.000  8.27355e-01
  7735.000  8.30076e-01
  7740.000  8.24286e-01
  7745.000  8.13912e-01
  7750.000  8.11007e-01
  7755.000  8.20731e-01
  7760.000  8.24891e-01
  7765.000  8.26880e-01
  7770.000  8.24812e-01
  7775.000  8.20465e-01
  7780.000  8.14586e-01
  7785.000  8.20418e-01
  7790.000  8.22544e-01
  7795.000  8.22218e-01
  7800.000  8.18461e-01
  7805.000  8.18416e-01
  7810.000  8.10949e-01
  7815.000  8.13006e-01
  7820.000  8.16075e-01
  7825.000  8.15635e-01
  7830.000  8.10052e-01
  7835.000  7.99112e-01
  7840.000  8.01287e-01
  7845.000  7.99482e-01
  7850.000  7.99610e-01
  7855.000  8.01303e-01
  7860.000  8.04029e-01
  7865.000  8.02566e-01
  7870.000  8.01879e-01
  7875.000  8.01924e-01
  7880.000  7.96851e-01
  7885.000  7.90709e-01
  7890.000  7.85233e-01
  7895.000  7.78226e-01
  7900.000  7.77576e-01
  7905.000  7.74769e-01
  7910.000  7.74437e-01
  7915.000  7.71644e-01
  7920.000  7.69200e-01
  7925.000  7.66986e-01
  7930.000  7.62853e-01
  7935.000  7.59313e-01
  7940.000  7.61205e-01
  7945.000  7.57981e-01
  7950.000  7.61471e-01
  7955.000  7.64397e-01
  7960.000  7.72175e-01
  7965.000  7.76075e-01
  7970.000  7.83959e-01
  7975.000  7.88742e-01
  7980.000  7.87250e-01
  7985.000  7.82020e-01
  7990.000  7.76888e-01
  7995.000  7.73340e-01
  8000.000  7.71519e-01
  8005.000  7.80434e-01
  8010.000  7.80662e-01
  8015.000  7.76737e-01
  8020.000  7.72129e-01
  8025.000  7.65139e-01
  8030.000  7.61152e-01
  8035.000  7.63352e-01
  8040.000  7.64482e-01
  8045.000  7.57874e-01
  8050.000  7.56255e-01
  8055.000  7.58387e-01
  8060.000  7.62363e-01
  8065.000  7.64258e-01
  8070.000  7.61702e-01
  8075.000  7.59464e-01
  8080.000  7.58979e-01
  8085.000  7.54740e-01
  8090.000  7.52541e-01
  8095.000  7.49988e-01
  8100.000  7.48916e-01
  8105.000  7.54000e-01
  8110.000  7.59172e-01
  8115.000  7.60517e-01
  8120.000  7.65054e-01
  8125.000  7.71276e-01
  8130.000  7.73571e-01
  8135.000  7.74018e-01
  8140.000  7.74268e-01
  8145.000  7.68045e-01
  8150.000  7.63760e-01
  8155.000  7.59270e-01
  8160.000  7.54420e-01
  8165.000  7.50276e-01
  8170.000  7.53422e-01
  8175.000  7.47301e-01
  8180.000  7.36587e-01
  8185.000  7.24324e-01
  8190.000  7.27010e-01
  8195.000  7.20546e-01
  8200.000  7.31119e-01
  8205.000  7.44172e-01
  8210.000  7.42531e-01
  8215.000  7.42058e-01
  8220.000  7.33017e-01
  8225.000  7.31810e-01
  8230.000  7.29180e-01
  8235.000  7.44462e-01
  8240.000  7.54580e-01
  8245.000  7.57838e-01
  8250.000  7.61492e-01
  8255.000  7.57126e-01
  8260.000  7.57562e-01
  8265.000  7.58621e-01
  8270.000  7.55422e-01
  8275.000  7.50401e-01
  8280.000  7.51768e-01
  8285.000  7.49766e-01
  8290.000  7.45549e-01
  8295.000  7.41095e-01
  8300.000  7.39385e-01
  8305.000  7.36747e-01
  8310.000  7.33980e-01
  8315.000  7.34463e-01
  8320.000  7.26636e-01
  8325.000  7.19962e-01
  8330.000  7.13957e-01
  8335.000  7.17606e-01
  8340.000  7.18486e-01
  8345.000  7.21196e-01
  8350.000  7.22961e-01
  8355.000  7.30047e-01
  8360.000  7.29257e-01
  8365.000  7.32602e-01
  8370.000  7.32791e-01
  8375.000  7.33450e-01
  8380.000  7.29754e-01
  8385.000  7.23035e-01
  8390.000  7.23626e-01
  8395.000  7.30568e-01
  8400.000  7.33705e-01
  8405.000  7.34201e-01
  8410.000  7.37260e-01
  8415.000  7.33215e-01
  8420.000  7.21884e-01
  8425.000  7.23587e-01
  8430.000  7.16788e-01
  8435.000  7.14254e-01
  8440.000  7.25439e-01
  8445.000  7.35409e-01
  8450.000  7.42242e-01
  8455.000  7.45993e-01
  8460.000  7.46784e-01
  8465.000  7.37543e-01
  8470.000  7.33288e-01
  8475.000  7.36508e-01
  8480.000  7.41130e-01
  8485.000  7.39574e-01
  8490.000  7.31450e-01
  8495.000  7.00912e-01
  8500.000  6.72601e-01
  8505.000  6.94920e-01
  8510.000  7.10060e-01
  8515.000  7.09381e-01
  8520.000  7.11807e-01
  8525.000  7.01145e-01
  8530.000  6.75724e-01
  8535.000  6.33706e-01
  8540.000  5.78573e-01
  8545.000  5.79084e-01
  8550.000  6.40934e-01
  8555.000  6.79496e-01
  8560.000  6.99554e-01
  8565.000  7.05185e-01
  8570.000  7.03193e-01
  8575.000  7.00559e-01
  8580.000  7.00228e-01
  8585.000  6.97957e-01
  8590.000  6.98056e-01
  8595.000  6.97089e-01
  8600.000  6.98092e-01
  8605.000  6.91941e-01
  8610.000  6.84377e-01
  8615.000  6.85538e-01
  8620.000  6.86761e-01
  8625.000  6.90333e-01
  8630.000  6.96348e-01
  8635.000  7.05153e-01
  8640.000  7.06519e-01
  8645.000  6.98740e-01
  8650.000  6.73800e-01
  8655.000  6.44515e-01
  8660.000  6.03530e-01
  8665.000  5.99934e-01
  8670.000  6.44579e-01
  8675.000  6.67399e-01
  8680.000  6.86529e-01
  8685.000  6.88259e-01
  8690.000  6.75752e-01
  8695.000  6.85302e-01
  8700.000  6.85463e-01
  8705.000  6.96188e-01
  8710.000  6.98622e-01
  8715.000  7.00467e-01
  8720.000  7.03319e-01
  8725.000  6.94866e-01
  8730.000  6.93388e-01
  8735.000  6.88084e-01
  8740.000  6.87935e-01
  8745.000  6.95456e-01
  8750.000  6.91930e-01
  8755.000  6.83091e-01
  8760.000  6.78511e-01
  8765.000  6.69698e-01
  8770.000  6.69333e-01
  8775.000  6.70433e-01
  8780.000  6.78290e-01
  8785.000  6.82463e-01
  8790.000  6.75304e-01
  8795.000  6.66835e-01
  8800.000  6.67431e-01
  8805.000  6.51569e-01
  8810.000  6.56949e-01
  8815.000  6.74385e-01
  8820.000  6.82270e-01
  8825.000  6.77951e-01
  8830.000  6.86967e-01
  8835.000  6.85084e-01
  8840.000  6.82467e-01
  8845.000  6.91441e-01
  8850.000  6.90072e-01
  8855.000  6.87737e-01
  8860.000  6.77231e-01
  8865.000  6.63525e-01
  8870.000  6.60440e-01
  8875.000  6.65683e-01
  8880.000  6.61595e-01
  8885.000  6.62962e-01
  8890.000  6.64817e-01
  8895.000  6.70365e-01
  8900.000  6.72206e-01
  8905.000  6.72873e-01
  8910.000  6.71831e-01
  8915.000  6.75718e-01
  8920.000  6.71194e-01
  8925.000  6.70116e-01
  8930.000  6.66233e-01
  8935.000  6.63028e-01
  8940.000  6.60066e-01
  8945.000  6.57834e-01
  8950.000  6.61059e-01
  8955.000  6.69023e-01
  8960.000  6.77676e-01
  8965.000  6.72823e-01
  8970.000  6.68966e-01
  8975.000  6.66842e-01
  8980.000  6.61098e-01
  8985.000  6.52439e-01
  8990.000  6.43384e-01
  8995.000  6.50519e-01
  9000.000  6.46954e-01
  9005.000  6.44728e-01
  9010.000  6.42298e-01
  9015.000  6.43491e-01
  9020.000  6.50226e-01
  9025.000  6.55121e-01
  9030.000  6.64551e-01
  9035.000  6.73341e-01
  9040.000  6.76274e-01
  9045.000  6.78307e-01
  9050.000  6.76652e-01
  9055.000  6.69592e-01
  9060.000  6.67829e-01
  9065.000  6.59154e-01
  9070.000  6.48333e-01
  9075.000  6.37664e-01
  9080.000  6.29937e-01
  9085.000  6.24457e-01
  9090.000  6.22873e-01
  9095.000  6.25891e-01
  9100.000  6.28606e-01
  9105.000  6.28579e-01
  9110.000  6.29583e-01
  9115.000  6.23574e-01
  9120.000  6.20949e-01
  9125.000  6.24045e-01
  9130.000  6.21169e-01
  9135.000  6.16244e-01
  9140.000  6.18646e-01
  9145.000  6.16679e-01
  9150.000  6.11535e-01
  9155.000  6.09065e-01
  9160.000  6.15953e-01
  9165.000  6.18523e-01
  9170.000  6.15404e-01
  9175.000  6.11362e-01
  9180.000  6.18136e-01
  9185.000  6.23974e-01
  9190.000  6.23147e-01
  9195.000  6.22620e-01
  9200.000  6.22414e-01
  9205.000  6.20870e-01
  9210.000  6.11574e-01
  9215.000  6.09301e-01
  9220.000  6.13609e-01
  9225.000  6.14539e-01
  9230.000  6.11611e-01
  9235.000  6.07485e-01
  9240.000  6.00358e-01
  9245.000  5.94778e-01
  9250.000  5.89102e-01
  9255.000  5.87519e-01
  9260.000  5.92466e-01
  9265.000  6.05598e-01
  9270.000  6.19209e-01
  9275.000  6.26563e-01
  9280.000  6.21245e-01
  9285.000  6.30918e-01
  9290.000  6.27300e-01
  9295.000  6.27397e-01
  9300.000  6.26597e-01
  9305.000  6.19520e-01
  9310.000  6.13143e-01
  9315.000  5.97862e-01
  9320.000  5.93874e-01
  9325.000  5.89678e-01
  9330.000  5.90533e-01
  9335.000  5.84753e-01
  9340.000  5.80043e-01
  9345.000  5.73968e-01
  9350.000  5.89448e-01
  9355.000  5.76243e-01
  9360.000  5.83567e-01
  9365.000  5.90378e-01
  9370.000  5.90657e-01
  9375.000  6.03433e-01
  9380.000  6.14923e-01
  9385.000  6.36363e-01
  9390.000  6.61787e-01
  9395.000  6.75955e-01
  9400.000  6.59222e-01
  9405.000  6.49908e-01
  9410.000  6.29863e-01
  9415.000  6.04718e-01
  9420.000  5.94127e-01
  9425.000  5.85774e-01
  9430.000  5.63269e-01
  9435.000  5.72017e-01
  9440.000  5.50205e-01
  9445.000  5.64497e-01
  9450.000  5.80445e-01
  9455.000  5.73687e-01
  9460.000  5.76961e-01
  9465.000  5.96202e-01
  9470.000  6.00915e-01
  9475.000  5.99525e-01
  9480.000  5.96439e-01
  9485.000  6.00563e-01
  9490.000  5.99537e-01
  9495.000  5.85309e-01
  9500.000  5.76155e-01
  9505.000  5.99637e-01
  9510.000  6.26330e-01
  9515.000  6.24488e-01
  9520.000  6.21123e-01
  9525.000  6.22066e-01
  9530.000  6.36222e-01
  9535.000  6.29475e-01
  9540.000  6.11253e-01
  9545.000  5.95556e-01
  9550.000  5.99579e-01
  9555.000  5.70485e-01
  9560.000  6.01743e-01
  9565.000  5.88090e-01
  9570.000  5.93993e-01
  9575.000  5.90860e-01
  9580.000  5.85425e-01
  9585.000  5.74304e-01
  9590.000  5.75152e-01
  9595.000  5.71830e-01
  9600.000  5.82769e-01
  9605.000  5.80938e-01
  9610.000  5.79968e-01
  9615.000  5.86025e-01
  9620.000  5.80722e-01
  9625.000  5.85576e-01
  9630.000  5.83246e-01
  9635.000  5.79642e-01
  9640.000  5.73878e-01
  9645.000  5.78775e-01
  9650.000  5.82448e-01
  9655.000  5.70390e-01
  9660.000  5.67940e-01
  9665.000  5.62917e-01
  9670.000  5.78330e-01
  9675.000  5.73557e-01
  9680.000  5.63665e-01
  9685.000  5.73419e-01
  9690.000  5.72217e-01
  9695.000  5.74028e-01
  9700.000  5.59919e-01
  9705.000  5.70271e-01
  9710.000  5.73416e-01
  9715.000  5.78767e-01
  9720.000  5.79827e-01
  9725.000  5.65256e-01
  9730.000  5.63441e-01
  9735.000  5.60087e-01
  9740.000  5.57842e-01
  9745.000  5.46006e-01
  9750.000  5.46882e-01
  9755.000  5.55447e-01
  9760.000  5.60722e-01
  9765.000  5.57375e-01
  9770.000  5.55222e-01
  9775.000  5.60848e-01
  9780.000  5.61171e-01
  9785.000  5.61035e-01
  9790.000  5.60552e-01
  9795.000  5.67943e-01
  9800.000  5.71275e-01
  9805.000  5.74624e-01
  9810.000  5.68416e-01
  9815.000  5.58622e-01
  9820.000  5.48881e-01
  9825.000  5.63095e-01
  9830.000  5.52070e-01
  9835.000  5.47829e-01
  9840.000  5.44088e-01
  9845.000  5.40405e-01
  9850.000  5.43745e-01
  9855.000  5.34497e-01
  9860.000  5.31300e-01
  9865.000  5.44106e-01
  9870.000  5.46959e-01
  9875.000  5.49674e-01
  9880.000  5.34453e-01
  9885.000  5.48459e-01
  9890.000  5.65599e-01
  9895.000  5.50971e-01
  9900.000  5.42952e-01
  9905.000  5.54787e-01
  9910.000  5.70575e-01
  9915.000  5.61533e-01
  9920.000  5.74942e-01
  9925.000  5.60919e-01
  9930.000  5.74453e-01
  9935.000  5.54645e-01
  9940.000  5.49949e-01
  9945.000  5.48768e-01
  9950.000  5.48504e-01
  9955.000  5.47274e-01
  9960.000  5.51123e-01
  9965.000  5.58612e-01
  9970.000  5.41317e-01
  9975.000  5.75096e-01
  9980.000  5.58109e-01
  9985.000  5.52955e-01
  9990.000  5.39361e-01
  9995.000  5.45157e-01
 10000.000  5.86562e-01
 10005.000  5.43748e-01
 10010.000  5.53784e-01
 10015.000  5.64011e-01
 10020.000  5.47288e-01
 10025.000  5.39774e-01
 10030.000  5.35645e-01
 10035.000  5.64703e-01
 10040.000  5.14924e-01
 10045.000  5.61178e-01
 10050.000  5.33370e-01
 10055.000  5.71912e-01
 10060.000  5.19438e-01
 10065.000  5.12706e-01
 10070.000  5.57566e-01
 10075.000  5.02904e-01
 10080.000  5.13952e-01
 10085.000  5.29626e-01
 10090.000  5.49053e-01
 10095.000  5.45655e-01
 10100.000  5.28368e-01
 10105.000  5.30472e-01
 10110.000  5.73466e-01
 10115.000  5.67970e-01
 10120.000  5.50793e-01
 10125.000  5.00822e-01
 10130.000  4.86488e-01
 10135.000  5.39346e-01
 10140.000  4.97164e-01
 10145.000  5.29359e-01
 10150.000  5.22186e-01
 10155.000  5.21153e-01
 10160.000  5.55750e-01
 10165.000  5.35699e-01
 10170.000  4.82903e-01
 10175.000  4.84231e-01
 10180.000  5.12965e-01
 10185.000  5.11701e-01
 10190.000  5.09779e-01
 10195.000  5.07258e-01
 10200.000  5.04194e-01
 10205.000  5.00717e-01
 10210.000  4.97243e-01
 10215.000  4.94260e-01
 10220.000  4.92255e-01
 10225.000  4.91615e-01
 10230.000  4.92324e-01
 10235.000  4.94263e-01
 10240.000  4.97314e-01
 10245.000  5.01228e-01
 10250.000  5.05231e-01
 10255.000  5.08419e-01
 10260.000  5.09888e-01
 10265.000  5.09137e-01
 10270.000  5.07285e-01
 10275.000  5.05857e-01
 10280.000  5.06378e-01
 10285.000  5.09820e-01
 10290.000  5.14959e-01
 10295.000  5.20020e-01
 10300.000  5.23227e-01
 10305.000  5.23421e-01
 10310.000  5.21921e-01
 10315.000  5.19628e-01
 10320.000  5.17052e-01
 10325.000  5.14692e-01
 10330.000  5.13003e-01
 10335.000  5.12428e-01
 10340.000  5.13408e-01
 10345.000  5.16094e-01
 10350.000  5.19464e-01
 10355.000  5.22201e-01
 10360.000  5.22992e-01
 10365.000  5.21000e-01
 10370.000  5.17304e-01
 10375.000  5.13463e-01
 10380.000  5.11035e-01
 10385.000  5.11117e-01
 10390.000  5.12967e-01
 10395.000  5.15380e-01
 10400.000  5.17150e-01
 10405.000  5.17379e-01
 10410.000  5.16384e-01
 10415.000  5.14786e-01
 10420.000  5.13209e-01
 10425.000  5.12177e-01
 10430.000  5.11821e-01
 10435.000  5.12174e-01
 10440.000  5.13270e-01
 10445.000  5.15028e-01
 10450.000  5.16901e-01
 10455.000  5.18231e-01
 10460.000  5.18355e-01
 10465.000  5.16868e-01
 10470.000  5.14377e-01
 10475.000  5.11744e-01
 10480.000  5.09830e-01
 10485.000  5.09250e-01
 10490.000  5.09627e-01
 10495.000  5.10337e-01
 10500.000  5.10756e-01
