# pickles/b57v  |  Pickles 1998, PASP 110, 863
# columns: wavelength_Angstrom  flam_erg_s_cm2_A (absolute scale arbitrary - ETC renormalizes)
  1150.000  2.29257e+01
  1155.000  1.70035e+01
  1160.000  1.38572e+01
  1165.000  1.34756e+01
  1170.000  1.20942e+01
  1175.000  1.06451e+01
  1180.000  1.13378e+01
  1185.000  1.08421e+01
  1190.000  7.76007e+00
  1195.000  5.46025e+00
  1200.000  4.58662e+00
  1205.000  2.27010e+00
  1210.000  9.74556e-01
  1215.000  8.67654e-01
  1220.000  2.10389e+00
  1225.000  4.22105e+00
  1230.000  6.75357e+00
  1235.000  9.27973e+00
  1240.000  1.11469e+01
  1245.000  1.14716e+01
  1250.000  1.15293e+01
  1255.000  1.10824e+01
  1260.000  9.74182e+00
  1265.000  1.01608e+01
  1270.000  1.16531e+01
  1275.000  1.15957e+01
  1280.000  1.22101e+01
  1285.000  1.23541e+01
  1290.000  1.13922e+01
  1295.000  9.69100e+00
  1300.000  8.33797e+00
  1305.000  7.88839e+00
  1310.000  9.36297e+00
  1315.000  1.18262e+01
  1320.000  1.21511e+01
  1325.000  1.11916e+01
  1330.000  1.02114e+01
  1335.000  9.82282e+00
  1340.000  1.11092e+01
  1345.000  1.16370e+01
  1350.000  1.13623e+01
  1355.000  1.12320e+01
  1360.000  1.08974e+01
  1365.000  1.03221e+01
  1370.000  1.03494e+01
  1375.000  1.04588e+01
  1380.000  1.02967e+01
  1385.000  1.03019e+01
  1390.000  1.00602e+01
  1395.000  9.64130e+00
  1400.000  9.74261e+00
  1405.000  9.59017e+00
  1410.000  9.38823e+00
  1415.000  9.34832e+00
  1420.000  9.58593e+00
  1425.000  9.82315e+00
  1430.000  9.72724e+00
  1435.000  9.63441e+00
  1440.000  9.97072e+00
  1445.000  1.02077e+01
  1450.000  1.03291e+01
  1455.000  1.04419e+01
  1460.000  1.02624e+01
  1465.000  9.97153e+00
  1470.000  9.89998e+00
  1475.000  9.84060e+00
  1480.000  9.73447e+00
  1485.000  9.58407e+00
  1490.000  9.97527e+00
  1495.000  1.00716e+01
  1500.000  9.81591e+00
  1505.000  9.28945e+00
  1510.000  8.86025e+00
  1515.000  8.83552e+00
  1520.000  8.99837e+00
  1525.000  8.70238e+00
  1530.000  8.41141e+00
  1535.000  8.58355e+00
  1540.000  8.84294e+00
  1545.000  8.97724e+00
  1550.000  8.90541e+00
  1555.000  8.65692e+00
  1560.000  8.29972e+00
  1565.000  8.41039e+00
  1570.000  8.48648e+00
  1575.000  8.50039e+00
  1580.000  8.43370e+00
  1585.000  8.59464e+00
  1590.000  8.41107e+00
  1595.000  8.23987e+00
  1600.000  8.04932e+00
  1605.000  7.83852e+00
  1610.000  7.65017e+00
  1615.000  7.90558e+00
  1620.000  7.99517e+00
  1625.000  7.92150e+00
  1630.000  7.82350e+00
  1635.000  7.63112e+00
  1640.000  7.47272e+00
  1645.000  7.46795e+00
  1650.000  7.40292e+00
  1655.000  7.15272e+00
  1660.000  7.11120e+00
  1665.000  7.19509e+00
  1670.000  7.12792e+00
  1675.000  7.33976e+00
  1680.000  7.46451e+00
  1685.000  7.40857e+00
  1690.000  7.32194e+00
  1695.000  7.24696e+00
  1700.000  7.18281e+00
  1705.000  6.97248e+00
  1710.000  6.77097e+00
  1715.000  6.60636e+00
  1720.000  6.42723e+00
  1725.000  6.48708e+00
  1730.000  6.65925e+00
  1735.000  6.74141e+00
  1740.000  6.79055e+00
  1745.000  6.78636e+00
  1750.000  6.78825e+00
  1755.000  6.80189e+00
  1760.000  6.60382e+00
  1765.000  6.53149e+00
  1770.000  6.63923e+00
  1775.000  6.53473e+00
  1780.000  6.66061e+00
  1785.000  6.43222e+00
  1790.000  5.71531e+00
  1795.000  6.07515e+00
  1800.000  6.62718e+00
  1805.000  6.52991e+00
  1810.000  6.44383e+00
  1815.000  6.46220e+00
  1820.000  6.47952e+00
  1825.000  6.41139e+00
  1830.000  6.26928e+00
  1835.000  6.22549e+00
  1840.000  6.04997e+00
  1845.000  5.93358e+00
  1850.000  5.81020e+00
  1855.000  5.64001e+00
  1860.000  5.65986e+00
  1865.000  5.85448e+00
  1870.000  6.02544e+00
  1875.000  6.04577e+00
  1880.000  5.86918e+00
  1885.000  5.64905e+00
  1890.000  5.47670e+00
  1895.000  5.49046e+00
  1900.000  5.55904e+00
  1905.000  5.47164e+00
  1910.000  5.42279e+00
  1915.000  5.33682e+00
  1920.000  5.20922e+00
  1925.000  5.09830e+00
  1930.000  5.26355e+00
  1935.000  5.37799e+00
  1940.000  5.37230e+00
  1945.000  5.38423e+00
  1950.000  5.33108e+00
  1955.000  5.26120e+00
  1960.000  5.12228e+00
  1965.000  5.08601e+00
  1970.000  4.99197e+00
  1975.000  5.17440e+00
  1980.000  5.19206e+00
  1985.000  5.14191e+00
  1990.000  5.07302e+00
  1995.000  4.91544e+00
  2000.000  4.90657e+00
  2005.000  4.92535e+00
  2010.000  4.79437e+00
  2015.000  4.98537e+00
  2020.000  5.06869e+00
  2025.000  4.98326e+00
  2030.000  4.91657e+00
  2035.000  4.89554e+00
  2040.000  4.85428e+00
  2045.000  4.74883e+00
  2050.000  4.71324e+00
  2055.000  4.69494e+00
  2060.000  4.57049e+00
  2065.000  4.57680e+00
  2070.000  4.77096e+00
  2075.000  4.81769e+00
  2080.000  4.76589e+00
  2085.000  4.75800e+00
  2090.000  4.81222e+00
  2095.000  4.67411e+00
  2100.000  4.50348e+00
  2105.000  4.55696e+00
  2110.000  4.52896e+00
  2115.000  4.59440e+00
  2120.000  4.51429e+00
  2125.000  4.43332e+00
  2130.000  4.64093e+00
  2135.000  4.48140e+00
  2140.000  4.30110e+00
  2145.000  4.28490e+00
  2150.000  4.21992e+00
  2155.000  4.24652e+00
  2160.000  4.32506e+00
  2165.000  4.13431e+00
  2170.000  4.09505e+00
  2175.000  4.07544e+00
  2180.000  3.94365e+00
  2185.000  3.95143e+00
  2190.000  4.04364e+00
  2195.000  4.07899e+00
  2200.000  4.15925e+00
  2205.000  4.03952e+00
  2210.000  3.83388e+00
  2215.000  3.80395e+00
  2220.000  3.80138e+00
  2225.000  3.65793e+00
  2230.000  3.71095e+00
  2235.000  3.66214e+00
  2240.000  3.69560e+00
  2245.000  3.60504e+00
  2250.000  3.65140e+00
  2255.000  3.78162e+00
  2260.000  3.69683e+00
  2265.000  3.56297e+00
  2270.000  3.57198e+00
  2275.000  3.64465e+00
  2280.000  3.72941e+00
  2285.000  3.59722e+00
  2290.000  3.54271e+00
  2295.000  3.57960e+00
  2300.000  3.60727e+00
  2305.000  3.65032e+00
  2310.000  3.59355e+00
  2315.000  3.63084e+00
  2320.000  3.51898e+00
  2325.000  3.46174e+00
  2330.000  3.40229e+00
  2335.000  3.42453e+00
  2340.000  3.37350e+00
  2345.000  3.35517e+00
  2350.000  3.32137e+00
  2355.000  3.28480e+00
  2360.000  3.34530e+00
  2365.000  3.25141e+00
  2370.000  3.22000e+00
  2375.000  3.30822e+00
  2380.000  3.27248e+00
  2385.000  3.19964e+00
  2390.000  3.07625e+00
  2395.000  3.13336e+00
  2400.000  3.28734e+00
  2405.000  3.23225e+00
  2410.000  3.07169e+00
  2415.000  3.00565e+00
  2420.000  3.14522e+00
  2425.000  3.18529e+00
  2430.000  3.28888e+00
  2435.000  3.20628e+00
  2440.000  3.13783e+00
  2445.000  3.21738e+00
  2450.000  3.28077e+00
  2455.000  3.30926e+00
  2460.000  3.41093e+00
  2465.000  3.35923e+00
  2470.000  3.17511e+00
  2475.000  3.10064e+00
  2480.000  3.13436e+00
  2485.000  3.17336e+00
  2490.000  3.16932e+00
  2495.000  3.04288e+00
  2500.000  3.21104e+00
  2505.000  3.26986e+00
  2510.000  3.21217e+00
  2515.000  3.16719e+00
  2520.000  3.16506e+00
  2525.000  3.12733e+00
  2530.000  3.07259e+00
  2535.000  3.07864e+00
  2540.000  3.04361e+00
  2545.000  3.02114e+00
  2550.000  3.06443e+00
  2555.000  3.03375e+00
  2560.000  3.06097e+00
  2565.000  3.12187e+00
  2570.000  3.17162e+00
  2575.000  3.19968e+00
  2580.000  2.90486e+00
  2585.000  2.82119e+00
  2590.000  3.00645e+00
  2595.000  3.12663e+00
  2600.000  3.12509e+00
  2605.000  2.99902e+00
  2610.000  3.04346e+00
  2615.000  3.11047e+00
  2620.000  3.09528e+00
  2625.000  3.07023e+00
  2630.000  3.00275e+00
  2635.000  3.07602e+00
  2640.000  3.13351e+00
  2645.000  3.14374e+00
  2650.000  3.14001e+00
  2655.000  3.16027e+00
  2660.000  3.05410e+00
  2665.000  2.97516e+00
  2670.000  2.92671e+00
  2675.000  2.91922e+00
  2680.000  3.01769e+00
  2685.000  3.03926e+00
  2690.000  3.01826e+00
  2695.000  2.90385e+00
  2700.000  2.88366e+00
  2705.000  2.94661e+00
  2710.000  2.91416e+00
  2715.000  2.85880e+00
  2720.000  2.84161e+00
  2725.000  2.79888e+00
  2730.000  2.85538e+00
  2735.000  2.90170e+00
  2740.000  2.91669e+00
  2745.000  2.79024e+00
  2750.000  2.76663e+00
  2755.000  2.71855e+00
  2760.000  2.70906e+00
  2765.000  2.75500e+00
  2770.000  2.70799e+00
  2775.000  2.69157e+00
  2780.000  2.71362e+00
  2785.000  2.63181e+00
  2790.000  2.60776e+00
  2795.000  2.74920e+00
  2800.000  2.67494e+00
  2805.000  2.62601e+00
  2810.000  2.66574e+00
  2815.000  2.71597e+00
  2820.000  2.82997e+00
  2825.000  2.78939e+00
  2830.000  2.65490e+00
  2835.000  2.57640e+00
  2840.000  2.64118e+00
  2845.000  2.65151e+00
  2850.000  2.60498e+00
  2855.000  2.56293e+00
  2860.000  2.58072e+00
  2865.000  2.63740e+00
  2870.000  2.68505e+00
  2875.000  2.64806e+00
  2880.000  2.59605e+00
  2885.000  2.61254e+00
  2890.000  2.55747e+00
  2895.000  2.61033e+00
  2900.000  2.65982e+00
  2905.000  2.64046e+00
  2910.000  2.61219e+00
  2915.000  2.61811e+00
  2920.000  2.60622e+00
  2925.000  2.60499e+00
  2930.000  2.56616e+00
  2935.000  2.57918e+00
  2940.000  2.54433e+00
  2945.000  2.60164e+00
  2950.000  2.55337e+00
  2955.000  2.58928e+00
  2960.000  2.61845e+00
  2965.000  2.54352e+00
  2970.000  2.53804e+00
  2975.000  2.53209e+00
  2980.000  2.54499e+00
  2985.000  2.46576e+00
  2990.000  2.45496e+00
  2995.000  2.46415e+00
  3000.000  2.51427e+00
  3005.000  2.46879e+00
  3010.000  2.46858e+00
  3015.000  2.39896e+00
  3020.000  2.36458e+00
  3025.000  2.37233e+00
  3030.000  2.34144e+00
  3035.000  2.32741e+00
  3040.000  2.35610e+00
  3045.000  2.36883e+00
  3050.000  2.37567e+00
  3055.000  2.38335e+00
  3060.000  2.33388e+00
  3065.000  2.26512e+00
  3070.000  2.26424e+00
  3075.000  2.27635e+00
  3080.000  2.34916e+00
  3085.000  2.37062e+00
  3090.000  2.32751e+00
  3095.000  2.37403e+00
  3100.000  2.29059e+00
  3105.000  2.28695e+00
  3110.000  2.25829e+00
  3115.000  2.30771e+00
  3120.000  2.33203e+00
  3125.000  2.38030e+00
  3130.000  2.34544e+00
  3135.000  2.29223e+00
  3140.000  2.33133e+00
  3145.000  2.23704e+00
  3150.000  2.24266e+00
  3155.000  2.25460e+00
  3160.000  2.21870e+00
  3165.000  2.23273e+00
  3170.000  2.23761e+00
  3175.000  2.25990e+00
  3180.000  2.21002e+00
  3185.000  2.21768e+00
  3190.000  2.21986e+00
  3195.000  2.25079e+00
  3200.000  2.27114e+00
  3205.000  2.28110e+00
  3210.000  2.27966e+00
  3215.000  2.25066e+00
  3220.000  2.21131e+00
  3225.000  2.18514e+00
  3230.000  2.18745e+00
  3235.000  2.21813e+00
  3240.000  2.22357e+00
  3245.000  2.16333e+00
  3250.000  2.10305e+00
  3255.000  2.11013e+00
  3260.000  2.15296e+00
  3265.000  2.18275e+00
  3270.000  2.18102e+00
  3275.000  2.14599e+00
  3280.000  2.11236e+00
  3285.000  2.11114e+00
  3290.000  2.12222e+00
  3295.000  2.11929e+00
  3300.000  2.10241e+00
  3305.000  2.07942e+00
  3310.000  2.06292e+00
  3315.000  2.06229e+00
  3320.000  2.06931e+00
  3325.000  2.07336e+00
  3330.000  2.07172e+00
  3335.000  2.06567e+00
  3340.000  2.06448e+00
  3345.000  2.07389e+00
  3350.000  2.07746e+00
  3355.000  2.05994e+00
  3360.000  2.03318e+00
  3365.000  2.01374e+00
  3370.000  2.00991e+00
  3375.000  2.02309e+00
  3380.000  2.03517e+00
  3385.000  2.02964e+00
  3390.000  2.01581e+00
  3395.000  2.00536e+00
  3400.000  1.99375e+00
  3405.000  1.97648e+00
  3410.000  1.96534e+00
  3415.000  1.97029e+00
  3420.000  1.97741e+00
  3425.000  1.97111e+00
  3430.000  1.95297e+00
  3435.000  1.93056e+00
  3440.000  1.91830e+00
  3445.000  1.92621e+00
  3450.000  1.93995e+00
  3455.000  1.94316e+00
  3460.000  1.93571e+00
  3465.000  1.92184e+00
  3470.000  1.90701e+00
  3475.000  1.89530e+00
  3480.000  1.88394e+00
  3485.000  1.87109e+00
  3490.000  1.86525e+00
  3495.000  1.87288e+00
  3500.000  1.88177e+00
  3505.000  1.87947e+00
  3510.000  1.82005e+00
  3515.000  1.83153e+00
  3520.000  1.83898e+00
  3525.000  1.81647e+00
  3530.000  1.84493e+00
  3535.000  1.84841e+00
  3540.000  1.84495e+00
  3545.000  1.83920e+00
  3550.000  1.81862e+00
  3555.000  1.79478e+00
  3560.000  1.80125e+00
  3565.000  1.78083e+00
  3570.000  1.76983e+00
  3575.000  1.76005e+00
  3580.000  1.75723e+00
  3585.000  1.75303e+00
  3590.000  1.73925e+00
  3595.000  1.71993e+00
  3600.000  1.71883e+00
  3605.000  1.70309e+00
  3610.000  1.71989e+00
  3615.000  1.76786e+00
  3620.000  1.74758e+00
  3625.000  1.71717e+00
  3630.000  1.72476e+00
  3635.000  1.70821e+00
  3640.000  1.69465e+00
  3645.000  1.70465e+00
  3650.000  1.68163e+00
  3655.000  1.73118e+00
  3660.000  1.74919e+00
  3665.000  1.70702e+00
  3670.000  1.71043e+00
  3675.000  1.72270e+00
  3680.000  1.71494e+00
  3685.000  1.69870e+00
  3690.000  1.71741e+00
  3695.000  1.68082e+00
  3700.000  1.67906e+00
  3705.000  1.64253e+00
  3710.000  1.64134e+00
  3715.000  1.73163e+00
  3720.000  1.69343e+00
  3725.000  1.78641e+00
  3730.000  1.82825e+00
  3735.000  1.69274e+00
  3740.000  2.01411e+00
  3745.000  1.93854e+00
  3750.000  1.63922e+00
  3755.000  2.02302e+00
  3760.000  2.35244e+00
  3765.000  2.06967e+00
  3770.000  1.65176e+00
  3775.000  2.07148e+00
  3780.000  2.69147e+00
  3785.000  2.85072e+00
  3790.000  2.51294e+00
  3795.000  1.82440e+00
  3800.000  1.80390e+00
  3805.000  2.49006e+00
  3810.000  3.00898e+00
  3815.000  3.09827e+00
  3820.000  2.96941e+00
  3825.000  2.67027e+00
  3830.000  2.07178e+00
  3835.000  1.65604e+00
  3840.000  2.12392e+00
  3845.000  2.68252e+00
  3850.000  2.95121e+00
  3855.000  3.04443e+00
  3860.000  3.11493e+00
  3865.000  3.10303e+00
  3870.000  3.07393e+00
  3875.000  2.86046e+00
  3880.000  2.42922e+00
  3885.000  1.79212e+00
  3890.000  1.60658e+00
  3895.000  2.24006e+00
  3900.000  2.74265e+00
  3905.000  2.92963e+00
  3910.000  2.99663e+00
  3915.000  3.04210e+00
  3920.000  3.05803e+00
  3925.000  3.03247e+00
  3930.000  2.94767e+00
  3935.000  2.95948e+00
  3940.000  3.00650e+00
  3945.000  3.00024e+00
  3950.000  2.90607e+00
  3955.000  2.70110e+00
  3960.000  2.34596e+00
  3965.000  1.76876e+00
  3970.000  1.42842e+00
  3975.000  1.89928e+00
  3980.000  2.44492e+00
  3985.000  2.71105e+00
  3990.000  2.79856e+00
  3995.000  2.86384e+00
  4000.000  2.86476e+00
  4005.000  2.88387e+00
  4010.000  2.88117e+00
  4015.000  2.85579e+00
  4020.000  2.82223e+00
  4025.000  2.79533e+00
  4030.000  2.80765e+00
  4035.000  2.81667e+00
  4040.000  2.79226e+00
  4045.000  2.80990e+00
  4050.000  2.82420e+00
  4055.000  2.75803e+00
  4060.000  2.74804e+00
  4065.000  2.76119e+00
  4070.000  2.70584e+00
  4075.000  2.64201e+00
  4080.000  2.59075e+00
  4085.000  2.48233e+00
  4090.000  2.27700e+00
  4095.000  1.84570e+00
  4100.000  1.38264e+00
  4105.000  1.56799e+00
  4110.000  2.05687e+00
  4115.000  2.33379e+00
  4120.000  2.44901e+00
  4125.000  2.47982e+00
  4130.000  2.44147e+00
  4135.000  2.50212e+00
  4140.000  2.53821e+00
  4145.000  2.52591e+00
  4150.000  2.56281e+00
  4155.000  2.58369e+00
  4160.000  2.55436e+00
  4165.000  2.51146e+00
  4170.000  2.47939e+00
  4175.000  2.45607e+00
  4180.000  2.46125e+00
  4185.000  2.47266e+00
  4190.000  2.46683e+00
  4195.000  2.44186e+00
  4200.000  2.42348e+00
  4205.000  2.42131e+00
  4210.000  2.43154e+00
  4215.000  2.41884e+00
  4220.000  2.42978e+00
  4225.000  2.40945e+00
  4230.000  2.37707e+00
  4235.000  2.35803e+00
  4240.000  2.36606e+00
  4245.000  2.36867e+00
  4250.000  2.36118e+00
  4255.000  2.33847e+00
  4260.000  2.33618e+00
  4265.000  2.30221e+00
  4270.000  2.29512e+00
  4275.000  2.30454e+00
  4280.000  2.31173e+00
  4285.000  2.32675e+00
  4290.000  2.29837e+00
  4295.000  2.27643e+00
  4300.000  2.24743e+00
  4305.000  2.25905e+00
  4310.000  2.22261e+00
  4315.000  2.17092e+00
  4320.000  2.13621e+00
  4325.000  2.04476e+00
  4330.000  1.83631e+00
  4335.000  1.46061e+00
  4340.000  1.14867e+00
  4345.000  1.37959e+00
  4350.000  1.74809e+00
  4355.000  1.96440e+00
  4360.000  2.07332e+00
  4365.000  2.13746e+00
  4370.000  2.16541e+00
  4375.000  2.16886e+00
  4380.000  2.14679e+00
  4385.000  2.10571e+00
  4390.000  2.12629e+00
  4395.000  2.14323e+00
  4400.000  2.15525e+00
  4405.000  2.12894e+00
  4410.000  2.08882e+00
  4415.000  2.06449e+00
  4420.000  2.03654e+00
  4425.000  2.04013e+00
  4430.000  2.05093e+00
  4435.000  2.02877e+00
  4440.000  2.04981e+00
  4445.000  2.05495e+00
  4450.000  2.05792e+00
  4455.000  2.05409e+00
  4460.000  2.04271e+00
  4465.000  2.03115e+00
  4470.000  1.98178e+00
  4475.000  1.97173e+00
  4480.000  1.96409e+00
  4485.000  1.99992e+00
  4490.000  1.98540e+00
  4495.000  1.99300e+00
  4500.000  1.99524e+00
  4505.000  1.98588e+00
  4510.000  1.95488e+00
  4515.000  1.93564e+00
  4520.000  1.94562e+00
  4525.000  1.95895e+00
  4530.000  1.94817e+00
  4535.000  1.94308e+00
  4540.000  1.92360e+00
  4545.000  1.91948e+00
  4550.000  1.89879e+00
  4555.000  1.87990e+00
  4560.000  1.88799e+00
  4565.000  1.89037e+00
  4570.000  1.90031e+00
  4575.000  1.91560e+00
  4580.000  1.89176e+00
  4585.000  1.83775e+00
  4590.000  1.85167e+00
  4595.000  1.86283e+00
  4600.000  1.86605e+00
  4605.000  1.84163e+00
  4610.000  1.85029e+00
  4615.000  1.81856e+00
  4620.000  1.78848e+00
  4625.000  1.78481e+00
  4630.000  1.79421e+00
  4635.000  1.78488e+00
  4640.000  1.77738e+00
  4645.000  1.79490e+00
  4650.000  1.79939e+00
  4655.000  1.79314e+00
  4660.000  1.77968e+00
  4665.000  1.76583e+00
  4670.000  1.76215e+00
  4675.000  1.78419e+00
  4680.000  1.80270e+00
  4685.000  1.75891e+00
  4690.000  1.74876e+00
  4695.000  1.74661e+00
  4700.000  1.72760e+00
  4705.000  1.74162e+00
  4710.000  1.72666e+00
  4715.000  1.71709e+00
  4720.000  1.70725e+00
  4725.000  1.72119e+00
  4730.000  1.69951e+00
  4735.000  1.70905e+00
  4740.000  1.71759e+00
  4745.000  1.69660e+00
  4750.000  1.67153e+00
  4755.000  1.67855e+00
  4760.000  1.65079e+00
  4765.000  1.64114e+00
  4770.000  1.63420e+00
  4775.000  1.60028e+00
  4780.000  1.58892e+00
  4785.000  1.61329e+00
  4790.000  1.63883e+00
  4795.000  1.63227e+00
  4800.000  1.60374e+00
  4805.000  1.58731e+00
  4810.000  1.59463e+00
  4815.000  1.59400e+00
  4820.000  1.58887e+00
  4825.000  1.57403e+00
  4830.000  1.58099e+00
  4835.000  1.55518e+00
  4840.000  1.50657e+00
  4845.000  1.41676e+00
  4850.000  1.29669e+00
  4855.000  1.10174e+00
  4860.000  8.90180e-01
  4865.000  9.59804e-01
  4870.000  1.19684e+00
  4875.000  1.34819e+00
  4880.000  1.43238e+00
  4885.000  1.49188e+00
  4890.000  1.54004e+00
  4895.000  1.54145e+00
  4900.000  1.49500e+00
  4905.000  1.49570e+00
  4910.000  1.50934e+00
  4915.000  1.50190e+00
  4920.000  1.49314e+00
  4925.000  1.47993e+00
  4930.000  1.51612e+00
  4935.000  1.52297e+00
  4940.000  1.51460e+00
  4945.000  1.50929e+00
  4950.000  1.48550e+00
  4955.000  1.46311e+00
  4960.000  1.48852e+00
  4965.000  1.48445e+00
  4970.000  1.47720e+00
  4975.000  1.47324e+00
  4980.000  1.46455e+00
  4985.000  1.44537e+00
  4990.000  1.44510e+00
  4995.000  1.45162e+00
  5000.000  1.42726e+00
  5005.000  1.40625e+00
  5010.000  1.39474e+00
  5015.000  1.39401e+00
  5020.000  1.36423e+00
  5025.000  1.37354e+00
  5030.000  1.37225e+00
  5035.000  1.35447e+00
  5040.000  1.34673e+00
  5045.000  1.35034e+00
  5050.000  1.35212e+00
  5055.000  1.33915e+00
  5060.000  1.35370e+00
  5065.000  1.36516e+00
  5070.000  1.34677e+00
  5075.000  1.34807e+00
  5080.000  1.36515e+00
  5085.000  1.35828e+00
  5090.000  1.34884e+00
  5095.000  1.34010e+00
  5100.000  1.33270e+00
  5105.000  1.33636e+00
  5110.000  1.33561e+00
  5115.000  1.32635e+00
  5120.000  1.30756e+00
  5125.000  1.30200e+00
  5130.000  1.28529e+00
  5135.000  1.28823e+00
  5140.000  1.28627e+00
  5145.000  1.29071e+00
  5150.000  1.25848e+00
  5155.000  1.24334e+00
  5160.000  1.26673e+00
  5165.000  1.26025e+00
  5170.000  1.23762e+00
  5175.000  1.24617e+00
  5180.000  1.24970e+00
  5185.000  1.23127e+00
  5190.000  1.22355e+00
  5195.000  1.22939e+00
  5200.000  1.22838e+00
  5205.000  1.23134e+00
  5210.000  1.21477e+00
  5215.000  1.20570e+00
  5220.000  1.21710e+00
  5225.000  1.20236e+00
  5230.000  1.18852e+00
  5235.000  1.19116e+00
  5240.000  1.20473e+00
  5245.000  1.21724e+00
  5250.000  1.20569e+00
  5255.000  1.19554e+00
  5260.000  1.18620e+00
  5265.000  1.16647e+00
  5270.000  1.15958e+00
  5275.000  1.16355e+00
  5280.000  1.17538e+00
  5285.000  1.16384e+00
  5290.000  1.16122e+00
  5295.000  1.15534e+00
  5300.000  1.15120e+00
  5305.000  1.15293e+00
  5310.000  1.14938e+00
  5315.000  1.13391e+00
  5320.000  1.13288e+00
  5325.000  1.14922e+00
  5330.000  1.13938e+00
  5335.000  1.13911e+00
  5340.000  1.13027e+00
  5345.000  1.13192e+00
  5350.000  1.13603e+00
  5355.000  1.12820e+00
  5360.000  1.11808e+00
  5365.000  1.11933e+00
  5370.000  1.10864e+00
  5375.000  1.11002e+00
  5380.000  1.11727e+00
  5385.000  1.11176e+00
  5390.000  1.10631e+00
  5395.000  1.09638e+00
  5400.000  1.09076e+00
  5405.000  1.09961e+00
  5410.000  1.10665e+00
  5415.000  1.10783e+00
  5420.000  1.10801e+00
  5425.000  1.09895e+00
  5430.000  1.07745e+00
  5435.000  1.07336e+00
  5440.000  1.07151e+00
  5445.000  1.05935e+00
  5450.000  1.06079e+00
  5455.000  1.06119e+00
  5460.000  1.05700e+00
  5465.000  1.04277e+00
  5470.000  1.03507e+00
  5475.000  1.04300e+00
  5480.000  1.03705e+00
  5485.000  1.04620e+00
  5490.000  1.03612e+00
  5495.000  1.02853e+00
  5500.000  1.01841e+00
  5505.000  1.01333e+00
  5510.000  1.01838e+00
  5515.000  1.03337e+00
  5520.000  1.02833e+00
  5525.000  1.02541e+00
  5530.000  1.01551e+00
  5535.000  1.01684e+00
  5540.000  1.01483e+00
  5545.000  9.98817e-01
  5550.000  9.97025e-01
  5555.000  1.00418e+00
  5560.000  1.00034e+00
  5565.000  9.88661e-01
  5570.000  9.81397e-01
  5575.000  9.82959e-01
  5580.000  9.76309e-01
  5585.000  9.82703e-01
  5590.000  9.88032e-01
  5595.000  9.80509e-01
  5600.000  9.74843e-01
  5605.000  9.62187e-01
  5610.000  9.62938e-01
  5615.000  9.62490e-01
  5620.000  9.46526e-01
  5625.000  9.40234e-01
  5630.000  9.50323e-01
  5635.000  9.43383e-01
  5640.000  9.33015e-01
  5645.000  9.32965e-01
  5650.000  9.22621e-01
  5655.000  9.39782e-01
  5660.000  9.37901e-01
  5665.000  9.29075e-01
  5670.000  9.21336e-01
  5675.000  9.18994e-01
  5680.000  9.18809e-01
  5685.000  9.22173e-01
  5690.000  9.13358e-01
  5695.000  9.04318e-01
  5700.000  9.03752e-01
  5705.000  8.94362e-01
  5710.000  8.89450e-01
  5715.000  8.90495e-01
  5720.000  8.97121e-01
  5725.000  8.95072e-01
  5730.000  8.94468e-01
  5735.000  8.74822e-01
  5740.000  8.73505e-01
  5745.000  8.80282e-01
  5750.000  8.80933e-01
  5755.000  8.73248e-01
  5760.000  8.77639e-01
  5765.000  8.74250e-01
  5770.000  8.69998e-01
  5775.000  8.59712e-01
  5780.000  8.46452e-01
  5785.000  8.51338e-01
  5790.000  8.46839e-01
  5795.000  8.38830e-01
  5800.000  8.43851e-01
  5805.000  8.41293e-01
  5810.000  8.42296e-01
  5815.000  8.45146e-01
  5820.000  8.48838e-01
  5825.000  8.42771e-01
  5830.000  8.36077e-01
  5835.000  8.42218e-01
  5840.000  8.37228e-01
  5845.000  8.29312e-01
  5850.000  8.29507e-01
  5855.000  8.22551e-01
  5860.000  8.35527e-01
  5865.000  8.39092e-01
  5870.000  8.23283e-01
  5875.000  8.17318e-01
  5880.000  8.21551e-01
  5885.000  7.90553e-01
  5890.000  7.45981e-01
  5895.000  7.57225e-01
  5900.000  7.89384e-01
  5905.000  8.06517e-01
  5910.000  8.09897e-01
  5915.000  8.12760e-01
  5920.000  8.03020e-01
  5925.000  8.01455e-01
  5930.000  8.02401e-01
  5935.000  7.94106e-01
  5940.000  7.90429e-01
  5945.000  7.82741e-01
  5950.000  7.75847e-01
  5955.000  7.69146e-01
  5960.000  7.68438e-01
  5965.000  7.79397e-01
  5970.000  7.78652e-01
  5975.000  7.57548e-01
  5980.000  7.51378e-01
  5985.000  7.65585e-01
  5990.000  7.68716e-01
  5995.000  7.66489e-01
  6000.000  7.71728e-01
  6005.000  7.66579e-01
  6010.000  7.65732e-01
  6015.000  7.64383e-01
  6020.000  7.62260e-01
  6025.000  7.62612e-01
  6030.000  7.64971e-01
  6035.000  7.62343e-01
  6040.000  7.51539e-01
  6045.000  7.40558e-01
  6050.000  7.43762e-01
  6055.000  7.48067e-01
  6060.000  7.42156e-01
  6065.000  7.40062e-01
  6070.000  7.40721e-01
  6075.000  7.37061e-01
  6080.000  7.40483e-01
  6085.000  7.41932e-01
  6090.000  7.44713e-01
  6095.000  7.41103e-01
  6100.000  7.31040e-01
  6105.000  7.23654e-01
  6110.000  7.26653e-01
  6115.000  7.25110e-01
  6120.000  7.22234e-01
  6125.000  7.23193e-01
  6130.000  7.23814e-01
  6135.000  7.18110e-01
  6140.000  7.12584e-01
  6145.000  7.04356e-01
  6150.000  7.06229e-01
  6155.000  7.07718e-01
  6160.000  7.03252e-01
  6165.000  7.00263e-01
  6170.000  7.01587e-01
  6175.000  6.94685e-01
  6180.000  6.95150e-01
  6185.000  6.95888e-01
  6190.000  6.98899e-01
  6195.000  6.94816e-01
  6200.000  6.90653e-01
  6205.000  6.91537e-01
  6210.000  6.87880e-01
  6215.000  6.86028e-01
  6220.000  6.83137e-01
  6225.000  6.81987e-01
  6230.000  6.80093e-01
  6235.000  6.81394e-01
  6240.000  6.80398e-01
  6245.000  6.71690e-01
  6250.000  6.74613e-01
  6255.000  6.76470e-01
  6260.000  6.72388e-01
  6265.000  6.70230e-01
  6270.000  6.62633e-01
  6275.000  6.54852e-01
  6280.000  6.40548e-01
  6285.000  6.46604e-01
  6290.000  6.56806e-01
  6295.000  6.56020e-01
  6300.000  6.61250e-01
  6305.000  6.53481e-01
  6310.000  6.49862e-01
  6315.000  6.50588e-01
  6320.000  6.47929e-01
  6325.000  6.46387e-01
  6330.000  6.42952e-01
  6335.000  6.42590e-01
  6340.000  6.40880e-01
  6345.000  6.29945e-01
  6350.000  6.31764e-01
  6355.000  6.38886e-01
  6360.000  6.38202e-01
  6365.000  6.34887e-01
  6370.000  6.23009e-01
  6375.000  6.26822e-01
  6380.000  6.30408e-01
  6385.000  6.27451e-01
  6390.000  6.25269e-01
  6395.000  6.23163e-01
  6400.000  6.22327e-01
  6405.000  6.27268e-01
  6410.000  6.26649e-01
  6415.000  6.19089e-01
  6420.000  6.20589e-01
  6425.000  6.23797e-01
  6430.000  6.20361e-01
  6435.000  6.13481e-01
  6440.000  6.15383e-01
  6445.000  6.13272e-01
  6450.000  6.06152e-01
  6455.000  6.00528e-01
  6460.000  6.03308e-01
  6465.000  6.04833e-01
  6470.000  6.02620e-01
  6475.000  6.02729e-01
  6480.000  5.97165e-01
  6485.000  5.89387e-01
  6490.000  5.91560e-01
  6495.000  5.91973e-01
  6500.000  5.93144e-01
  6505.000  5.91456e-01
  6510.000  5.88026e-01
  6515.000  5.83128e-01
  6520.000  5.86216e-01
  6525.000  5.85215e-01
  6530.000  5.83463e-01
  6535.000  5.80051e-01
  6540.000  5.68805e-01
  6545.000  5.52316e-01
  6550.000  5.29428e-01
  6555.000  4.93492e-01
  6560.000  4.36372e-01
  6565.000  4.28599e-01
  6570.000  4.85745e-01
  6575.000  5.27023e-01
  6580.000  5.47101e-01
  6585.000  5.53236e-01
  6590.000  5.57348e-01
  6595.000  5.58864e-01
  6600.000  5.62206e-01
  6605.000  5.67525e-01
  6610.000  5.71425e-01
  6615.000  5.70582e-01
  6620.000  5.64280e-01
  6625.000  5.62008e-01
  6630.000  5.64004e-01
  6635.000  5.62307e-01
  6640.000  5.57549e-01
  6645.000  5.61951e-01
  6650.000  5.57858e-01
  6655.000  5.52535e-01
  6660.000  5.49094e-01
  6665.000  5.44985e-01
  6670.000  5.39777e-01
  6675.000  5.33746e-01
  6680.000  5.33405e-01
  6685.000  5.36387e-01
  6690.000  5.36552e-01
  6695.000  5.38165e-01
  6700.000  5.33213e-01
  6705.000  5.32522e-01
  6710.000  5.35017e-01
  6715.000  5.32980e-01
  6720.000  5.34021e-01
  6725.000  5.37009e-01
  6730.000  5.32321e-01
  6735.000  5.30800e-01
  6740.000  5.25219e-01
  6745.000  5.28069e-01
  6750.000  5.30182e-01
  6755.000  5.30096e-01
  6760.000  5.29146e-01
  6765.000  5.28988e-01
  6770.000  5.24369e-01
  6775.000  5.20585e-01
  6780.000  5.15954e-01
  6785.000  5.17241e-01
  6790.000  5.18936e-01
  6795.000  5.18616e-01
  6800.000  5.15526e-01
  6805.000  5.13619e-01
  6810.000  5.07756e-01
  6815.000  5.06874e-01
  6820.000  5.05715e-01
  6825.000  5.09969e-01
  6830.000  5.09773e-01
  6835.000  5.12180e-01
  6840.000  5.13704e-01
  6845.000  5.12361e-01
  6850.000  5.11119e-01
  6855.000  5.09891e-01
  6860.000  5.08590e-01
  6865.000  5.07301e-01
  6870.000  5.06034e-01
  6875.000  5.04795e-01
  6880.000  5.03591e-01
  6885.000  5.02356e-01
  6890.000  5.01129e-01
  6895.000  4.99990e-01
  6900.000  4.98908e-01
  6905.000  4.97826e-01
  6910.000  4.96754e-01
  6915.000  4.95637e-01
  6920.000  4.94532e-01
  6925.000  4.93526e-01
  6930.000  4.92462e-01
  6935.000  4.91336e-01
  6940.000  4.90195e-01
  6945.000  4.89131e-01
  6950.000  4.87957e-01
  6955.000  4.86825e-01
  6960.000  4.85619e-01
  6965.000  4.84504e-01
  6970.000  4.83132e-01
  6975.000  4.79266e-01
  6980.000  4.78660e-01
  6985.000  4.72638e-01
  6990.000  4.69377e-01
  6995.000  4.74096e-01
  7000.000  4.72623e-01
  7005.000  4.66437e-01
  7010.000  4.68618e-01
  7015.000  4.63912e-01
  7020.000  4.65012e-01
  7025.000  4.62007e-01
  7030.000  4.64057e-01
  7035.000  4.67001e-01
  7040.000  4.60831e-01
  7045.000  4.59544e-01
  7050.000  4.60540e-01
  7055.000  4.61922e-01
  7060.000  4.57438e-01
  7065.000  4.57063e-01
  7070.000  4.60478e-01
  7075.000  4.53110e-01
  7080.000  4.56095e-01
  7085.000  4.60682e-01
  7090.000  4.58165e-01
  7095.000  4.51771e-01
  7100.000  4.48847e-01
  7105.000  4.46704e-01
  7110.000  4.52552e-01
  7115.000  4.54658e-01
  7120.000  4.51940e-01
  7125.000  4.53543e-01
  7130.000  4.54152e-01
  7135.000  4.52582e-01
  7140.000  4.52015e-01
  7145.000  4.50107e-01
  7150.000  4.48997e-01
  7155.000  4.49359e-01
  7160.000  4.45904e-01
  7165.000  4.39014e-01
  7170.000  4.30776e-01
  7175.000  4.27337e-01
  7180.000  4.22870e-01
  7185.000  4.20163e-01
  7190.000  4.22049e-01
  7195.000  4.21574e-01
  7200.000  4.17897e-01
  7205.000  4.21770e-01
  7210.000  4.31976e-01
  7215.000  4.39522e-01
  7220.000  4.39300e-01
  7225.000  4.35817e-01
  7230.000  4.28033e-01
  7235.000  4.19587e-01
  7240.000  4.24705e-01
  7245.000  4.28432e-01
  7250.000  4.26094e-01
  7255.000  4.15419e-01
  7260.000  4.14574e-01
  7265.000  4.09791e-01
  7270.000  4.14873e-01
  7275.000  4.09512e-01
  7280.000  4.15691e-01
  7285.000  4.07664e-01
  7290.000  4.04008e-01
  7295.000  4.11135e-01
  7300.000  4.09468e-01
  7305.000  4.07901e-01
  7310.000  4.09552e-01
  7315.000  4.07108e-01
  7320.000  4.07581e-01
  7325.000  4.06922e-01
  7330.000  4.06904e-01
  7335.000  4.08012e-01
  7340.000  4.03400e-01
  7345.000  4.01102e-01
  7350.000  4.03979e-01
  7355.000  4.04543e-01
  7360.000  4.00716e-01
  7365.000  3.97830e-01
  7370.000  4.00393e-01
  7375.000  4.01637e-01
  7380.000  3.99773e-01
  7385.000  3.96265e-01
  7390.000  3.92490e-01
  7395.000  3.85844e-01
  7400.000  3.86277e-01
  7405.000  3.88531e-01
  7410.000  3.91451e-01
  7415.000  3.93302e-01
  7420.000  3.91120e-01
  7425.000  3.98265e-01
  7430.000  3.98873e-01
  7435.000  3.96744e-01
  7440.000  3.95362e-01
  7445.000  3.95270e-01
  7450.000  3.95815e-01
  7455.000  3.93666e-01
  7460.000  3.92682e-01
  7465.000  3.93469e-01
  7470.000  3.91679e-01
  7475.000  3.89833e-01
  7480.000  3.90123e-01
  7485.000  3.88943e-01
  7490.000  3.89005e-01
  7495.000  3.88115e-01
  7500.000  3.87563e-01
  7505.000  3.86131e-01
  7510.000  3.85685e-01
  7515.000  3.86107e-01
  7520.000  3.84200e-01
  7525.000  3.82266e-01
  7530.000  3.82684e-01
  7535.000  3.82018e-01
  7540.000  3.80407e-01
  7545.000  3.78708e-01
  7550.000  3.78295e-01
  7555.000  3.77553e-01
  7560.000  3.76857e-01
  7565.000  3.76158e-01
  7570.000  3.75445e-01
  7575.000  3.74733e-01
  7580.000  3.74068e-01
  7585.000  3.73349e-01
  7590.000  3.72589e-01
  7595.000  3.71876e-01
  7600.000  3.71154e-01
  7605.000  3.70396e-01
  7610.000  3.69604e-01
  7615.000  3.68821e-01
  7620.000  3.68032e-01
  7625.000  3.67241e-01
  7630.000  3.66445e-01
  7635.000  3.65646e-01
  7640.000  3.64842e-01
  7645.000  3.64035e-01
  7650.000  3.63225e-01
  7655.000  3.62412e-01
  7660.000  3.61597e-01
  7665.000  3.60781e-01
  7670.000  3.59966e-01
  7675.000  3.59188e-01
  7680.000  3.58393e-01
  7685.000  3.57572e-01
  7690.000  3.56758e-01
  7695.000  3.55984e-01
  7700.000  3.55197e-01
  7705.000  3.54542e-01
  7710.000  3.54165e-01
  7715.000  3.53870e-01
  7720.000  3.53365e-01
  7725.000  3.52698e-01
  7730.000  3.51881e-01
  7735.000  3.50133e-01
  7740.000  3.50084e-01
  7745.000  3.49928e-01
  7750.000  3.48851e-01
  7755.000  3.47393e-01
  7760.000  3.47041e-01
  7765.000  3.42808e-01
  7770.000  3.35281e-01
  7775.000  3.33800e-01
  7780.000  3.38464e-01
  7785.000  3.41644e-01
  7790.000  3.42938e-01
  7795.000  3.42447e-01
  7800.000  3.42873e-01
  7805.000  3.40667e-01
  7810.000  3.40243e-01
  7815.000  3.40787e-01
  7820.000  3.37293e-01
  7825.000  3.37082e-01
  7830.000  3.35329e-01
  7835.000  3.35391e-01
  7840.000  3.34809e-01
  7845.000  3.33643e-01
  7850.000  3.32859e-01
  7855.000  3.31973e-01
  7860.000  3.33222e-01
  7865.000  3.31713e-01
  7870.000  3.30690e-01
  7875.000  3.28382e-01
  7880.000  3.27033e-01
  7885.000  3.27561e-01
  7890.000  3.26357e-01
  7895.000  3.23549e-01
  7900.000  3.22740e-01
  7905.000  3.25264e-01
  7910.000  3.26889e-01
  7915.000  3.24674e-01
  7920.000  3.22378e-01
  7925.000  3.23719e-01
  7930.000  3.23123e-01
  7935.000  3.22532e-01
  7940.000  3.20195e-01
  7945.000  3.18445e-01
  7950.000  3.17955e-01
  7955.000  3.18781e-01
  7960.000  3.15991e-01
  7965.000  3.16821e-01
  7970.000  3.16133e-01
  7975.000  3.17108e-01
  7980.000  3.14590e-01
  7985.000  3.16336e-01
  7990.000  3.15866e-01
  7995.000  3.13923e-01
  8000.000  3.12521e-01
  8005.000  3.12326e-01
  8010.000  3.11763e-01
  8015.000  3.09745e-01
  8020.000  3.09386e-01
  8025.000  3.09793e-01
  8030.000  3.09254e-01
  8035.000  3.08409e-01
  8040.000  3.08292e-01
  8045.000  3.08986e-01
  8050.000  3.05668e-01
  8055.000  3.07097e-01
  8060.000  3.05865e-01
  8065.000  3.03896e-01
  8070.000  3.05667e-01
  8075.000  3.04617e-01
  8080.000  3.04098e-01
  8085.000  3.03785e-01
  8090.000  3.02301e-01
  8095.000  3.03563e-01
  8100.000  3.01380e-01
  8105.000  3.03301e-01
  8110.000  3.02705e-01
  8115.000  3.02696e-01
  8120.000  2.99655e-01
  8125.000  2.99435e-01
  8130.000  2.99112e-01
  8135.000  2.97723e-01
  8140.000  2.97639e-01
  8145.000  2.96415e-01
  8150.000  2.93570e-01
  8155.000  2.91964e-01
  8160.000  2.89680e-01
  8165.000  2.88684e-01
  8170.000  2.90930e-01
  8175.000  2.89932e-01
  8180.000  2.90022e-01
  8185.000  2.88224e-01
  8190.000  2.89128e-01
  8195.000  2.89239e-01
  8200.000  2.90536e-01
  8205.000  2.92000e-01
  8210.000  2.92091e-01
  8215.000  2.90271e-01
  8220.000  2.85148e-01
  8225.000  2.80781e-01
  8230.000  2.76982e-01
  8235.000  2.84254e-01
  8240.000  2.85423e-01
  8245.000  2.84906e-01
  8250.000  2.87071e-01
  8255.000  2.83461e-01
  8260.000  2.84999e-01
  8265.000  2.85594e-01
  8270.000  2.82900e-01
  8275.000  2.79680e-01
  8280.000  2.81411e-01
  8285.000  2.80898e-01
  8290.000  2.78984e-01
  8295.000  2.76939e-01
  8300.000  2.79036e-01
  8305.000  2.78202e-01
  8310.000  2.77760e-01
  8315.000  2.78234e-01
  8320.000  2.75065e-01
  8325.000  2.77659e-01
  8330.000  2.76561e-01
  8335.000  2.75815e-01
  8340.000  2.74370e-01
  8345.000  2.75226e-01
  8350.000  2.75338e-01
  8355.000  2.72469e-01
  8360.000  2.71412e-01
  8365.000  2.73756e-01
  8370.000  2.71859e-01
  8375.000  2.71635e-01
  8380.000  2.70961e-01
  8385.000  2.70227e-01
  8390.000  2.70548e-01
  8395.000  2.68506e-01
  8400.000  2.69217e-01
  8405.000  2.67422e-01
  8410.000  2.65541e-01
  8415.000  2.66768e-01
  8420.000  2.66302e-01
  8425.000  2.65487e-01
  8430.000  2.63567e-01
  8435.000  2.62362e-01
  8440.000  2.59472e-01
  8445.000  2.58499e-01
  8450.000  2.58831e-01
  8455.000  2.59622e-01
  8460.000  2.59255e-01
  8465.000  2.55383e-01
  8470.000  2.55124e-01
  8475.000  2.56987e-01
  8480.000  2.57975e-01
  8485.000  2.56958e-01
  8490.000  2.56845e-01
  8495.000  2.52220e-01
  8500.000  2.46881e-01
  8505.000  2.48365e-01
  8510.000  2.50455e-01
  8515.000  2.51622e-01
  8520.000  2.52804e-01
  8525.000  2.52517e-01
  8530.000  2.50177e-01
  8535.000  2.44966e-01
  8540.000  2.41393e-01
  8545.000  2.39274e-01
  8550.000  2.41017e-01
  8555.000  2.45276e-01
  8560.000  2.51371e-01
  8565.000  2.54369e-01
  8570.000  2.54682e-01
  8575.000  2.54085e-01
  8580.000  2.49313e-01
  8585.000  2.43142e-01
  8590.000  2.37085e-01
  8595.000  2.33489e-01
  8600.000  2.30972e-01
  8605.000  2.34289e-01
  8610.000  2.44879e-01
  8615.000  2.51868e-01
  8620.000  2.55199e-01
  8625.000  2.58355e-01
  8630.000  2.60010e-01
  8635.000  2.60684e-01
  8640.000  2.55223e-01
  8645.000  2.53136e-01
  8650.000  2.45140e-01
  8655.000  2.34737e-01
  8660.000  2.26300e-01
  8665.000  2.23325e-01
  8670.000  2.22163e-01
  8675.000  2.29002e-01
  8680.000  2.39832e-01
  8685.000  2.46896e-01
  8690.000  2.51883e-01
  8695.000  2.56676e-01
  8700.000  2.61131e-01
  8705.000  2.62451e-01
  8710.000  2.61018e-01
  8715.000  2.60325e-01
  8720.000  2.58168e-01
  8725.000  2.52642e-01
  8730.000  2.49421e-01
  8735.000  2.39069e-01
  8740.000  2.27747e-01
  8745.000  2.16216e-01
  8750.000  2.12452e-01
  8755.000  2.14622e-01
  8760.000  2.22493e-01
  8765.000  2.31984e-01
  8770.000  2.37534e-01
  8775.000  2.41162e-01
  8780.000  2.43464e-01
  8785.000  2.45290e-01
  8790.000  2.45322e-01
  8795.000  2.46239e-01
  8800.000  2.47332e-01
  8805.000  2.46786e-01
  8810.000  2.44265e-01
  8815.000  2.42523e-01
  8820.000  2.39178e-01
  8825.000  2.34566e-01
  8830.000  2.30431e-01
  8835.000  2.25973e-01
  8840.000  2.19989e-01
  8845.000  2.15091e-01
  8850.000  2.08805e-01
  8855.000  2.02691e-01
  8860.000  1.99857e-01
  8865.000  2.00698e-01
  8870.000  2.07240e-01
  8875.000  2.15076e-01
  8880.000  2.21580e-01
  8885.000  2.26777e-01
  8890.000  2.30606e-01
  8895.000  2.32100e-01
  8900.000  2.33734e-01
  8905.000  2.34299e-01
  8910.000  2.34094e-01
  8915.000  2.33102e-01
  8920.000  2.33257e-01
  8925.000  2.33288e-01
  8930.000  2.32113e-01
  8935.000  2.31893e-01
  8940.000  2.31883e-01
  8945.000  2.31192e-01
  8950.000  2.29907e-01
  8955.000  2.28695e-01
  8960.000  2.26562e-01
  8965.000  2.24044e-01
  8970.000  2.21612e-01
  8975.000  2.18706e-01
  8980.000  2.13881e-01
  8985.000  2.08081e-01
  8990.000  2.00388e-01
  8995.000  1.96719e-01
  9000.000  1.89791e-01
  9005.000  1.85250e-01
  9010.000  1.84044e-01
  9015.000  1.84432e-01
  9020.000  1.89337e-01
  9025.000  1.97782e-01
  9030.000  2.07269e-01
  9035.000  2.14106e-01
  9040.000  2.18676e-01
  9045.000  2.20615e-01
  9050.000  2.21382e-01
  9055.000  2.21571e-01
  9060.000  2.21123e-01
  9065.000  2.19427e-01
  9070.000  2.18267e-01
  9075.000  2.17890e-01
  9080.000  2.17143e-01
  9085.000  2.17211e-01
  9090.000  2.17245e-01
  9095.000  2.15496e-01
  9100.000  2.16601e-01
  9105.000  2.17083e-01
  9110.000  2.17203e-01
  9115.000  2.16653e-01
  9120.000  2.15802e-01
  9125.000  2.16436e-01
  9130.000  2.15292e-01
  9135.000  2.12627e-01
  9140.000  2.12445e-01
  9145.000  2.11494e-01
  9150.000  2.08469e-01
  9155.000  2.06200e-01
  9160.000  2.06998e-01
  9165.000  2.09347e-01
  9170.000  2.09645e-01
  9175.000  2.09341e-01
  9180.000  2.09841e-01
  9185.000  2.08540e-01
  9190.000  2.07269e-01
  9195.000  2.04311e-01
  9200.000  2.00703e-01
  9205.000  1.95566e-01
  9210.000  1.88763e-01
  9215.000  1.82240e-01
  9220.000  1.77601e-01
  9225.000  1.73134e-01
  9230.000  1.72307e-01
  9235.000  1.76355e-01
  9240.000  1.82611e-01
  9245.000  1.88132e-01
  9250.000  1.91321e-01
  9255.000  1.94260e-01
  9260.000  1.96225e-01
  9265.000  1.98870e-01
  9270.000  2.01666e-01
  9275.000  2.03564e-01
  9280.000  2.05522e-01
  9285.000  2.05451e-01
  9290.000  2.03555e-01
  9295.000  2.01139e-01
  9300.000  1.96530e-01
  9305.000  1.92430e-01
  9310.000  1.88229e-01
  9315.000  1.83525e-01
  9320.000  1.82294e-01
  9325.000  1.84037e-01
  9330.000  1.87576e-01
  9335.000  1.88395e-01
  9340.000  1.87508e-01
  9345.000  1.87811e-01
  9350.000  1.95177e-01
  9355.000  1.90553e-01
  9360.000  1.91834e-01
  9365.000  1.95683e-01
  9370.000  1.93500e-01
  9375.000  1.94923e-01
  9380.000  1.93070e-01
  9385.000  2.00677e-01
  9390.000  2.03777e-01
  9395.000  2.06363e-01
  9400.000  2.03687e-01
  9405.000  2.01658e-01
  9410.000  1.99290e-01
  9415.000  1.95262e-01
  9420.000  1.92953e-01
  9425.000  1.86052e-01
  9430.000  1.82624e-01
  9435.000  1.85675e-01
  9440.000  1.79316e-01
  9445.000  1.83245e-01
  9450.000  1.86419e-01
  9455.000  1.84764e-01
  9460.000  1.84401e-01
  9465.000  1.87134e-01
  9470.000  1.86444e-01
  9475.000  1.86903e-01
  9480.000  1.84205e-01
  9485.000  1.86344e-01
  9490.000  1.86716e-01
  9495.000  1.81286e-01
  9500.000  1.79321e-01
  9505.000  1.83408e-01
  9510.000  1.83523e-01
  9515.000  1.78219e-01
  9520.000  1.71085e-01
  9525.000  1.67507e-01
  9530.000  1.64364e-01
  9535.000  1.62784e-01
  9540.000  1.55821e-01
  9545.000  1.51469e-01
  9550.000  1.55074e-01
  9555.000  1.59772e-01
  9560.000  1.65542e-01
  9565.000  1.68555e-01
  9570.000  1.75082e-01
  9575.000  1.80859e-01
  9580.000  1.77802e-01
  9585.000  1.78747e-01
  9590.000  1.78777e-01
  9595.000  1.78721e-01
  9600.000  1.78471e-01
  9605.000  1.79039e-01
  9610.000  1.78925e-01
  9615.000  1.76727e-01
  9620.000  1.77445e-01
  9625.000  1.75533e-01
  9630.000  1.75640e-01
  9635.000  1.73693e-01
  9640.000  1.74385e-01
  9645.000  1.75119e-01
  9650.000  1.75982e-01
  9655.000  1.77099e-01
  9660.000  1.75993e-01
  9665.000  1.78298e-01
  9670.000  1.77017e-01
  9675.000  1.76929e-01
  9680.000  1.78740e-01
  9685.000  1.77246e-01
  9690.000  1.78058e-01
  9695.000  1.78635e-01
  9700.000  1.76951e-01
  9705.000  1.74918e-01
  9710.000  1.75379e-01
  9715.000  1.73571e-01
  9720.000  1.73801e-01
  9725.000  1.73499e-01
  9730.000  1.73984e-01
  9735.000  1.72316e-01
  9740.000  1.70103e-01
  9745.000  1.71930e-01
  9750.000  1.72304e-01
  9755.000  1.70592e-01
  9760.000  1.68876e-01
  9765.000  1.68426e-01
  9770.000  1.71608e-01
  9775.000  1.68599e-01
  9780.000  1.68451e-01
  9785.000  1.67648e-01
  9790.000  1.66751e-01
  9795.000  1.67471e-01
  9800.000  1.64359e-01
  9805.000  1.66075e-01
  9810.000  1.66949e-01
  9815.000  1.66965e-01
  9820.000  1.69449e-01
  9825.000  1.66647e-01
  9830.000  1.67291e-01
  9835.000  1.65297e-01
  9840.000  1.66935e-01
  9845.000  1.68527e-01
  9850.000  1.66795e-01
  9855.000  1.66008e-01
  9860.000  1.63735e-01
  9865.000  1.63200e-01
  9870.000  1.63333e-01
  9875.000  1.63268e-01
  9880.000  1.63974e-01
  9885.000  1.64705e-01
  9890.000  1.64583e-01
  9895.000  1.63699e-01
  9900.000  1.64489e-01
  9905.000  1.65788e-01
  9910.000  1.61094e-01
  9915.000  1.60047e-01
  9920.000  1.59290e-01
  9925.000  1.54152e-01
  9930.000  1.55191e-01
  9935.000  1.57517e-01
  9940.000  1.60905e-01
  9945.000  1.60590e-01
  9950.000  1.59002e-01
  9955.000  1.58019e-01
  9960.000  1.59694e-01
  9965.000  1.55581e-01
  9970.000  1.58267e-01
  9975.000  1.57863e-01
  9980.000  1.54931e-01
  9985.000  1.52574e-01
  9990.000  1.54064e-01
  9995.000  1.51530e-01
 10000.000  1.47045e-01
 10005.000  1.46888e-01
 10010.000  1.44706e-01
 10015.000  1.42673e-01
 10020.000  1.40193e-01
 10025.000  1.39146e-01
 10030.000  1.38961e-01
 10035.000  1.33309e-01
 10040.000  1.33070e-01
 10045.000  1.27746e-01
 10050.000  1.24751e-01
 10055.000  1.30441e-01
 10060.000  1.29449e-01
 10065.000  1.32737e-01
 10070.000  1.35834e-01
 10075.000  1.42719e-01
 10080.000  1.43529e-01
 10085.000  1.43962e-01
 10090.000  1.44926e-01
 10095.000  1.45920e-01
 10100.000  1.48291e-01
 10105.000  1.44326e-01
 10110.000  1.42404e-01
 10115.000  1.43364e-01
 10120.000  1.42889e-01
 10125.000  1.44872e-01
 10130.000  1.47581e-01
 10135.000  1.44184e-01
 10140.000  1.45387e-01
 10145.000  1.51650e-01
 10150.000  1.47712e-01
 10155.000  1.39699e-01
 10160.000  1.51414e-01
 10165.000  1.45875e-01
 10170.000  1.48376e-01
 10175.000  1.43431e-01
 10180.000  1.43475e-01
 10185.000  1.42992e-01
 10190.000  1.42860e-01
 10195.000  1.43199e-01
 10200.000  1.33539e-01
 10205.000  1.34194e-01
 10210.000  1.35326e-01
 10215.000  1.36570e-01
 10220.000  1.37556e-01
 10225.000  1.38025e-01
 10230.000  1.38140e-01
 10235.000  1.38172e-01
 10240.000  1.38390e-01
 10245.000  1.38965e-01
 10250.000  1.39666e-01
 10255.000  1.40163e-01
 10260.000  1.40125e-01
 10265.000  1.39324e-01
 10270.000  1.37934e-01
 10275.000  1.36234e-01
 10280.000  1.34500e-01
 10285.000  1.32983e-01
 10290.000  1.31830e-01
 10295.000  1.31161e-01
 10300.000  1.31096e-01
 10305.000  1.33716e-01
 10310.000  1.34118e-01
 10315.000  1.34568e-01
 10320.000  1.34910e-01
 10325.000  1.35028e-01
 10330.000  1.34972e-01
 10335.000  1.34836e-01
 10340.000  1.34711e-01
 10345.000  1.34667e-01
 10350.000  1.34692e-01
 10355.000  1.34753e-01
 10360.000  1.34816e-01
 10365.000  1.34846e-01
 10370.000  1.34812e-01
 10375.000  1.34680e-01
 10380.000  1.34418e-01
 10385.000  1.34015e-01
 10390.000  1.33551e-01
 10395.000  1.33131e-01
 10400.000  1.32858e-01
 10405.000  1.32794e-01
 10410.000  1.32843e-01
 10415.000  1.32867e-01
 10420.000  1.32728e-01
 10425.000  1.32316e-01
 10430.000  1.31619e-01
 10435.000  1.30654e-01
 10440.000  1.29436e-01
 10445.000  1.28039e-01
 10450.000  1.26770e-01
 10455.000  1.25991e-01
 10460.000  1.26067e-01
 10465.000  1.27188e-01
 10470.000  1.28852e-01
 10475.000  1.30384e-01
 10480.000  1.31109e-01
 10485.000  1.30560e-01
 10490.000  1.29100e-01
 10495.000  1.27303e-01
 10500.000  1.25741e-01
