# pickles/k5v  |  Pickles 1998, PASP 110, 863
# columns: wavelength_Angstrom  flam_erg_s_cm2_A (absolute scale arbitrary - ETC renormalizes)
  1150.000  0.00000e+00
  1155.000  0.00000e+00
  1160.000  0.00000e+00
  1165.000  0.00000e+00
  1170.000  0.00000e+00
  1175.000  0.00000e+00
  1180.000  0.00000e+00
  1185.000  0.00000e+00
  1190.000  0.00000e+00
  1195.000  0.00000e+00
  1200.000  0.00000e+00
  1205.000  0.00000e+00
  1210.000  0.00000e+00
  1215.000  0.00000e+00
  1220.000  0.00000e+00
  1225.000  0.00000e+00
  1230.000  0.00000e+00
  1235.000  0.00000e+00
  1240.000  0.00000e+00
  1245.000  0.00000e+00
  1250.000  0.00000e+00
  1255.000  0.00000e+00
  1260.000  0.00000e+00
  1265.000  0.00000e+00
  1270.000  0.00000e+00
  1275.000  0.00000e+00
  1280.000  0.00000e+00
  1285.000  0.00000e+00
  1290.000  0.00000e+00
  1295.000  0.00000e+00
  1300.000  0.00000e+00
  1305.000  0.00000e+00
  1310.000  0.00000e+00
  1315.000  0.00000e+00
  1320.000  0.00000e+00
  1325.000  0.00000e+00
  1330.000  0.00000e+00
  1335.000  0.00000e+00
  1340.000  0.00000e+00
  1345.000  0.00000e+00
  1350.000  0.00000e+00
  1355.000  0.00000e+00
  1360.000  0.00000e+00
  1365.000  0.00000e+00
  1370.000  0.00000e+00
  1375.000  0.00000e+00
  1380.000  0.00000e+00
  1385.000  0.00000e+00
  1390.000  0.00000e+00
  1395.000  0.00000e+00
  1400.000  0.00000e+00
  1405.000  0.00000e+00
  1410.000  0.00000e+00
  1415.000  0.00000e+00
  1420.000  0.00000e+00
  1425.000  0.00000e+00
  1430.000  0.00000e+00
  1435.000  0.00000e+00
  1440.000  0.00000e+00
  1445.000  0.00000e+00
  1450.000  0.00000e+00
  1455.000  0.00000e+00
  1460.000  0.00000e+00
  1465.000  0.00000e+00
  1470.000  0.00000e+00
  1475.000  0.00000e+00
  1480.000  0.00000e+00
  1485.000  0.00000e+00
  1490.000  0.00000e+00
  1495.000  0.00000e+00
  1500.000  0.00000e+00
  1505.000  0.00000e+00
  1510.000  0.00000e+00
  1515.000  0.00000e+00
  1520.000  0.00000e+00
  1525.000  0.00000e+00
  1530.000  0.00000e+00
  1535.000  0.00000e+00
  1540.000  0.00000e+00
  1545.000  0.00000e+00
  1550.000  0.00000e+00
  1555.000  0.00000e+00
  1560.000  0.00000e+00
  1565.000  0.00000e+00
  1570.000  0.00000e+00
  1575.000  0.00000e+00
  1580.000  0.00000e+00
  1585.000  0.00000e+00
  1590.000  0.00000e+00
  1595.000  0.00000e+00
  1600.000  0.00000e+00
  1605.000  0.00000e+00
  1610.000  0.00000e+00
  1615.000  0.00000e+00
  1620.000  0.00000e+00
  1625.000  0.00000e+00
  1630.000  0.00000e+00
  1635.000  0.00000e+00
  1640.000  0.00000e+00
  1645.000  0.00000e+00
  1650.000  0.00000e+00
  1655.000  0.00000e+00
  1660.000  0.00000e+00
  1665.000  0.00000e+00
  1670.000  0.00000e+00
  1675.000  0.00000e+00
  1680.000  0.00000e+00
  1685.000  0.00000e+00
  1690.000  0.00000e+00
  1695.000  0.00000e+00
  1700.000  0.00000e+00
  1705.000  0.00000e+00
  1710.000  0.00000e+00
  1715.000  0.00000e+00
  1720.000  0.00000e+00
  1725.000  0.00000e+00
  1730.000  0.00000e+00
  1735.000  0.00000e+00
  1740.000  0.00000e+00
  1745.000  0.00000e+00
  1750.000  0.00000e+00
  1755.000  0.00000e+00
  1760.000  0.00000e+00
  1765.000  0.00000e+00
  1770.000  0.00000e+00
  1775.000  0.00000e+00
  1780.000  0.00000e+00
  1785.000  0.00000e+00
  1790.000  0.00000e+00
  1795.000  0.00000e+00
  1800.000  0.00000e+00
  1805.000  0.00000e+00
  1810.000  0.00000e+00
  1815.000  0.00000e+00
  1820.000  0.00000e+00
  1825.000  0.00000e+00
  1830.000  0.00000e+00
  1835.000  0.00000e+00
  1840.000  0.00000e+00
  1845.000  0.00000e+00
  1850.000  0.00000e+00
  1855.000  0.00000e+00
  1860.000  0.00000e+00
  1865.000  0.00000e+00
  1870.000  0.00000e+00
  1875.000  0.00000e+00
  1880.000  0.00000e+00
  1885.000  0.00000e+00
  1890.000  0.00000e+00
  1895.000  0.00000e+00
  1900.000  0.00000e+00
  1905.000  0.00000e+00
  1910.000  0.00000e+00
  1915.000  0.00000e+00
  1920.000  0.00000e+00
  1925.000  0.00000e+00
  1930.000  0.00000e+00
  1935.000  0.00000e+00
  1940.000  0.00000e+00
  1945.000  0.00000e+00
  1950.000  0.00000e+00
  1955.000  0.00000e+00
  1960.000  0.00000e+00
  1965.000  0.00000e+00
  1970.000  0.00000e+00
  1975.000  0.00000e+00
  1980.000  0.00000e+00
  1985.000  0.00000e+00
  1990.000  0.00000e+00
  1995.000  0.00000e+00
  2000.000  0.00000e+00
  2005.000  0.00000e+00
  2010.000  0.00000e+00
  2015.000  0.00000e+00
  2020.000  0.00000e+00
  2025.000  0.00000e+00
  2030.000  0.00000e+00
  2035.000  0.00000e+00
  2040.000  0.00000e+00
  2045.000  0.00000e+00
  2050.000  0.00000e+00
  2055.000  0.00000e+00
  2060.000  0.00000e+00
  2065.000  0.00000e+00
  2070.000  0.00000e+00
  2075.000  0.00000e+00
  2080.000  0.00000e+00
  2085.000  0.00000e+00
  2090.000  0.00000e+00
  2095.000  0.00000e+00
  2100.000  0.00000e+00
  2105.000  0.00000e+00
  2110.000  0.00000e+00
  2115.000  0.00000e+00
  2120.000  0.00000e+00
  2125.000  0.00000e+00
  2130.000  0.00000e+00
  2135.000  0.00000e+00
  2140.000  0.00000e+00
  2145.000  0.00000e+00
  2150.000  0.00000e+00
  2155.000  0.00000e+00
  2160.000  0.00000e+00
  2165.000  0.00000e+00
  2170.000  0.00000e+00
  2175.000  0.00000e+00
  2180.000  0.00000e+00
  2185.000  0.00000e+00
  2190.000  0.00000e+00
  2195.000  0.00000e+00
  2200.000  0.00000e+00
  2205.000  0.00000e+00
  2210.000  0.00000e+00
  2215.000  0.00000e+00
  2220.000  0.00000e+00
  2225.000  0.00000e+00
  2230.000  0.00000e+00
  2235.000  0.00000e+00
  2240.000  0.00000e+00
  2245.000  0.00000e+00
  2250.000  0.00000e+00
  2255.000  0.00000e+00
  2260.000  0.00000e+00
  2265.000  0.00000e+00
  2270.000  0.00000e+00
  2275.000  0.00000e+00
  2280.000  0.00000e+00
  2285.000  0.00000e+00
  2290.000  0.00000e+00
  2295.000  0.00000e+00
  2300.000  0.00000e+00
  2305.000  0.00000e+00
  2310.000  0.00000e+00
  2315.000  0.00000e+00
  2320.000  0.00000e+00
  2325.000  0.00000e+00
  2330.000  0.00000e+00
  2335.000  0.00000e+00
  2340.000  0.00000e+00
  2345.000  0.00000e+00
  2350.000  0.00000e+00
  2355.000  1.00000e-06
  2360.000  2.00000e-06
  2365.000  3.00000e-06
  2370.000  5.00000e-06
  2375.000  5.00000e-06
  2380.000  6.00000e-06
  2385.000  6.00000e-06
  2390.000  5.00000e-06
  2395.000  3.00000e-06
  2400.000  0.00000e+00
  2405.000  0.00000e+00
  2410.000  0.00000e+00
  2415.000  0.00000e+00
  2420.000  0.00000e+00
  2425.000  0.00000e+00
  2430.000  0.00000e+00
  2435.000  0.00000e+00
  2440.000  0.00000e+00
  2445.000  0.00000e+00
  2450.000  0.00000e+00
  2455.000  1.40000e-05
  2460.000  3.10000e-05
  2465.000  4.80000e-05
  2470.000  6.30000e-05
  2475.000  7.50000e-05
  2480.000  8.00000e-05
  2485.000  7.70000e-05
  2490.000  6.40000e-05
  2495.000  3.90000e-05
  2500.000  0.00000e+00
  2505.000  0.00000e+00
  2510.000  0.00000e+00
  2515.000  0.00000e+00
  2520.000  0.00000e+00
  2525.000  0.00000e+00
  2530.000  0.00000e+00
  2535.000  0.00000e+00
  2540.000  0.00000e+00
  2545.000  0.00000e+00
  2550.000  0.00000e+00
  2555.000  2.04000e-04
  2560.000  4.58000e-04
  2565.000  7.50000e-04
  2570.000  1.07000e-03
  2575.000  1.40700e-03
  2580.000  1.74800e-03
  2585.000  2.08400e-03
  2590.000  2.40300e-03
  2595.000  2.69400e-03
  2600.000  2.94600e-03
  2605.000  3.15100e-03
  2610.000  3.31200e-03
  2615.000  3.43800e-03
  2620.000  3.53600e-03
  2625.000  3.61200e-03
  2630.000  3.67400e-03
  2635.000  3.73000e-03
  2640.000  3.78600e-03
  2645.000  3.84900e-03
  2650.000  3.92800e-03
  2655.000  4.02700e-03
  2660.000  4.14100e-03
  2665.000  4.26600e-03
  2670.000  4.39500e-03
  2675.000  4.52200e-03
  2680.000  4.64000e-03
  2685.000  4.74400e-03
  2690.000  4.82800e-03
  2695.000  4.88500e-03
  2700.000  4.91000e-03
  2705.000  4.90000e-03
  2710.000  4.86800e-03
  2715.000  4.83200e-03
  2720.000  4.80800e-03
  2725.000  4.81500e-03
  2730.000  4.86800e-03
  2735.000  4.98500e-03
  2740.000  5.18300e-03
  2745.000  5.48000e-03
  2750.000  5.89200e-03
  2755.000  6.42700e-03
  2760.000  7.05600e-03
  2765.000  7.74000e-03
  2770.000  8.43900e-03
  2775.000  9.11600e-03
  2780.000  9.73200e-03
  2785.000  1.02470e-02
  2790.000  1.06230e-02
  2795.000  1.08210e-02
  2800.000  1.08020e-02
  2805.000  1.05430e-02
  2810.000  1.00850e-02
  2815.000  9.48200e-03
  2820.000  8.79000e-03
  2825.000  8.06500e-03
  2830.000  7.36300e-03
  2835.000  6.73900e-03
  2840.000  6.24900e-03
  2845.000  5.94800e-03
  2850.000  5.89200e-03
  2855.000  6.11900e-03
  2860.000  6.59900e-03
  2865.000  7.28400e-03
  2870.000  8.12400e-03
  2875.000  9.07200e-03
  2880.000  1.00810e-02
  2885.000  1.11000e-02
  2890.000  1.20840e-02
  2895.000  1.29820e-02
  2900.000  1.37480e-02
  2905.000  1.43440e-02
  2910.000  1.47780e-02
  2915.000  1.50690e-02
  2920.000  1.52370e-02
  2925.000  1.53010e-02
  2930.000  1.52800e-02
  2935.000  1.51930e-02
  2940.000  1.50600e-02
  2945.000  1.48990e-02
  2950.000  1.47300e-02
  2955.000  1.45700e-02
  2960.000  1.44280e-02
  2965.000  1.43100e-02
  2970.000  1.42240e-02
  2975.000  1.41750e-02
  2980.000  1.41710e-02
  2985.000  1.42170e-02
  2990.000  1.43220e-02
  2995.000  1.44900e-02
  3000.000  1.47300e-02
  3005.000  1.50460e-02
  3010.000  1.54420e-02
  3015.000  1.59170e-02
  3020.000  1.64750e-02
  3025.000  1.71150e-02
  3030.000  1.78390e-02
  3035.000  1.86490e-02
  3040.000  1.95450e-02
  3045.000  2.05300e-02
  3050.000  2.16040e-02
  3055.000  2.27660e-02
  3060.000  2.40000e-02
  3065.000  2.52900e-02
  3070.000  2.66170e-02
  3075.000  2.79640e-02
  3080.000  2.93120e-02
  3085.000  3.06450e-02
  3090.000  3.19440e-02
  3095.000  3.31920e-02
  3100.000  3.43700e-02
  3105.000  3.54710e-02
  3110.000  3.65250e-02
  3115.000  3.75730e-02
  3120.000  3.86550e-02
  3125.000  3.98110e-02
  3130.000  4.10820e-02
  3135.000  4.25070e-02
  3140.000  4.41280e-02
  3145.000  4.59850e-02
  3150.000  4.81180e-02
  3155.000  5.05420e-02
  3160.000  4.59510e-02
  3165.000  5.98650e-02
  3170.000  6.96490e-02
  3175.000  7.24720e-02
  3180.000  7.09010e-02
  3185.000  6.84440e-02
  3190.000  6.69800e-02
  3195.000  6.76340e-02
  3200.000  7.15130e-02
  3205.000  7.74100e-02
  3210.000  7.41200e-02
  3215.000  5.56310e-02
  3220.000  4.13790e-02
  3225.000  4.85340e-02
  3230.000  5.97800e-02
  3235.000  5.62630e-02
  3240.000  4.74590e-02
  3245.000  4.67310e-02
  3250.000  5.46630e-02
  3255.000  6.74830e-02
  3260.000  7.67850e-02
  3265.000  7.62650e-02
  3270.000  7.26540e-02
  3275.000  7.35710e-02
  3280.000  7.71270e-02
  3285.000  8.10050e-02
  3290.000  9.06550e-02
  3295.000  1.08941e-01
  3300.000  1.20605e-01
  3305.000  1.12631e-01
  3310.000  9.90850e-02
  3315.000  9.56840e-02
  3320.000  9.76590e-02
  3325.000  9.75510e-02
  3330.000  9.76400e-02
  3335.000  1.01452e-01
  3340.000  1.07767e-01
  3345.000  1.13964e-01
  3350.000  1.16573e-01
  3355.000  1.12903e-01
  3360.000  1.04234e-01
  3365.000  9.39480e-02
  3370.000  8.98500e-02
  3375.000  9.68800e-02
  3380.000  1.04105e-01
  3385.000  1.01813e-01
  3390.000  1.01054e-01
  3395.000  1.12962e-01
  3400.000  1.28228e-01
  3405.000  1.34733e-01
  3410.000  1.29542e-01
  3415.000  1.15538e-01
  3420.000  1.09700e-01
  3425.000  1.23601e-01
  3430.000  1.33113e-01
  3435.000  1.16128e-01
  3440.000  9.43220e-02
  3445.000  9.19860e-02
  3450.000  1.00091e-01
  3455.000  1.04282e-01
  3460.000  1.02212e-01
  3465.000  9.63680e-02
  3470.000  9.65670e-02
  3475.000  1.09464e-01
  3480.000  1.21739e-01
  3485.000  1.20684e-01
  3490.000  1.15997e-01
  3495.000  1.19567e-01
  3500.000  1.29615e-01
  3505.000  1.40089e-01
  3510.000  1.41499e-01
  3515.000  1.28616e-01
  3520.000  1.16704e-01
  3525.000  1.20954e-01
  3530.000  1.35771e-01
  3535.000  1.51595e-01
  3540.000  1.63789e-01
  3545.000  1.68940e-01
  3550.000  1.63594e-01
  3555.000  1.46940e-01
  3560.000  1.28779e-01
  3565.000  1.17600e-01
  3570.000  1.06035e-01
  3575.000  8.74290e-02
  3580.000  7.38420e-02
  3585.000  7.72830e-02
  3590.000  9.08630e-02
  3595.000  1.04253e-01
  3600.000  1.12303e-01
  3605.000  1.12907e-01
  3610.000  1.10980e-01
  3615.000  1.11656e-01
  3620.000  1.13923e-01
  3625.000  1.15734e-01
  3630.000  1.17049e-01
  3635.000  1.18374e-01
  3640.000  1.20397e-01
  3645.000  1.24550e-01
  3650.000  1.35057e-01
  3655.000  1.54184e-01
  3660.000  1.73560e-01
  3665.000  1.83584e-01
  3670.000  1.80361e-01
  3675.000  1.64334e-01
  3680.000  1.47575e-01
  3685.000  1.41557e-01
  3690.000  1.43712e-01
  3695.000  1.48132e-01
  3700.000  1.49596e-01
  3705.000  1.44303e-01
  3710.000  1.33444e-01
  3715.000  1.19673e-01
  3720.000  1.06476e-01
  3725.000  9.66390e-02
  3730.000  8.93060e-02
  3735.000  8.33280e-02
  3740.000  8.00220e-02
  3745.000  8.11380e-02
  3750.000  8.76850e-02
  3755.000  9.91620e-02
  3760.000  1.09762e-01
  3765.000  1.15895e-01
  3770.000  1.28145e-01
  3775.000  1.54028e-01
  3780.000  1.74618e-01
  3785.000  1.71580e-01
  3790.000  1.55391e-01
  3795.000  1.41262e-01
  3800.000  1.34542e-01
  3805.000  1.35423e-01
  3810.000  1.33344e-01
  3815.000  1.19266e-01
  3820.000  1.00994e-01
  3825.000  8.88120e-02
  3830.000  8.60870e-02
  3835.000  9.31120e-02
  3840.000  1.04829e-01
  3845.000  1.15019e-01
  3850.000  1.18169e-01
  3855.000  1.11898e-01
  3860.000  1.05626e-01
  3865.000  1.08090e-01
  3870.000  1.13497e-01
  3875.000  1.14950e-01
  3880.000  1.15666e-01
  3885.000  1.19823e-01
  3890.000  1.25328e-01
  3895.000  1.29832e-01
  3900.000  1.36225e-01
  3905.000  1.46875e-01
  3910.000  1.56805e-01
  3915.000  1.60111e-01
  3920.000  1.54518e-01
  3925.000  1.40542e-01
  3930.000  1.26214e-01
  3935.000  1.20136e-01
  3940.000  1.25684e-01
  3945.000  1.42227e-01
  3950.000  1.58317e-01
  3955.000  1.62580e-01
  3960.000  1.54748e-01
  3965.000  1.40833e-01
  3970.000  1.40857e-01
  3975.000  1.70201e-01
  3980.000  2.11660e-01
  3985.000  2.44611e-01
  3990.000  2.67335e-01
  3995.000  2.82740e-01
  4000.000  2.93333e-01
  4005.000  3.02003e-01
  4010.000  3.13558e-01
  4015.000  3.29550e-01
  4020.000  3.36585e-01
  4025.000  3.22470e-01
  4030.000  2.94790e-01
  4035.000  2.67318e-01
  4040.000  2.58833e-01
  4045.000  2.80441e-01
  4050.000  3.07569e-01
  4055.000  3.14471e-01
  4060.000  3.06402e-01
  4065.000  2.95993e-01
  4070.000  2.94373e-01
  4075.000  3.09450e-01
  4080.000  3.37747e-01
  4085.000  3.71299e-01
  4090.000  3.95560e-01
  4095.000  3.98785e-01
  4100.000  3.87001e-01
  4105.000  3.71224e-01
  4110.000  3.64646e-01
  4115.000  3.75414e-01
  4120.000  3.89315e-01
  4125.000  3.90746e-01
  4130.000  3.80896e-01
  4135.000  3.65547e-01
  4140.000  3.52043e-01
  4145.000  3.47450e-01
  4150.000  3.56157e-01
  4155.000  3.77474e-01
  4160.000  3.93095e-01
  4165.000  3.87255e-01
  4170.000  3.71980e-01
  4175.000  3.63179e-01
  4180.000  3.64477e-01
  4185.000  3.73880e-01
  4190.000  3.79183e-01
  4195.000  3.71190e-01
  4200.000  3.62959e-01
  4205.000  3.66637e-01
  4210.000  3.68493e-01
  4215.000  3.51727e-01
  4220.000  3.13141e-01
  4225.000  2.61414e-01
  4230.000  2.39138e-01
  4235.000  2.78056e-01
  4240.000  3.32612e-01
  4245.000  3.53318e-01
  4250.000  3.52253e-01
  4255.000  3.51395e-01
  4260.000  3.50759e-01
  4265.000  3.46244e-01
  4270.000  3.39242e-01
  4275.000  3.33442e-01
  4280.000  3.36254e-01
  4285.000  3.49696e-01
  4290.000  3.50530e-01
  4295.000  3.23036e-01
  4300.000  3.06854e-01
  4305.000  3.38981e-01
  4310.000  3.90521e-01
  4315.000  4.26360e-01
  4320.000  4.52429e-01
  4325.000  4.81980e-01
  4330.000  5.16506e-01
  4335.000  5.51224e-01
  4340.000  5.67999e-01
  4345.000  5.55870e-01
  4350.000  5.45905e-01
  4355.000  5.67443e-01
  4360.000  6.00842e-01
  4365.000  6.16402e-01
  4370.000  5.93156e-01
  4375.000  5.26037e-01
  4380.000  4.64851e-01
  4385.000  4.56189e-01
  4390.000  4.78902e-01
  4395.000  4.99980e-01
  4400.000  5.06698e-01
  4405.000  4.97932e-01
  4410.000  4.98671e-01
  4415.000  5.28434e-01
  4420.000  5.58744e-01
  4425.000  5.61612e-01
  4430.000  5.58991e-01
  4435.000  5.75356e-01
  4440.000  5.95334e-01
  4445.000  5.98096e-01
  4450.000  5.80825e-01
  4455.000  5.52135e-01
  4460.000  5.48335e-01
  4465.000  5.96462e-01
  4470.000  6.58752e-01
  4475.000  6.92101e-01
  4480.000  6.96830e-01
  4485.000  6.86415e-01
  4490.000  6.83521e-01
  4495.000  7.05633e-01
  4500.000  7.40335e-01
  4505.000  7.69757e-01
  4510.000  7.84131e-01
  4515.000  7.76777e-01
  4520.000  7.45270e-01
  4525.000  6.94117e-01
  4530.000  6.51307e-01
  4535.000  6.43377e-01
  4540.000  6.67578e-01
  4545.000  7.11471e-01
  4550.000  7.53147e-01
  4555.000  7.76069e-01
  4560.000  7.94659e-01
  4565.000  8.22972e-01
  4570.000  8.42644e-01
  4575.000  8.35256e-01
  4580.000  8.14578e-01
  4585.000  7.98870e-01
  4590.000  7.92174e-01
  4595.000  7.94420e-01
  4600.000  8.03322e-01
  4605.000  8.16374e-01
  4610.000  8.32389e-01
  4615.000  8.49527e-01
  4620.000  8.62000e-01
  4625.000  8.64452e-01
  4630.000  8.57214e-01
  4635.000  8.42759e-01
  4640.000  8.26439e-01
  4645.000  8.14091e-01
  4650.000  8.10595e-01
  4655.000  8.18091e-01
  4660.000  8.28706e-01
  4665.000  8.34197e-01
  4670.000  8.34859e-01
  4675.000  8.34022e-01
  4680.000  8.38603e-01
  4685.000  8.51130e-01
  4690.000  8.52964e-01
  4695.000  8.28914e-01
  4700.000  7.98745e-01
  4705.000  7.86379e-01
  4710.000  7.97418e-01
  4715.000  8.27602e-01
  4720.000  8.51521e-01
  4725.000  8.47546e-01
  4730.000  8.30294e-01
  4735.000  8.19346e-01
  4740.000  8.17889e-01
  4745.000  8.22159e-01
  4750.000  8.16983e-01
  4755.000  7.91021e-01
  4760.000  7.59687e-01
  4765.000  7.39429e-01
  4770.000  7.24094e-01
  4775.000  7.06603e-01
  4780.000  6.98800e-01
  4785.000  7.12842e-01
  4790.000  7.43224e-01
  4795.000  7.79918e-01
  4800.000  8.12457e-01
  4805.000  8.32460e-01
  4810.000  8.40338e-01
  4815.000  8.37905e-01
  4820.000  8.23814e-01
  4825.000  7.99457e-01
  4830.000  7.80341e-01
  4835.000  7.80956e-01
  4840.000  7.97619e-01
  4845.000  8.20468e-01
  4850.000  8.33096e-01
  4855.000  8.22975e-01
  4860.000  7.99659e-01
  4865.000  7.77392e-01
  4870.000  7.67093e-01
  4875.000  7.73811e-01
  4880.000  7.82436e-01
  4885.000  7.79577e-01
  4890.000  7.78881e-01
  4895.000  7.94354e-01
  4900.000  8.14395e-01
  4905.000  8.22641e-01
  4910.000  8.09303e-01
  4915.000  7.73632e-01
  4920.000  7.44496e-01
  4925.000  7.47764e-01
  4930.000  7.67704e-01
  4935.000  7.82451e-01
  4940.000  7.87205e-01
  4945.000  7.82736e-01
  4950.000  7.75045e-01
  4955.000  7.71018e-01
  4960.000  7.75873e-01
  4965.000  7.89808e-01
  4970.000  7.94624e-01
  4975.000  7.75179e-01
  4980.000  7.46949e-01
  4985.000  7.28250e-01
  4990.000  7.18130e-01
  4995.000  7.10615e-01
  5000.000  6.98911e-01
  5005.000  6.79284e-01
  5010.000  6.61050e-01
  5015.000  6.54914e-01
  5020.000  6.64090e-01
  5025.000  6.86264e-01
  5030.000  7.04495e-01
  5035.000  7.03564e-01
  5040.000  6.89774e-01
  5045.000  6.74781e-01
  5050.000  6.70121e-01
  5055.000  6.81063e-01
  5060.000  6.87905e-01
  5065.000  6.72532e-01
  5070.000  6.48165e-01
  5075.000  6.32135e-01
  5080.000  6.26898e-01
  5085.000  6.30471e-01
  5090.000  6.38007e-01
  5095.000  6.43739e-01
  5100.000  6.41112e-01
  5105.000  6.27367e-01
  5110.000  6.15727e-01
  5115.000  6.17588e-01
  5120.000  6.21066e-01
  5125.000  6.14526e-01
  5130.000  6.10610e-01
  5135.000  6.21280e-01
  5140.000  6.31497e-01
  5145.000  6.26033e-01
  5150.000  6.15899e-01
  5155.000  6.12498e-01
  5160.000  6.02564e-01
  5165.000  5.72253e-01
  5170.000  5.30085e-01
  5175.000  4.92123e-01
  5180.000  4.82235e-01
  5185.000  5.15814e-01
  5190.000  5.66543e-01
  5195.000  6.03044e-01
  5200.000  6.15422e-01
  5205.000  6.07650e-01
  5210.000  6.17695e-01
  5215.000  6.74683e-01
  5220.000  7.38376e-01
  5225.000  7.66653e-01
  5230.000  7.79235e-01
  5235.000  8.02988e-01
  5240.000  8.31540e-01
  5245.000  8.50289e-01
  5250.000  8.44968e-01
  5255.000  8.07423e-01
  5260.000  7.53636e-01
  5265.000  7.06461e-01
  5270.000  6.92116e-01
  5275.000  7.27070e-01
  5280.000  7.85462e-01
  5285.000  8.35830e-01
  5290.000  8.66659e-01
  5295.000  8.75957e-01
  5300.000  8.79876e-01
  5305.000  8.93401e-01
  5310.000  9.08700e-01
  5315.000  9.12522e-01
  5320.000  8.92764e-01
  5325.000  8.46140e-01
  5330.000  8.03494e-01
  5335.000  7.94460e-01
  5340.000  8.09709e-01
  5345.000  8.34409e-01
  5350.000  8.70696e-01
  5355.000  9.17838e-01
  5360.000  9.46644e-01
  5365.000  9.33589e-01
  5370.000  9.06249e-01
  5375.000  8.97352e-01
  5380.000  9.09105e-01
  5385.000  9.30919e-01
  5390.000  9.31512e-01
  5395.000  8.88837e-01
  5400.000  8.38473e-01
  5405.000  8.21268e-01
  5410.000  8.41529e-01
  5415.000  8.88638e-01
  5420.000  9.28818e-01
  5425.000  9.34314e-01
  5430.000  9.24624e-01
  5435.000  9.24616e-01
  5440.000  9.33398e-01
  5445.000  9.43285e-01
  5450.000  9.45180e-01
  5455.000  9.35753e-01
  5460.000  9.36160e-01
  5465.000  9.61386e-01
  5470.000  9.77256e-01
  5475.000  9.54554e-01
  5480.000  9.33051e-01
  5485.000  9.53073e-01
  5490.000  9.88168e-01
  5495.000  1.00295e+00
  5500.000  9.93082e-01
  5505.000  9.66123e-01
  5510.000  9.46173e-01
  5515.000  9.53968e-01
  5520.000  9.80270e-01
  5525.000  1.00930e+00
  5530.000  1.02907e+00
  5535.000  1.03354e+00
  5540.000  1.03653e+00
  5545.000  1.05086e+00
  5550.000  1.06528e+00
  5555.000  1.06589e+00
  5560.000  1.05220e+00
  5565.000  1.02913e+00
  5570.000  1.00974e+00
  5575.000  1.00412e+00
  5580.000  1.00245e+00
  5585.000  9.91436e-01
  5590.000  9.64106e-01
  5595.000  9.24463e-01
  5600.000  9.14182e-01
  5605.000  9.65171e-01
  5610.000  1.03262e+00
  5615.000  1.06535e+00
  5620.000  1.06334e+00
  5625.000  1.04289e+00
  5630.000  1.03432e+00
  5635.000  1.05863e+00
  5640.000  1.08547e+00
  5645.000  1.08407e+00
  5650.000  1.07357e+00
  5655.000  1.07632e+00
  5660.000  1.07781e+00
  5665.000  1.06379e+00
  5670.000  1.05801e+00
  5675.000  1.08151e+00
  5680.000  1.10656e+00
  5685.000  1.10463e+00
  5690.000  1.09296e+00
  5695.000  1.09165e+00
  5700.000  1.08649e+00
  5705.000  1.06374e+00
  5710.000  1.04587e+00
  5715.000  1.05574e+00
  5720.000  1.08152e+00
  5725.000  1.10608e+00
  5730.000  1.12563e+00
  5735.000  1.13972e+00
  5740.000  1.14774e+00
  5745.000  1.14950e+00
  5750.000  1.14648e+00
  5755.000  1.14059e+00
  5760.000  1.13375e+00
  5765.000  1.12757e+00
  5770.000  1.12243e+00
  5775.000  1.11843e+00
  5780.000  1.11565e+00
  5785.000  1.11430e+00
  5790.000  1.11503e+00
  5795.000  1.11861e+00
  5800.000  1.12582e+00
  5805.000  1.13688e+00
  5810.000  1.14991e+00
  5815.000  1.16246e+00
  5820.000  1.17210e+00
  5825.000  1.17706e+00
  5830.000  1.17827e+00
  5835.000  1.17732e+00
  5840.000  1.17582e+00
  5845.000  1.17449e+00
  5850.000  1.17064e+00
  5855.000  1.16072e+00
  5860.000  1.14117e+00
  5865.000  1.10986e+00
  5870.000  1.07038e+00
  5875.000  1.02778e+00
  5880.000  9.87091e-01
  5885.000  9.53008e-01
  5890.000  9.28917e-01
  5895.000  9.17874e-01
  5900.000  9.22932e-01
  5905.000  9.45569e-01
  5910.000  9.80953e-01
  5915.000  1.02268e+00
  5920.000  1.06433e+00
  5925.000  1.10062e+00
  5930.000  1.13075e+00
  5935.000  1.15505e+00
  5940.000  1.17382e+00
  5945.000  1.18741e+00
  5950.000  1.19615e+00
  5955.000  1.20042e+00
  5960.000  1.20056e+00
  5965.000  1.19713e+00
  5970.000  1.19140e+00
  5975.000  1.18485e+00
  5980.000  1.17895e+00
  5985.000  1.17475e+00
  5990.000  1.17157e+00
  5995.000  1.16834e+00
  6000.000  1.16396e+00
  6005.000  1.15794e+00
  6010.000  1.15211e+00
  6015.000  1.14890e+00
  6020.000  1.15072e+00
  6025.000  1.15904e+00
  6030.000  1.17143e+00
  6035.000  1.18449e+00
  6040.000  1.19482e+00
  6045.000  1.19998e+00
  6050.000  1.20124e+00
  6055.000  1.20083e+00
  6060.000  1.20096e+00
  6065.000  1.20309e+00
  6070.000  1.20562e+00
  6075.000  1.20617e+00
  6080.000  1.20235e+00
  6085.000  1.19275e+00
  6090.000  1.17974e+00
  6095.000  1.16666e+00
  6100.000  1.15684e+00
  6105.000  1.15263e+00
  6110.000  1.15245e+00
  6115.000  1.15372e+00
  6120.000  1.15387e+00
  6125.000  1.15083e+00
  6130.000  1.14450e+00
  6135.000  1.13529e+00
  6140.000  1.12362e+00
  6145.000  1.11004e+00
  6150.000  1.09574e+00
  6155.000  1.08207e+00
  6160.000  1.07039e+00
  6165.000  1.06205e+00
  6170.000  1.05859e+00
  6175.000  1.06154e+00
  6180.000  1.07245e+00
  6185.000  1.09167e+00
  6190.000  1.11480e+00
  6195.000  1.13621e+00
  6200.000  1.15031e+00
  6205.000  1.15306e+00
  6210.000  1.14673e+00
  6215.000  1.13517e+00
  6220.000  1.12224e+00
  6225.000  1.11113e+00
  6230.000  1.10253e+00
  6235.000  1.09649e+00
  6240.000  1.09303e+00
  6245.000  1.09214e+00
  6250.000  1.09350e+00
  6255.000  1.09670e+00
  6260.000  1.10138e+00
  6265.000  1.10712e+00
  6270.000  1.11356e+00
  6275.000  1.12031e+00
  6280.000  1.12699e+00
  6285.000  1.13319e+00
  6290.000  1.13839e+00
  6295.000  1.14205e+00
  6300.000  1.14361e+00
  6305.000  1.14281e+00
  6310.000  1.14063e+00
  6315.000  1.13830e+00
  6320.000  1.13710e+00
  6325.000  1.13792e+00
  6330.000  1.14036e+00
  6335.000  1.14364e+00
  6340.000  1.14700e+00
  6345.000  1.14973e+00
  6350.000  1.15137e+00
  6355.000  1.15149e+00
  6360.000  1.14969e+00
  6365.000  1.14579e+00
  6370.000  1.14061e+00
  6375.000  1.13518e+00
  6380.000  1.13056e+00
  6385.000  1.12760e+00
  6390.000  1.12642e+00
  6395.000  1.12694e+00
  6400.000  1.12908e+00
  6405.000  1.13266e+00
  6410.000  1.13701e+00
  6415.000  1.14136e+00
  6420.000  1.14495e+00
  6425.000  1.14716e+00
  6430.000  1.14813e+00
  6435.000  1.14815e+00
  6440.000  1.14749e+00
  6445.000  1.14655e+00
  6450.000  1.14602e+00
  6455.000  1.14667e+00
  6460.000  1.14930e+00
  6465.000  1.15427e+00
  6470.000  1.16022e+00
  6475.000  1.16542e+00
  6480.000  1.16809e+00
  6485.000  1.16714e+00
  6490.000  1.16414e+00
  6495.000  1.16132e+00
  6500.000  1.16091e+00
  6505.000  1.16458e+00
  6510.000  1.17176e+00
  6515.000  1.18132e+00
  6520.000  1.19212e+00
  6525.000  1.20299e+00
  6530.000  1.21256e+00
  6535.000  1.21946e+00
  6540.000  1.22227e+00
  6545.000  1.22014e+00
  6550.000  1.21441e+00
  6555.000  1.20692e+00
  6560.000  1.19955e+00
  6565.000  1.19388e+00
  6570.000  1.19041e+00
  6575.000  1.18936e+00
  6580.000  1.19095e+00
  6585.000  1.19509e+00
  6590.000  1.20049e+00
  6595.000  1.20555e+00
  6600.000  1.20867e+00
  6605.000  1.20876e+00
  6610.000  1.20674e+00
  6615.000  1.20402e+00
  6620.000  1.20203e+00
  6625.000  1.20169e+00
  6630.000  1.20181e+00
  6635.000  1.20073e+00
  6640.000  1.19675e+00
  6645.000  1.18897e+00
  6650.000  1.17963e+00
  6655.000  1.17174e+00
  6660.000  1.16831e+00
  6665.000  1.17124e+00
  6670.000  1.17805e+00
  6675.000  1.18512e+00
  6680.000  1.18886e+00
  6685.000  1.18664e+00
  6690.000  1.17972e+00
  6695.000  1.17035e+00
  6700.000  1.16077e+00
  6705.000  1.15276e+00
  6710.000  1.14630e+00
  6715.000  1.14092e+00
  6720.000  1.13614e+00
  6725.000  1.13159e+00
  6730.000  1.12729e+00
  6735.000  1.12338e+00
  6740.000  1.11997e+00
  6745.000  1.11721e+00
  6750.000  1.11521e+00
  6755.000  1.11409e+00
  6760.000  1.11398e+00
  6765.000  1.11490e+00
  6770.000  1.11648e+00
  6775.000  1.11829e+00
  6780.000  1.11986e+00
  6785.000  1.12075e+00
  6790.000  1.12061e+00
  6795.000  1.11906e+00
  6800.000  1.11575e+00
  6805.000  1.11069e+00
  6810.000  1.10536e+00
  6815.000  1.10159e+00
  6820.000  1.10123e+00
  6825.000  1.10525e+00
  6830.000  1.11120e+00
  6835.000  1.11575e+00
  6840.000  1.11557e+00
  6845.000  1.10826e+00
  6850.000  1.09509e+00
  6855.000  1.07823e+00
  6860.000  1.05988e+00
  6865.000  1.04212e+00
  6870.000  1.02672e+00
  6875.000  1.01534e+00
  6880.000  1.00964e+00
  6885.000  1.01062e+00
  6890.000  1.01657e+00
  6895.000  1.02509e+00
  6900.000  1.03381e+00
  6905.000  1.04093e+00
  6910.000  1.04694e+00
  6915.000  1.05296e+00
  6920.000  1.06008e+00
  6925.000  1.06904e+00
  6930.000  1.07920e+00
  6935.000  1.08954e+00
  6940.000  1.09908e+00
  6945.000  1.10698e+00
  6950.000  1.11307e+00
  6955.000  1.11738e+00
  6960.000  1.11992e+00
  6965.000  1.12075e+00
  6970.000  1.12019e+00
  6975.000  1.11863e+00
  6980.000  1.11644e+00
  6985.000  1.11401e+00
  6990.000  1.11176e+00
  6995.000  1.11011e+00
  7000.000  1.10949e+00
  7005.000  1.11024e+00
  7010.000  1.11244e+00
  7015.000  1.11608e+00
  7020.000  1.12115e+00
  7025.000  1.12749e+00
  7030.000  1.13423e+00
  7035.000  1.14034e+00
  7040.000  1.14478e+00
  7045.000  1.14677e+00
  7050.000  1.14647e+00
  7055.000  1.14428e+00
  7060.000  1.14060e+00
  7065.000  1.13589e+00
  7070.000  1.13085e+00
  7075.000  1.12623e+00
  7080.000  1.12276e+00
  7085.000  1.12095e+00
  7090.000  1.12028e+00
  7095.000  1.11998e+00
  7100.000  1.11928e+00
  7105.000  1.11750e+00
  7110.000  1.11431e+00
  7115.000  1.10951e+00
  7120.000  1.10285e+00
  7125.000  1.09459e+00
  7130.000  1.08690e+00
  7135.000  1.08241e+00
  7140.000  1.08379e+00
  7145.000  1.09268e+00
  7150.000  1.10689e+00
  7155.000  1.12323e+00
  7160.000  1.13851e+00
  7165.000  1.15001e+00
  7170.000  1.15679e+00
  7175.000  1.15840e+00
  7180.000  1.15436e+00
  7185.000  1.14479e+00
  7190.000  1.13221e+00
  7195.000  1.11973e+00
  7200.000  1.11046e+00
  7205.000  1.10668e+00
  7210.000  1.10748e+00
  7215.000  1.11111e+00
  7220.000  1.11583e+00
  7225.000  1.12016e+00
  7230.000  1.12369e+00
  7235.000  1.12624e+00
  7240.000  1.12767e+00
  7245.000  1.12794e+00
  7250.000  1.12756e+00
  7255.000  1.12718e+00
  7260.000  1.12743e+00
  7265.000  1.12877e+00
  7270.000  1.13093e+00
  7275.000  1.13343e+00
  7280.000  1.13580e+00
  7285.000  1.13760e+00
  7290.000  1.13841e+00
  7295.000  1.13784e+00
  7300.000  1.13549e+00
  7305.000  1.13125e+00
  7310.000  1.12614e+00
  7315.000  1.12150e+00
  7320.000  1.11862e+00
  7325.000  1.11843e+00
  7330.000  1.12022e+00
  7335.000  1.12287e+00
  7340.000  1.12527e+00
  7345.000  1.12656e+00
  7350.000  1.12687e+00
  7355.000  1.12656e+00
  7360.000  1.12602e+00
  7365.000  1.12562e+00
  7370.000  1.12571e+00
  7375.000  1.12667e+00
  7380.000  1.12885e+00
  7385.000  1.13239e+00
  7390.000  1.13657e+00
  7395.000  1.14046e+00
  7400.000  1.14311e+00
  7405.000  1.14390e+00
  7410.000  1.14346e+00
  7415.000  1.14273e+00
  7420.000  1.14267e+00
  7425.000  1.14385e+00
  7430.000  1.14547e+00
  7435.000  1.14635e+00
  7440.000  1.14531e+00
  7445.000  1.14173e+00
  7450.000  1.13712e+00
  7455.000  1.13353e+00
  7460.000  1.13302e+00
  7465.000  1.13685e+00
  7470.000  1.14321e+00
  7475.000  1.14947e+00
  7480.000  1.15302e+00
  7485.000  1.15205e+00
  7490.000  1.14796e+00
  7495.000  1.14296e+00
  7500.000  1.13925e+00
  7505.000  1.13842e+00
  7510.000  1.13957e+00
  7515.000  1.14120e+00
  7520.000  1.14180e+00
  7525.000  1.14020e+00
  7530.000  1.13666e+00
  7535.000  1.13179e+00
  7540.000  1.12619e+00
  7545.000  1.12074e+00
  7550.000  1.11743e+00
  7555.000  1.11791e+00
  7560.000  1.11839e+00
  7565.000  1.11886e+00
  7570.000  1.11934e+00
  7575.000  1.11982e+00
  7580.000  1.12030e+00
  7585.000  1.12078e+00
  7590.000  1.12125e+00
  7595.000  1.12173e+00
  7600.000  1.12221e+00
  7605.000  1.12269e+00
  7610.000  1.12317e+00
  7615.000  1.12364e+00
  7620.000  1.12412e+00
  7625.000  1.12460e+00
  7630.000  1.12508e+00
  7635.000  1.12555e+00
  7640.000  1.12603e+00
  7645.000  1.12651e+00
  7650.000  1.12699e+00
  7655.000  1.12747e+00
  7660.000  1.12794e+00
  7665.000  1.12842e+00
  7670.000  1.12890e+00
  7675.000  1.12938e+00
  7680.000  1.12985e+00
  7685.000  1.13033e+00
  7690.000  1.13081e+00
  7695.000  1.13129e+00
  7700.000  1.13177e+00
  7705.000  1.13224e+00
  7710.000  1.13272e+00
  7715.000  1.13320e+00
  7720.000  1.13368e+00
  7725.000  1.13416e+00
  7730.000  1.13463e+00
  7735.000  1.14056e+00
  7740.000  1.14747e+00
  7745.000  1.15426e+00
  7750.000  1.15966e+00
  7755.000  1.16235e+00
  7760.000  1.16102e+00
  7765.000  1.15499e+00
  7770.000  1.14614e+00
  7775.000  1.13698e+00
  7780.000  1.13003e+00
  7785.000  1.12709e+00
  7790.000  1.12705e+00
  7795.000  1.12812e+00
  7800.000  1.12847e+00
  7805.000  1.12672e+00
  7810.000  1.12315e+00
  7815.000  1.11846e+00
  7820.000  1.11336e+00
  7825.000  1.10853e+00
  7830.000  1.10457e+00
  7835.000  1.10208e+00
  7840.000  1.10164e+00
  7845.000  1.10359e+00
  7850.000  1.10724e+00
  7855.000  1.11167e+00
  7860.000  1.11594e+00
  7865.000  1.11927e+00
  7870.000  1.12146e+00
  7875.000  1.12247e+00
  7880.000  1.12225e+00
  7885.000  1.12076e+00
  7890.000  1.11805e+00
  7895.000  1.11416e+00
  7900.000  1.10916e+00
  7905.000  1.10319e+00
  7910.000  1.09678e+00
  7915.000  1.09058e+00
  7920.000  1.08521e+00
  7925.000  1.08109e+00
  7930.000  1.07778e+00
  7935.000  1.07462e+00
  7940.000  1.07094e+00
  7945.000  1.06648e+00
  7950.000  1.06252e+00
  7955.000  1.06073e+00
  7960.000  1.06278e+00
  7965.000  1.06956e+00
  7970.000  1.07883e+00
  7975.000  1.08758e+00
  7980.000  1.09278e+00
  7985.000  1.09236e+00
  7990.000  1.08794e+00
  7995.000  1.08212e+00
  8000.000  1.07746e+00
  8005.000  1.07588e+00
  8010.000  1.07670e+00
  8015.000  1.07858e+00
  8020.000  1.08017e+00
  8025.000  1.08039e+00
  8030.000  1.07923e+00
  8035.000  1.07693e+00
  8040.000  1.07376e+00
  8045.000  1.06998e+00
  8050.000  1.06600e+00
  8055.000  1.06225e+00
  8060.000  1.05916e+00
  8065.000  1.05701e+00
  8070.000  1.05558e+00
  8075.000  1.05448e+00
  8080.000  1.05335e+00
  8085.000  1.05200e+00
  8090.000  1.05102e+00
  8095.000  1.05120e+00
  8100.000  1.05334e+00
  8105.000  1.05794e+00
  8110.000  1.06443e+00
  8115.000  1.07195e+00
  8120.000  1.07965e+00
  8125.000  1.08678e+00
  8130.000  1.09305e+00
  8135.000  1.09827e+00
  8140.000  1.10226e+00
  8145.000  1.10472e+00
  8150.000  1.10491e+00
  8155.000  1.10200e+00
  8160.000  1.09514e+00
  8165.000  1.08386e+00
  8170.000  1.06919e+00
  8175.000  1.05254e+00
  8180.000  1.03531e+00
  8185.000  1.01889e+00
  8190.000  1.00460e+00
  8195.000  9.93749e-01
  8200.000  9.87650e-01
  8205.000  9.87107e-01
  8210.000  9.90929e-01
  8215.000  9.97423e-01
  8220.000  1.00489e+00
  8225.000  1.01192e+00
  8230.000  1.01815e+00
  8235.000  1.02349e+00
  8240.000  1.02786e+00
  8245.000  1.03130e+00
  8250.000  1.03432e+00
  8255.000  1.03758e+00
  8260.000  1.04172e+00
  8265.000  1.04720e+00
  8270.000  1.05372e+00
  8275.000  1.06082e+00
  8280.000  1.06802e+00
  8285.000  1.07456e+00
  8290.000  1.07858e+00
  8295.000  1.07794e+00
  8300.000  1.07051e+00
  8305.000  1.05515e+00
  8310.000  1.03482e+00
  8315.000  1.01345e+00
  8320.000  9.94993e-01
  8325.000  9.82658e-01
  8330.000  9.76643e-01
  8335.000  9.76401e-01
  8340.000  9.81382e-01
  8345.000  9.90555e-01
  8350.000  1.00095e+00
  8355.000  1.00911e+00
  8360.000  1.01159e+00
  8365.000  1.00618e+00
  8370.000  9.95720e-01
  8375.000  9.84290e-01
  8380.000  9.75975e-01
  8385.000  9.74013e-01
  8390.000  9.78235e-01
  8395.000  9.87625e-01
  8400.000  1.00117e+00
  8405.000  1.01753e+00
  8410.000  1.03417e+00
  8415.000  1.04821e+00
  8420.000  1.05681e+00
  8425.000  1.05787e+00
  8430.000  1.05244e+00
  8435.000  1.04236e+00
  8440.000  1.02944e+00
  8445.000  1.01552e+00
  8450.000  1.00242e+00
  8455.000  9.91991e-01
  8460.000  9.86046e-01
  8465.000  9.85602e-01
  8470.000  9.88387e-01
  8475.000  9.91307e-01
  8480.000  9.91270e-01
  8485.000  9.86189e-01
  8490.000  9.78002e-01
  8495.000  9.69655e-01
  8500.000  9.64091e-01
  8505.000  9.63212e-01
  8510.000  9.64744e-01
  8515.000  9.65368e-01
  8520.000  9.61768e-01
  8525.000  9.51949e-01
  8530.000  9.39207e-01
  8535.000  9.28161e-01
  8540.000  9.23431e-01
  8545.000  9.28166e-01
  8550.000  9.39634e-01
  8555.000  9.53634e-01
  8560.000  9.65964e-01
  8565.000  9.73324e-01
  8570.000  9.76019e-01
  8575.000  9.75253e-01
  8580.000  9.72235e-01
  8585.000  9.68291e-01
  8590.000  9.65243e-01
  8595.000  9.65033e-01
  8600.000  9.69604e-01
  8605.000  9.79916e-01
  8610.000  9.92997e-01
  8615.000  1.00489e+00
  8620.000  1.01164e+00
  8625.000  1.01046e+00
  8630.000  1.00324e+00
  8635.000  9.93058e-01
  8640.000  9.82963e-01
  8645.000  9.75157e-01
  8650.000  9.68364e-01
  8655.000  9.60438e-01
  8660.000  9.49235e-01
  8665.000  9.33765e-01
  8670.000  9.17642e-01
  8675.000  9.05635e-01
  8680.000  9.02513e-01
  8685.000  9.11328e-01
  8690.000  9.28267e-01
  8695.000  9.47799e-01
  8700.000  9.64396e-01
  8705.000  9.73800e-01
  8710.000  9.76839e-01
  8715.000  9.75612e-01
  8720.000  9.72219e-01
  8725.000  9.68564e-01
  8730.000  9.65762e-01
  8735.000  9.64732e-01
  8740.000  9.66396e-01
  8745.000  9.71228e-01
  8750.000  9.77923e-01
  8755.000  9.84732e-01
  8760.000  9.89907e-01
  8765.000  9.92164e-01
  8770.000  9.92081e-01
  8775.000  9.90700e-01
  8780.000  9.89064e-01
  8785.000  9.87709e-01
  8790.000  9.85151e-01
  8795.000  9.79396e-01
  8800.000  9.68451e-01
  8805.000  9.51703e-01
  8810.000  9.34045e-01
  8815.000  9.21750e-01
  8820.000  9.21088e-01
  8825.000  9.35989e-01
  8830.000  9.61008e-01
  8835.000  9.88357e-01
  8840.000  1.01025e+00
  8845.000  1.02075e+00
  8850.000  1.02132e+00
  8855.000  1.01530e+00
  8860.000  1.00601e+00
  8865.000  9.96334e-01
  8870.000  9.87376e-01
  8875.000  9.79807e-01
  8880.000  9.74295e-01
  8885.000  9.71260e-01
  8890.000  9.70144e-01
  8895.000  9.70140e-01
  8900.000  9.70443e-01
  8905.000  9.70220e-01
  8910.000  9.68533e-01
  8915.000  9.64416e-01
  8920.000  9.56903e-01
  8925.000  9.46034e-01
  8930.000  9.35874e-01
  8935.000  9.31493e-01
  8940.000  9.37963e-01
  8945.000  9.58010e-01
  8950.000  9.84991e-01
  8955.000  1.00992e+00
  8960.000  1.02381e+00
  8965.000  1.02041e+00
  8970.000  1.00446e+00
  8975.000  9.83422e-01
  8980.000  9.64779e-01
  8985.000  9.54237e-01
  8990.000  9.50445e-01
  8995.000  9.50288e-01
  9000.000  9.50650e-01
  9005.000  9.49107e-01
  9010.000  9.45992e-01
  9015.000  9.42331e-01
  9020.000  9.39146e-01
  9025.000  9.37423e-01
  9030.000  9.37995e-01
  9035.000  9.41656e-01
  9040.000  9.49202e-01
  9045.000  9.60567e-01
  9050.000  9.72252e-01
  9055.000  9.79901e-01
  9060.000  9.79155e-01
  9065.000  9.67489e-01
  9070.000  9.49700e-01
  9075.000  9.32421e-01
  9080.000  9.22281e-01
  9085.000  9.23663e-01
  9090.000  9.31951e-01
  9095.000  9.40280e-01
  9100.000  9.41788e-01
  9105.000  9.31967e-01
  9110.000  9.15751e-01
  9115.000  9.00430e-01
  9120.000  8.93294e-01
  9125.000  8.99243e-01
  9130.000  9.13616e-01
  9135.000  9.29360e-01
  9140.000  9.39424e-01
  9145.000  9.38664e-01
  9150.000  9.29580e-01
  9155.000  9.16578e-01
  9160.000  9.04067e-01
  9165.000  8.95557e-01
  9170.000  8.90973e-01
  9175.000  8.89341e-01
  9180.000  8.89688e-01
  9185.000  8.91243e-01
  9190.000  8.94045e-01
  9195.000  8.98334e-01
  9200.000  9.04351e-01
  9205.000  9.11961e-01
  9210.000  9.19534e-01
  9215.000  9.25062e-01
  9220.000  9.26539e-01
  9225.000  9.22513e-01
  9230.000  9.13756e-01
  9235.000  9.01592e-01
  9240.000  8.87348e-01
  9245.000  8.72566e-01
  9250.000  8.59662e-01
  9255.000  8.51266e-01
  9260.000  8.50011e-01
  9265.000  8.57346e-01
  9270.000  8.69987e-01
  9275.000  8.83465e-01
  9280.000  8.93314e-01
  9285.000  8.96277e-01
  9290.000  8.93938e-01
  9295.000  8.89091e-01
  9300.000  8.84531e-01
  9305.000  8.82645e-01
  9310.000  8.84183e-01
  9315.000  8.89488e-01
  9320.000  8.98901e-01
  9325.000  9.12129e-01
  9330.000  9.26335e-01
  9335.000  9.38043e-01
  9340.000  9.43780e-01
  9345.000  9.41264e-01
  9350.000  9.32987e-01
  9355.000  9.22633e-01
  9360.000  9.13886e-01
  9365.000  9.09622e-01
  9370.000  9.09481e-01
  9375.000  9.12293e-01
  9380.000  9.16891e-01
  9385.000  9.21858e-01
  9390.000  9.24791e-01
  9395.000  9.23039e-01
  9400.000  9.13953e-01
  9405.000  8.96158e-01
  9410.000  8.73377e-01
  9415.000  8.50611e-01
  9420.000  8.32860e-01
  9425.000  8.23838e-01
  9430.000  8.22121e-01
  9435.000  8.25001e-01
  9440.000  8.29769e-01
  9445.000  8.34354e-01
  9450.000  8.39236e-01
  9455.000  8.45530e-01
  9460.000  8.54356e-01
  9465.000  8.66153e-01
  9470.000  8.78664e-01
  9475.000  8.88953e-01
  9480.000  8.94086e-01
  9485.000  8.92276e-01
  9490.000  8.86315e-01
  9495.000  8.80144e-01
  9500.000  8.77702e-01
  9505.000  8.81589e-01
  9510.000  8.89040e-01
  9515.000  8.95949e-01
  9520.000  8.98210e-01
  9525.000  8.93333e-01
  9530.000  8.85278e-01
  9535.000  8.79619e-01
  9540.000  8.81933e-01
  9545.000  8.95475e-01
  9550.000  9.14230e-01
  9555.000  9.29865e-01
  9560.000  9.34045e-01
  9565.000  9.21294e-01
  9570.000  8.97558e-01
  9575.000  8.71639e-01
  9580.000  8.52342e-01
  9585.000  8.46163e-01
  9590.000  8.50374e-01
  9595.000  8.59941e-01
  9600.000  8.69830e-01
  9605.000  8.75931e-01
  9610.000  8.77829e-01
  9615.000  8.76032e-01
  9620.000  8.71050e-01
  9625.000  8.63510e-01
  9630.000  8.54514e-01
  9635.000  8.45282e-01
  9640.000  8.37035e-01
  9645.000  8.30838e-01
  9650.000  8.27136e-01
  9655.000  8.26215e-01
  9660.000  8.28364e-01
  9665.000  8.33570e-01
  9670.000  8.40611e-01
  9675.000  8.47965e-01
  9680.000  8.54109e-01
  9685.000  8.57745e-01
  9690.000  8.58464e-01
  9695.000  8.56085e-01
  9700.000  8.50423e-01
  9705.000  8.41721e-01
  9710.000  8.31923e-01
  9715.000  8.23397e-01
  9720.000  8.18515e-01
  9725.000  8.19076e-01
  9730.000  8.24605e-01
  9735.000  8.34059e-01
  9740.000  8.46394e-01
  9745.000  8.60175e-01
  9750.000  8.72399e-01
  9755.000  8.79676e-01
  9760.000  8.78612e-01
  9765.000  8.67329e-01
  9770.000  8.50004e-01
  9775.000  8.32327e-01
  9780.000  8.19990e-01
  9785.000  8.17256e-01
  9790.000  8.22675e-01
  9795.000  8.33370e-01
  9800.000  8.46465e-01
  9805.000  8.59298e-01
  9810.000  8.70076e-01
  9815.000  8.77224e-01
  9820.000  8.79163e-01
  9825.000  8.75033e-01
  9830.000  8.66833e-01
  9835.000  8.57279e-01
  9840.000  8.49085e-01
  9845.000  8.44375e-01
  9850.000  8.42910e-01
  9855.000  8.43859e-01
  9860.000  8.46393e-01
  9865.000  8.49729e-01
  9870.000  8.53280e-01
  9875.000  8.56503e-01
  9880.000  8.58859e-01
  9885.000  8.59962e-01
  9890.000  8.60054e-01
  9895.000  8.59531e-01
  9900.000  8.58789e-01
  9905.000  8.58112e-01
  9910.000  8.57336e-01
  9915.000  8.56183e-01
  9920.000  8.54374e-01
  9925.000  8.51840e-01
  9930.000  8.49346e-01
  9935.000  8.47864e-01
  9940.000  8.48367e-01
  9945.000  8.51351e-01
  9950.000  8.55407e-01
  9955.000  8.58648e-01
  9960.000  8.59187e-01
  9965.000  8.55815e-01
  9970.000  8.50030e-01
  9975.000  8.44006e-01
  9980.000  8.39918e-01
  9985.000  8.39231e-01
  9990.000  8.40583e-01
  9995.000  8.41903e-01
 10000.000  8.41121e-01
 10005.000  8.36985e-01
 10010.000  8.31518e-01
 10015.000  8.27563e-01
 10020.000  8.27961e-01
 10025.000  8.34324e-01
 10030.000  8.43334e-01
 10035.000  8.50445e-01
 10040.000  8.51108e-01
 10045.000  8.42452e-01
 10050.000  8.28312e-01
 10055.000  8.14202e-01
 10060.000  8.05632e-01
 10065.000  8.06415e-01
 10070.000  8.13555e-01
 10075.000  8.22359e-01
 10080.000  8.28132e-01
 10085.000  8.27499e-01
 10090.000  8.22362e-01
 10095.000  8.15943e-01
 10100.000  8.11465e-01
 10105.000  8.11392e-01
 10110.000  8.15154e-01
 10115.000  8.21423e-01
 10120.000  8.28871e-01
 10125.000  8.36064e-01
 10130.000  8.41137e-01
 10135.000  8.42118e-01
 10140.000  8.37035e-01
 10145.000  8.25104e-01
 10150.000  8.10276e-01
 10155.000  7.97690e-01
 10160.000  7.92485e-01
 10165.000  7.97997e-01
 10170.000  8.10344e-01
 10175.000  8.23844e-01
 10180.000  8.32814e-01
 10185.000  8.33185e-01
 10190.000  8.27349e-01
 10195.000  8.19309e-01
 10200.000  8.13072e-01
 10205.000  8.11653e-01
 10210.000  8.14109e-01
 10215.000  8.18505e-01
 10220.000  8.22906e-01
 10225.000  8.25578e-01
 10230.000  8.25576e-01
 10235.000  8.22152e-01
 10240.000  8.14560e-01
 10245.000  8.02774e-01
 10250.000  7.89654e-01
 10255.000  7.78782e-01
 10260.000  7.73738e-01
 10265.000  7.76874e-01
 10270.000  7.85616e-01
 10275.000  7.96162e-01
 10280.000  8.04709e-01
 10285.000  8.08486e-01
 10290.000  8.08852e-01
 10295.000  8.08198e-01
 10300.000  8.08913e-01
 10305.000  8.07192e-01
 10310.000  8.08814e-01
 10315.000  8.08906e-01
 10320.000  8.05766e-01
 10325.000  7.98549e-01
 10330.000  7.89850e-01
 10335.000  7.83127e-01
 10340.000  7.81835e-01
 10345.000  7.88061e-01
 10350.000  7.98412e-01
 10355.000  8.08125e-01
 10360.000  8.12437e-01
 10365.000  8.08214e-01
 10370.000  7.98841e-01
 10375.000  7.89330e-01
 10380.000  7.84694e-01
 10385.000  7.88324e-01
 10390.000  7.97124e-01
 10395.000  8.06375e-01
 10400.000  8.11358e-01
 10405.000  8.08805e-01
 10410.000  8.01240e-01
 10415.000  7.92639e-01
 10420.000  7.86975e-01
 10425.000  7.87011e-01
 10430.000  7.90661e-01
 10435.000  7.94623e-01
 10440.000  7.95599e-01
 10445.000  7.91316e-01
 10450.000  7.83623e-01
 10455.000  7.75393e-01
 10460.000  7.69505e-01
 10465.000  7.67977e-01
 10470.000  7.69407e-01
 10475.000  7.71540e-01
 10480.000  7.72116e-01
 10485.000  7.69648e-01
 10490.000  7.65720e-01
 10495.000  7.62683e-01
 10500.000  7.62892e-01
