# pickles/f0v  |  Pickles 1998, PASP 110, 863
# columns: wavelength_Angstrom  flam_erg_s_cm2_A (absolute scale arbitrary - ETC renormalizes)
  1150.000  2.70630e-02
  1155.000  2.35150e-02
  1160.000  1.92500e-02
  1165.000  1.25300e-03
  1170.000  0.00000e+00
  1175.000  1.45600e-03
  1180.000  0.00000e+00
  1185.000  0.00000e+00
  1190.000  0.00000e+00
  1195.000  0.00000e+00
  1200.000  3.21100e-03
  1205.000  8.05700e-03
  1210.000  2.68450e-02
  1215.000  4.32030e-02
  1220.000  2.57210e-02
  1225.000  5.32900e-03
  1230.000  1.66300e-03
  1235.000  1.68600e-03
  1240.000  1.86600e-03
  1245.000  1.23900e-03
  1250.000  2.10600e-03
  1255.000  1.74300e-03
  1260.000  1.37200e-03
  1265.000  2.77000e-04
  1270.000  7.24000e-04
  1275.000  4.18000e-04
  1280.000  1.00300e-03
  1285.000  1.72000e-04
  1290.000  0.00000e+00
  1295.000  0.00000e+00
  1300.000  0.00000e+00
  1305.000  7.14000e-04
  1310.000  4.38000e-04
  1315.000  1.42000e-04
  1320.000  2.79000e-04
  1325.000  0.00000e+00
  1330.000  0.00000e+00
  1335.000  1.84200e-03
  1340.000  1.45300e-03
  1345.000  7.89000e-04
  1350.000  8.24000e-04
  1355.000  1.43700e-03
  1360.000  1.53900e-03
  1365.000  4.20000e-05
  1370.000  6.60000e-05
  1375.000  7.22000e-04
  1380.000  1.26600e-03
  1385.000  1.83000e-04
  1390.000  7.50000e-05
  1395.000  9.38000e-04
  1400.000  0.00000e+00
  1405.000  0.00000e+00
  1410.000  8.68000e-04
  1415.000  6.25000e-04
  1420.000  1.09100e-03
  1425.000  2.15300e-03
  1430.000  1.57200e-03
  1435.000  1.81500e-03
  1440.000  1.78500e-03
  1445.000  1.37400e-03
  1450.000  1.23800e-03
  1455.000  2.04800e-03
  1460.000  2.09000e-03
  1465.000  1.06900e-03
  1470.000  1.89600e-03
  1475.000  2.40300e-03
  1480.000  2.60600e-03
  1485.000  3.72300e-03
  1490.000  2.55200e-03
  1495.000  2.93500e-03
  1500.000  3.81200e-03
  1505.000  3.83100e-03
  1510.000  3.84500e-03
  1515.000  2.94100e-03
  1520.000  2.80700e-03
  1525.000  3.44700e-03
  1530.000  3.00700e-03
  1535.000  4.42900e-03
  1540.000  5.22500e-03
  1545.000  5.07400e-03
  1550.000  6.34900e-03
  1555.000  6.17600e-03
  1560.000  5.34100e-03
  1565.000  6.27100e-03
  1570.000  5.38200e-03
  1575.000  5.35000e-03
  1580.000  6.43100e-03
  1585.000  6.74200e-03
  1590.000  6.28500e-03
  1595.000  6.17400e-03
  1600.000  7.49600e-03
  1605.000  9.88200e-03
  1610.000  1.26090e-02
  1615.000  8.31500e-03
  1620.000  7.63400e-03
  1625.000  8.37200e-03
  1630.000  9.04100e-03
  1635.000  9.48800e-03
  1640.000  1.10430e-02
  1645.000  1.16600e-02
  1650.000  1.14600e-02
  1655.000  9.88100e-03
  1660.000  1.01430e-02
  1665.000  1.43560e-02
  1670.000  1.29730e-02
  1675.000  1.54560e-02
  1680.000  1.92960e-02
  1685.000  2.04290e-02
  1690.000  2.52260e-02
  1695.000  3.04170e-02
  1700.000  4.10710e-02
  1705.000  5.54530e-02
  1710.000  7.78210e-02
  1715.000  9.64450e-02
  1720.000  1.00044e-01
  1725.000  9.68540e-02
  1730.000  1.16194e-01
  1735.000  1.17649e-01
  1740.000  1.16045e-01
  1745.000  1.25698e-01
  1750.000  1.46957e-01
  1755.000  1.64196e-01
  1760.000  1.56071e-01
  1765.000  1.43770e-01
  1770.000  1.66650e-01
  1775.000  2.01577e-01
  1780.000  2.17916e-01
  1785.000  2.03696e-01
  1790.000  2.04505e-01
  1795.000  2.37748e-01
  1800.000  2.44712e-01
  1805.000  2.13774e-01
  1810.000  1.99631e-01
  1815.000  2.19507e-01
  1820.000  2.26466e-01
  1825.000  2.34944e-01
  1830.000  2.22788e-01
  1835.000  2.12046e-01
  1840.000  1.87281e-01
  1845.000  1.66669e-01
  1850.000  1.61193e-01
  1855.000  1.72315e-01
  1860.000  1.86469e-01
  1865.000  2.02764e-01
  1870.000  2.21030e-01
  1875.000  2.23377e-01
  1880.000  2.30719e-01
  1885.000  2.42196e-01
  1890.000  2.40005e-01
  1895.000  2.30820e-01
  1900.000  2.16250e-01
  1905.000  2.24207e-01
  1910.000  2.28959e-01
  1915.000  2.43574e-01
  1920.000  2.51855e-01
  1925.000  2.27656e-01
  1930.000  1.83956e-01
  1935.000  1.77662e-01
  1940.000  2.41958e-01
  1945.000  2.92192e-01
  1950.000  2.99168e-01
  1955.000  2.92059e-01
  1960.000  2.75202e-01
  1965.000  2.73784e-01
  1970.000  2.73685e-01
  1975.000  3.07867e-01
  1980.000  2.97976e-01
  1985.000  3.01120e-01
  1990.000  2.75787e-01
  1995.000  2.38687e-01
  2000.000  2.49348e-01
  2005.000  2.57707e-01
  2010.000  2.43982e-01
  2015.000  2.58500e-01
  2020.000  2.60510e-01
  2025.000  2.71533e-01
  2030.000  2.71305e-01
  2035.000  2.84511e-01
  2040.000  2.90142e-01
  2045.000  2.87589e-01
  2050.000  3.20280e-01
  2055.000  3.39680e-01
  2060.000  3.05381e-01
  2065.000  2.98820e-01
  2070.000  3.24597e-01
  2075.000  3.42453e-01
  2080.000  3.79284e-01
  2085.000  3.98798e-01
  2090.000  3.89724e-01
  2095.000  3.63930e-01
  2100.000  3.53619e-01
  2105.000  3.52090e-01
  2110.000  3.43526e-01
  2115.000  3.42140e-01
  2120.000  3.35069e-01
  2125.000  3.70739e-01
  2130.000  3.85921e-01
  2135.000  3.14402e-01
  2140.000  2.67258e-01
  2145.000  2.89408e-01
  2150.000  3.20272e-01
  2155.000  3.36086e-01
  2160.000  3.41431e-01
  2165.000  3.14081e-01
  2170.000  3.04523e-01
  2175.000  2.81126e-01
  2180.000  2.83057e-01
  2185.000  3.12714e-01
  2190.000  3.49241e-01
  2195.000  3.72719e-01
  2200.000  3.93180e-01
  2205.000  4.09995e-01
  2210.000  3.73032e-01
  2215.000  3.24605e-01
  2220.000  3.01330e-01
  2225.000  2.97933e-01
  2230.000  3.07051e-01
  2235.000  3.17536e-01
  2240.000  3.54853e-01
  2245.000  3.33225e-01
  2250.000  2.99651e-01
  2255.000  2.94184e-01
  2260.000  2.96613e-01
  2265.000  2.87319e-01
  2270.000  2.81619e-01
  2275.000  2.69586e-01
  2280.000  2.76396e-01
  2285.000  2.94763e-01
  2290.000  3.40166e-01
  2295.000  3.36475e-01
  2300.000  3.03883e-01
  2305.000  2.74967e-01
  2310.000  2.87112e-01
  2315.000  3.08193e-01
  2320.000  2.97513e-01
  2325.000  3.07304e-01
  2330.000  2.93959e-01
  2335.000  2.73171e-01
  2340.000  2.38522e-01
  2345.000  2.13360e-01
  2350.000  1.88246e-01
  2355.000  2.03764e-01
  2360.000  2.55524e-01
  2365.000  2.41768e-01
  2370.000  2.29117e-01
  2375.000  2.47122e-01
  2380.000  2.49918e-01
  2385.000  2.20189e-01
  2390.000  1.87131e-01
  2395.000  2.08803e-01
  2400.000  2.11791e-01
  2405.000  2.00049e-01
  2410.000  1.93019e-01
  2415.000  1.86305e-01
  2420.000  2.25908e-01
  2425.000  2.84901e-01
  2430.000  3.12425e-01
  2435.000  2.98234e-01
  2440.000  2.86484e-01
  2445.000  3.00538e-01
  2450.000  3.02191e-01
  2455.000  2.87230e-01
  2460.000  2.90238e-01
  2465.000  2.87102e-01
  2470.000  2.63073e-01
  2475.000  2.64307e-01
  2480.000  2.75977e-01
  2485.000  2.69308e-01
  2490.000  2.64393e-01
  2495.000  2.59596e-01
  2500.000  2.92890e-01
  2505.000  3.21833e-01
  2510.000  3.11837e-01
  2515.000  2.91823e-01
  2520.000  2.61229e-01
  2525.000  2.33833e-01
  2530.000  2.20123e-01
  2535.000  2.17433e-01
  2540.000  2.20609e-01
  2545.000  2.21794e-01
  2550.000  2.33016e-01
  2555.000  2.48740e-01
  2560.000  2.85274e-01
  2565.000  3.00595e-01
  2570.000  3.23841e-01
  2575.000  3.52204e-01
  2580.000  2.99382e-01
  2585.000  2.86970e-01
  2590.000  3.23332e-01
  2595.000  3.44323e-01
  2600.000  3.25401e-01
  2605.000  2.93064e-01
  2610.000  2.83569e-01
  2615.000  2.67121e-01
  2620.000  2.97280e-01
  2625.000  3.30969e-01
  2630.000  3.19545e-01
  2635.000  3.18250e-01
  2640.000  4.10717e-01
  2645.000  4.99579e-01
  2650.000  5.25120e-01
  2655.000  5.24064e-01
  2660.000  5.22960e-01
  2665.000  4.70331e-01
  2670.000  4.29619e-01
  2675.000  4.36723e-01
  2680.000  4.53096e-01
  2685.000  4.48700e-01
  2690.000  4.42896e-01
  2695.000  4.12654e-01
  2700.000  3.97650e-01
  2705.000  4.27104e-01
  2710.000  4.42560e-01
  2715.000  4.14774e-01
  2720.000  4.02162e-01
  2725.000  3.90572e-01
  2730.000  4.04762e-01
  2735.000  4.29400e-01
  2740.000  4.10436e-01
  2745.000  3.42613e-01
  2750.000  3.09391e-01
  2755.000  3.08514e-01
  2760.000  3.39575e-01
  2765.000  3.82738e-01
  2770.000  3.94548e-01
  2775.000  4.11943e-01
  2780.000  4.15803e-01
  2785.000  3.69952e-01
  2790.000  3.46782e-01
  2795.000  2.88287e-01
  2800.000  1.91703e-01
  2805.000  1.77386e-01
  2810.000  2.54073e-01
  2815.000  3.83133e-01
  2820.000  4.79936e-01
  2825.000  5.19117e-01
  2830.000  5.21349e-01
  2835.000  4.98117e-01
  2840.000  4.86242e-01
  2845.000  4.61343e-01
  2850.000  4.45460e-01
  2855.000  4.10521e-01
  2860.000  4.24025e-01
  2865.000  4.76948e-01
  2870.000  4.82943e-01
  2875.000  4.78852e-01
  2880.000  4.79276e-01
  2885.000  4.96977e-01
  2890.000  5.12595e-01
  2895.000  5.05279e-01
  2900.000  5.26297e-01
  2905.000  5.76394e-01
  2910.000  6.11386e-01
  2915.000  5.97011e-01
  2920.000  5.96055e-01
  2925.000  5.71542e-01
  2930.000  5.39500e-01
  2935.000  5.46172e-01
  2940.000  5.54345e-01
  2945.000  5.65788e-01
  2950.000  5.58079e-01
  2955.000  5.63555e-01
  2960.000  6.04081e-01
  2965.000  6.04647e-01
  2970.000  5.77176e-01
  2975.000  5.71043e-01
  2980.000  6.02271e-01
  2985.000  5.68041e-01
  2990.000  5.56711e-01
  2995.000  6.08528e-01
  3000.000  6.16080e-01
  3005.000  5.77021e-01
  3010.000  5.97678e-01
  3015.000  6.17861e-01
  3020.000  5.98388e-01
  3025.000  5.83737e-01
  3030.000  5.94049e-01
  3035.000  6.07266e-01
  3040.000  6.06734e-01
  3045.000  6.04165e-01
  3050.000  5.99472e-01
  3055.000  6.18446e-01
  3060.000  5.93717e-01
  3065.000  5.80870e-01
  3070.000  5.99105e-01
  3075.000  6.13616e-01
  3080.000  6.31150e-01
  3085.000  6.62547e-01
  3090.000  6.60800e-01
  3095.000  6.22261e-01
  3100.000  5.79472e-01
  3105.000  5.98962e-01
  3110.000  6.61416e-01
  3115.000  6.81560e-01
  3120.000  6.54425e-01
  3125.000  6.34487e-01
  3130.000  6.44352e-01
  3135.000  6.53377e-01
  3140.000  6.81704e-01
  3145.000  6.86711e-01
  3150.000  6.84810e-01
  3155.000  6.91087e-01
  3160.000  6.66523e-01
  3165.000  6.56977e-01
  3170.000  6.78370e-01
  3175.000  7.15865e-01
  3180.000  7.01628e-01
  3185.000  6.70592e-01
  3190.000  6.77157e-01
  3195.000  6.87171e-01
  3200.000  7.13513e-01
  3205.000  7.56049e-01
  3210.000  7.42787e-01
  3215.000  7.11364e-01
  3220.000  6.74674e-01
  3225.000  6.49263e-01
  3230.000  6.50180e-01
  3235.000  6.82009e-01
  3240.000  7.08976e-01
  3245.000  7.01222e-01
  3250.000  6.92902e-01
  3255.000  7.18907e-01
  3260.000  7.53063e-01
  3265.000  7.62785e-01
  3270.000  7.50915e-01
  3275.000  7.30499e-01
  3280.000  7.19988e-01
  3285.000  7.33676e-01
  3290.000  7.63824e-01
  3295.000  7.95833e-01
  3300.000  8.09709e-01
  3305.000  7.92912e-01
  3310.000  7.68124e-01
  3315.000  7.59299e-01
  3320.000  7.60286e-01
  3325.000  7.59637e-01
  3330.000  7.54847e-01
  3335.000  7.46466e-01
  3340.000  7.38337e-01
  3345.000  7.34806e-01
  3350.000  7.38931e-01
  3355.000  7.49588e-01
  3360.000  7.50214e-01
  3365.000  7.29218e-01
  3370.000  7.10339e-01
  3375.000  7.16278e-01
  3380.000  7.30266e-01
  3385.000  7.33179e-01
  3390.000  7.35953e-01
  3395.000  7.50432e-01
  3400.000  7.62035e-01
  3405.000  7.56248e-01
  3410.000  7.45254e-01
  3415.000  7.44332e-01
  3420.000  7.54463e-01
  3425.000  7.69657e-01
  3430.000  7.70351e-01
  3435.000  7.44543e-01
  3440.000  7.24031e-01
  3445.000  7.37369e-01
  3450.000  7.56315e-01
  3455.000  7.49975e-01
  3460.000  7.33645e-01
  3465.000  7.27955e-01
  3470.000  7.28680e-01
  3475.000  7.27379e-01
  3480.000  7.23588e-01
  3485.000  7.19396e-01
  3490.000  7.19137e-01
  3495.000  7.25717e-01
  3500.000  7.34106e-01
  3505.000  7.38527e-01
  3510.000  7.09173e-01
  3515.000  7.13508e-01
  3520.000  7.07979e-01
  3525.000  7.10598e-01
  3530.000  7.26822e-01
  3535.000  7.46367e-01
  3540.000  7.60090e-01
  3545.000  7.62209e-01
  3550.000  7.60400e-01
  3555.000  7.50809e-01
  3560.000  7.42452e-01
  3565.000  7.15368e-01
  3570.000  6.90263e-01
  3575.000  6.82480e-01
  3580.000  6.79825e-01
  3585.000  6.74231e-01
  3590.000  6.85502e-01
  3595.000  7.11787e-01
  3600.000  7.26574e-01
  3605.000  7.18096e-01
  3610.000  6.94754e-01
  3615.000  6.90014e-01
  3620.000  6.97821e-01
  3625.000  7.26131e-01
  3630.000  7.28209e-01
  3635.000  7.19974e-01
  3640.000  7.26606e-01
  3645.000  7.24263e-01
  3650.000  7.34696e-01
  3655.000  7.66937e-01
  3660.000  7.81525e-01
  3665.000  7.80878e-01
  3670.000  7.69745e-01
  3675.000  7.60631e-01
  3680.000  7.45623e-01
  3685.000  7.45525e-01
  3690.000  7.58730e-01
  3695.000  7.72845e-01
  3700.000  7.79446e-01
  3705.000  7.53738e-01
  3710.000  7.66871e-01
  3715.000  8.13638e-01
  3720.000  8.10793e-01
  3725.000  8.11911e-01
  3730.000  8.14137e-01
  3735.000  8.03655e-01
  3740.000  8.81692e-01
  3745.000  8.25902e-01
  3750.000  7.63490e-01
  3755.000  9.01635e-01
  3760.000  9.69398e-01
  3765.000  8.89878e-01
  3770.000  7.97367e-01
  3775.000  9.57196e-01
  3780.000  1.16568e+00
  3785.000  1.16777e+00
  3790.000  1.02299e+00
  3795.000  8.58769e-01
  3800.000  8.69913e-01
  3805.000  1.05875e+00
  3810.000  1.22079e+00
  3815.000  1.25571e+00
  3820.000  1.21368e+00
  3825.000  1.04917e+00
  3830.000  8.54817e-01
  3835.000  7.71886e-01
  3840.000  9.22903e-01
  3845.000  1.15452e+00
  3850.000  1.30380e+00
  3855.000  1.34822e+00
  3860.000  1.35607e+00
  3865.000  1.37514e+00
  3870.000  1.34807e+00
  3875.000  1.26834e+00
  3880.000  1.12446e+00
  3885.000  8.95253e-01
  3890.000  8.04842e-01
  3895.000  9.88425e-01
  3900.000  1.19912e+00
  3905.000  1.31686e+00
  3910.000  1.39719e+00
  3915.000  1.44541e+00
  3920.000  1.41535e+00
  3925.000  1.20986e+00
  3930.000  8.98947e-01
  3935.000  9.25654e-01
  3940.000  1.22051e+00
  3945.000  1.33916e+00
  3950.000  1.34369e+00
  3955.000  1.28659e+00
  3960.000  1.11811e+00
  3965.000  8.14238e-01
  3970.000  6.81659e-01
  3975.000  9.47456e-01
  3980.000  1.24530e+00
  3985.000  1.38295e+00
  3990.000  1.43556e+00
  3995.000  1.46160e+00
  4000.000  1.49343e+00
  4005.000  1.51947e+00
  4010.000  1.54624e+00
  4015.000  1.57200e+00
  4020.000  1.58732e+00
  4025.000  1.56475e+00
  4030.000  1.53968e+00
  4035.000  1.57859e+00
  4040.000  1.61065e+00
  4045.000  1.58581e+00
  4050.000  1.56713e+00
  4055.000  1.52663e+00
  4060.000  1.50788e+00
  4065.000  1.49873e+00
  4070.000  1.48400e+00
  4075.000  1.42587e+00
  4080.000  1.38381e+00
  4085.000  1.38079e+00
  4090.000  1.30726e+00
  4095.000  1.07080e+00
  4100.000  8.63368e-01
  4105.000  9.72679e-01
  4110.000  1.21148e+00
  4115.000  1.35426e+00
  4120.000  1.40396e+00
  4125.000  1.41765e+00
  4130.000  1.42872e+00
  4135.000  1.48711e+00
  4140.000  1.53519e+00
  4145.000  1.53610e+00
  4150.000  1.52793e+00
  4155.000  1.50996e+00
  4160.000  1.52358e+00
  4165.000  1.52110e+00
  4170.000  1.47859e+00
  4175.000  1.44978e+00
  4180.000  1.47016e+00
  4185.000  1.49995e+00
  4190.000  1.52972e+00
  4195.000  1.50884e+00
  4200.000  1.47536e+00
  4205.000  1.50312e+00
  4210.000  1.53916e+00
  4215.000  1.53045e+00
  4220.000  1.49671e+00
  4225.000  1.44444e+00
  4230.000  1.45405e+00
  4235.000  1.46239e+00
  4240.000  1.48292e+00
  4245.000  1.46749e+00
  4250.000  1.45872e+00
  4255.000  1.48960e+00
  4260.000  1.50036e+00
  4265.000  1.49382e+00
  4270.000  1.45331e+00
  4275.000  1.46322e+00
  4280.000  1.48869e+00
  4285.000  1.45000e+00
  4290.000  1.40192e+00
  4295.000  1.38242e+00
  4300.000  1.35212e+00
  4305.000  1.34739e+00
  4310.000  1.34532e+00
  4315.000  1.34426e+00
  4320.000  1.33649e+00
  4325.000  1.28952e+00
  4330.000  1.18640e+00
  4335.000  9.66782e-01
  4340.000  7.98134e-01
  4345.000  9.33748e-01
  4350.000  1.15155e+00
  4355.000  1.29868e+00
  4360.000  1.38174e+00
  4365.000  1.41237e+00
  4370.000  1.40124e+00
  4375.000  1.40940e+00
  4380.000  1.41820e+00
  4385.000  1.39871e+00
  4390.000  1.41844e+00
  4395.000  1.41913e+00
  4400.000  1.42391e+00
  4405.000  1.44316e+00
  4410.000  1.45145e+00
  4415.000  1.42994e+00
  4420.000  1.43045e+00
  4425.000  1.44175e+00
  4430.000  1.44754e+00
  4435.000  1.44549e+00
  4440.000  1.44129e+00
  4445.000  1.43212e+00
  4450.000  1.43803e+00
  4455.000  1.40940e+00
  4460.000  1.39784e+00
  4465.000  1.40078e+00
  4470.000  1.41876e+00
  4475.000  1.42664e+00
  4480.000  1.39652e+00
  4485.000  1.40357e+00
  4490.000  1.41252e+00
  4495.000  1.43543e+00
  4500.000  1.44997e+00
  4505.000  1.46193e+00
  4510.000  1.46459e+00
  4515.000  1.44873e+00
  4520.000  1.41207e+00
  4525.000  1.37269e+00
  4530.000  1.34785e+00
  4535.000  1.38843e+00
  4540.000  1.41839e+00
  4545.000  1.37876e+00
  4550.000  1.32639e+00
  4555.000  1.33842e+00
  4560.000  1.37816e+00
  4565.000  1.40247e+00
  4570.000  1.40454e+00
  4575.000  1.39204e+00
  4580.000  1.35710e+00
  4585.000  1.34386e+00
  4590.000  1.36315e+00
  4595.000  1.37389e+00
  4600.000  1.38304e+00
  4605.000  1.39682e+00
  4610.000  1.40709e+00
  4615.000  1.40297e+00
  4620.000  1.39463e+00
  4625.000  1.38997e+00
  4630.000  1.37694e+00
  4635.000  1.37651e+00
  4640.000  1.37970e+00
  4645.000  1.36893e+00
  4650.000  1.36399e+00
  4655.000  1.38066e+00
  4660.000  1.39001e+00
  4665.000  1.36097e+00
  4670.000  1.34387e+00
  4675.000  1.36345e+00
  4680.000  1.37916e+00
  4685.000  1.38660e+00
  4690.000  1.37507e+00
  4695.000  1.36419e+00
  4700.000  1.34310e+00
  4705.000  1.33434e+00
  4710.000  1.33859e+00
  4715.000  1.35101e+00
  4720.000  1.36382e+00
  4725.000  1.35006e+00
  4730.000  1.33203e+00
  4735.000  1.32586e+00
  4740.000  1.33229e+00
  4745.000  1.33652e+00
  4750.000  1.32903e+00
  4755.000  1.31290e+00
  4760.000  1.29493e+00
  4765.000  1.28412e+00
  4770.000  1.29380e+00
  4775.000  1.30024e+00
  4780.000  1.29967e+00
  4785.000  1.29464e+00
  4790.000  1.28970e+00
  4795.000  1.28998e+00
  4800.000  1.28512e+00
  4805.000  1.27404e+00
  4810.000  1.27522e+00
  4815.000  1.27048e+00
  4820.000  1.25102e+00
  4825.000  1.23619e+00
  4830.000  1.22651e+00
  4835.000  1.20426e+00
  4840.000  1.17309e+00
  4845.000  1.13419e+00
  4850.000  1.04744e+00
  4855.000  8.74967e-01
  4860.000  7.34495e-01
  4865.000  8.09343e-01
  4870.000  9.74855e-01
  4875.000  1.06586e+00
  4880.000  1.11595e+00
  4885.000  1.14301e+00
  4890.000  1.15968e+00
  4895.000  1.19596e+00
  4900.000  1.22105e+00
  4905.000  1.22897e+00
  4910.000  1.22529e+00
  4915.000  1.20936e+00
  4920.000  1.18786e+00
  4925.000  1.19830e+00
  4930.000  1.22833e+00
  4935.000  1.22381e+00
  4940.000  1.22418e+00
  4945.000  1.24134e+00
  4950.000  1.25188e+00
  4955.000  1.23750e+00
  4960.000  1.23446e+00
  4965.000  1.24508e+00
  4970.000  1.23502e+00
  4975.000  1.21789e+00
  4980.000  1.19294e+00
  4985.000  1.19426e+00
  4990.000  1.21862e+00
  4995.000  1.21319e+00
  5000.000  1.18618e+00
  5005.000  1.16621e+00
  5010.000  1.17222e+00
  5015.000  1.15932e+00
  5020.000  1.15156e+00
  5025.000  1.17244e+00
  5030.000  1.18531e+00
  5035.000  1.18135e+00
  5040.000  1.16147e+00
  5045.000  1.16609e+00
  5050.000  1.18336e+00
  5055.000  1.18134e+00
  5060.000  1.19253e+00
  5065.000  1.17214e+00
  5070.000  1.15358e+00
  5075.000  1.14591e+00
  5080.000  1.14462e+00
  5085.000  1.16130e+00
  5090.000  1.17380e+00
  5095.000  1.16359e+00
  5100.000  1.14942e+00
  5105.000  1.15513e+00
  5110.000  1.16028e+00
  5115.000  1.16209e+00
  5120.000  1.15316e+00
  5125.000  1.14087e+00
  5130.000  1.13256e+00
  5135.000  1.12522e+00
  5140.000  1.11972e+00
  5145.000  1.12536e+00
  5150.000  1.13096e+00
  5155.000  1.13918e+00
  5160.000  1.12155e+00
  5165.000  1.06343e+00
  5170.000  1.03401e+00
  5175.000  1.07162e+00
  5180.000  1.09813e+00
  5185.000  1.07577e+00
  5190.000  1.06895e+00
  5195.000  1.08012e+00
  5200.000  1.08684e+00
  5205.000  1.08038e+00
  5210.000  1.09058e+00
  5215.000  1.11223e+00
  5220.000  1.11350e+00
  5225.000  1.08464e+00
  5230.000  1.06267e+00
  5235.000  1.07955e+00
  5240.000  1.10624e+00
  5245.000  1.11274e+00
  5250.000  1.10601e+00
  5255.000  1.09807e+00
  5260.000  1.06992e+00
  5265.000  1.02872e+00
  5270.000  1.02137e+00
  5275.000  1.04037e+00
  5280.000  1.06377e+00
  5285.000  1.08380e+00
  5290.000  1.10329e+00
  5295.000  1.09770e+00
  5300.000  1.08405e+00
  5305.000  1.08601e+00
  5310.000  1.09112e+00
  5315.000  1.07898e+00
  5320.000  1.06369e+00
  5325.000  1.05063e+00
  5330.000  1.04704e+00
  5335.000  1.05325e+00
  5340.000  1.05860e+00
  5345.000  1.06726e+00
  5350.000  1.07208e+00
  5355.000  1.08064e+00
  5360.000  1.07461e+00
  5365.000  1.04848e+00
  5370.000  1.03792e+00
  5375.000  1.05616e+00
  5380.000  1.06084e+00
  5385.000  1.06060e+00
  5390.000  1.05957e+00
  5395.000  1.04088e+00
  5400.000  1.02845e+00
  5405.000  1.02437e+00
  5410.000  1.02776e+00
  5415.000  1.03839e+00
  5420.000  1.04160e+00
  5425.000  1.03562e+00
  5430.000  1.03490e+00
  5435.000  1.04067e+00
  5440.000  1.05125e+00
  5445.000  1.04197e+00
  5450.000  1.03289e+00
  5455.000  1.03218e+00
  5460.000  1.03493e+00
  5465.000  1.03689e+00
  5470.000  1.03724e+00
  5475.000  1.02979e+00
  5480.000  1.02202e+00
  5485.000  1.03121e+00
  5490.000  1.03860e+00
  5495.000  1.03406e+00
  5500.000  1.02281e+00
  5505.000  1.01354e+00
  5510.000  1.01755e+00
  5515.000  1.02504e+00
  5520.000  1.02410e+00
  5525.000  1.00855e+00
  5530.000  9.97968e-01
  5535.000  1.00556e+00
  5540.000  1.01181e+00
  5545.000  1.01379e+00
  5550.000  1.01942e+00
  5555.000  1.02003e+00
  5560.000  1.01365e+00
  5565.000  1.00365e+00
  5570.000  9.89709e-01
  5575.000  9.94014e-01
  5580.000  9.99943e-01
  5585.000  9.78597e-01
  5590.000  9.59497e-01
  5595.000  9.57922e-01
  5600.000  9.64166e-01
  5605.000  9.82179e-01
  5610.000  9.93363e-01
  5615.000  9.83331e-01
  5620.000  9.75997e-01
  5625.000  9.79912e-01
  5630.000  9.83515e-01
  5635.000  9.81273e-01
  5640.000  9.78294e-01
  5645.000  9.84773e-01
  5650.000  9.83483e-01
  5655.000  9.64087e-01
  5660.000  9.48487e-01
  5665.000  9.50405e-01
  5670.000  9.63272e-01
  5675.000  9.68757e-01
  5680.000  9.62779e-01
  5685.000  9.53028e-01
  5690.000  9.55607e-01
  5695.000  9.60548e-01
  5700.000  9.61236e-01
  5705.000  9.50592e-01
  5710.000  9.41143e-01
  5715.000  9.45659e-01
  5720.000  9.56606e-01
  5725.000  9.59836e-01
  5730.000  9.57110e-01
  5735.000  9.54038e-01
  5740.000  9.53161e-01
  5745.000  9.50536e-01
  5750.000  9.44757e-01
  5755.000  9.43116e-01
  5760.000  9.45006e-01
  5765.000  9.42199e-01
  5770.000  9.44052e-01
  5775.000  9.43883e-01
  5780.000  9.38267e-01
  5785.000  9.33536e-01
  5790.000  9.34035e-01
  5795.000  9.32966e-01
  5800.000  9.35625e-01
  5805.000  9.38730e-01
  5810.000  9.33852e-01
  5815.000  9.30950e-01
  5820.000  9.35515e-01
  5825.000  9.35872e-01
  5830.000  9.34797e-01
  5835.000  9.35318e-01
  5840.000  9.37249e-01
  5845.000  9.34082e-01
  5850.000  9.25226e-01
  5855.000  9.13836e-01
  5860.000  9.08329e-01
  5865.000  9.16344e-01
  5870.000  9.24372e-01
  5875.000  9.22129e-01
  5880.000  9.19425e-01
  5885.000  8.96016e-01
  5890.000  8.65558e-01
  5895.000  8.61365e-01
  5900.000  8.83653e-01
  5905.000  9.02329e-01
  5910.000  9.03316e-01
  5915.000  9.00376e-01
  5920.000  8.98420e-01
  5925.000  8.96896e-01
  5930.000  8.91298e-01
  5935.000  8.90060e-01
  5940.000  8.88518e-01
  5945.000  8.83176e-01
  5950.000  8.79222e-01
  5955.000  8.78347e-01
  5960.000  8.78786e-01
  5965.000  8.78955e-01
  5970.000  8.77616e-01
  5975.000  8.75183e-01
  5980.000  8.67473e-01
  5985.000  8.62026e-01
  5990.000  8.62126e-01
  5995.000  8.66987e-01
  6000.000  8.62469e-01
  6005.000  8.53720e-01
  6010.000  8.49351e-01
  6015.000  8.45915e-01
  6020.000  8.43202e-01
  6025.000  8.43189e-01
  6030.000  8.48325e-01
  6035.000  8.48999e-01
  6040.000  8.43641e-01
  6045.000  8.43678e-01
  6050.000  8.48987e-01
  6055.000  8.51623e-01
  6060.000  8.52108e-01
  6065.000  8.49000e-01
  6070.000  8.47558e-01
  6075.000  8.43093e-01
  6080.000  8.39566e-01
  6085.000  8.37437e-01
  6090.000  8.37430e-01
  6095.000  8.34208e-01
  6100.000  8.24381e-01
  6105.000  8.24593e-01
  6110.000  8.31120e-01
  6115.000  8.27167e-01
  6120.000  8.20645e-01
  6125.000  8.23391e-01
  6130.000  8.22529e-01
  6135.000  8.12526e-01
  6140.000  8.07385e-01
  6145.000  8.08030e-01
  6150.000  8.13810e-01
  6155.000  8.09961e-01
  6160.000  7.99538e-01
  6165.000  7.95124e-01
  6170.000  7.99293e-01
  6175.000  8.08764e-01
  6180.000  8.14252e-01
  6185.000  8.08488e-01
  6190.000  8.04815e-01
  6195.000  8.09918e-01
  6200.000  8.14885e-01
  6205.000  8.11585e-01
  6210.000  8.06383e-01
  6215.000  8.03502e-01
  6220.000  8.01387e-01
  6225.000  8.01061e-01
  6230.000  7.97436e-01
  6235.000  7.92905e-01
  6240.000  7.92172e-01
  6245.000  7.86098e-01
  6250.000  7.85069e-01
  6255.000  7.89863e-01
  6260.000  7.96019e-01
  6265.000  7.98681e-01
  6270.000  7.95098e-01
  6275.000  7.81922e-01
  6280.000  7.72367e-01
  6285.000  7.82566e-01
  6290.000  7.90093e-01
  6295.000  7.87651e-01
  6300.000  7.84441e-01
  6305.000  7.84688e-01
  6310.000  7.84121e-01
  6315.000  7.80322e-01
  6320.000  7.77197e-01
  6325.000  7.80529e-01
  6330.000  7.78292e-01
  6335.000  7.74589e-01
  6340.000  7.71563e-01
  6345.000  7.66673e-01
  6350.000  7.68199e-01
  6355.000  7.71122e-01
  6360.000  7.70601e-01
  6365.000  7.66315e-01
  6370.000  7.63307e-01
  6375.000  7.63933e-01
  6380.000  7.64156e-01
  6385.000  7.66773e-01
  6390.000  7.67064e-01
  6395.000  7.63246e-01
  6400.000  7.59429e-01
  6405.000  7.56764e-01
  6410.000  7.51842e-01
  6415.000  7.50089e-01
  6420.000  7.49965e-01
  6425.000  7.53470e-01
  6430.000  7.51682e-01
  6435.000  7.47393e-01
  6440.000  7.47409e-01
  6445.000  7.48194e-01
  6450.000  7.44364e-01
  6455.000  7.35027e-01
  6460.000  7.30011e-01
  6465.000  7.34781e-01
  6470.000  7.39498e-01
  6475.000  7.40260e-01
  6480.000  7.40336e-01
  6485.000  7.31632e-01
  6490.000  7.19255e-01
  6495.000  7.13368e-01
  6500.000  7.24225e-01
  6505.000  7.34349e-01
  6510.000  7.31367e-01
  6515.000  7.22826e-01
  6520.000  7.22937e-01
  6525.000  7.23213e-01
  6530.000  7.18713e-01
  6535.000  7.09448e-01
  6540.000  6.98065e-01
  6545.000  6.80195e-01
  6550.000  6.45468e-01
  6555.000  5.69960e-01
  6560.000  4.88829e-01
  6565.000  5.07132e-01
  6570.000  5.97121e-01
  6575.000  6.52091e-01
  6580.000  6.74112e-01
  6585.000  6.84605e-01
  6590.000  6.90522e-01
  6595.000  6.97775e-01
  6600.000  7.06686e-01
  6605.000  7.07895e-01
  6610.000  7.06921e-01
  6615.000  7.06141e-01
  6620.000  7.07398e-01
  6625.000  7.09722e-01
  6630.000  7.08224e-01
  6635.000  7.08029e-01
  6640.000  7.08671e-01
  6645.000  7.06483e-01
  6650.000  7.05780e-01
  6655.000  7.04698e-01
  6660.000  7.03454e-01
  6665.000  7.02957e-01
  6670.000  7.01241e-01
  6675.000  6.96850e-01
  6680.000  6.96376e-01
  6685.000  6.97511e-01
  6690.000  6.98132e-01
  6695.000  6.98389e-01
  6700.000  6.98679e-01
  6705.000  6.94210e-01
  6710.000  6.91045e-01
  6715.000  6.88251e-01
  6720.000  6.85347e-01
  6725.000  6.86508e-01
  6730.000  6.87938e-01
  6735.000  6.89341e-01
  6740.000  6.86382e-01
  6745.000  6.82610e-01
  6750.000  6.77915e-01
  6755.000  6.75764e-01
  6760.000  6.76625e-01
  6765.000  6.79215e-01
  6770.000  6.78872e-01
  6775.000  6.79167e-01
  6780.000  6.77889e-01
  6785.000  6.77903e-01
  6790.000  6.78710e-01
  6795.000  6.76857e-01
  6800.000  6.76908e-01
  6805.000  6.73861e-01
  6810.000  6.72885e-01
  6815.000  6.70523e-01
  6820.000  6.68050e-01
  6825.000  6.64699e-01
  6830.000  6.62317e-01
  6835.000  6.63073e-01
  6840.000  6.67911e-01
  6845.000  6.66082e-01
  6850.000  6.66062e-01
  6855.000  6.64969e-01
  6860.000  6.61761e-01
  6865.000  6.68700e-01
  6870.000  6.68552e-01
  6875.000  6.59490e-01
  6880.000  6.58793e-01
  6885.000  6.59586e-01
  6890.000  6.59265e-01
  6895.000  6.58396e-01
  6900.000  6.57864e-01
  6905.000  6.58618e-01
  6910.000  6.58707e-01
  6915.000  6.57615e-01
  6920.000  6.56488e-01
  6925.000  6.55434e-01
  6930.000  6.53121e-01
  6935.000  6.51819e-01
  6940.000  6.52349e-01
  6945.000  6.50384e-01
  6950.000  6.51072e-01
  6955.000  6.51725e-01
  6960.000  6.49273e-01
  6965.000  6.49197e-01
  6970.000  6.50446e-01
  6975.000  6.42810e-01
  6980.000  6.39309e-01
  6985.000  6.38570e-01
  6990.000  6.34332e-01
  6995.000  6.30298e-01
  7000.000  6.27139e-01
  7005.000  6.23816e-01
  7010.000  6.26798e-01
  7015.000  6.26443e-01
  7020.000  6.24113e-01
  7025.000  6.23747e-01
  7030.000  6.26336e-01
  7035.000  6.26717e-01
  7040.000  6.25098e-01
  7045.000  6.26972e-01
  7050.000  6.28329e-01
  7055.000  6.25962e-01
  7060.000  6.23328e-01
  7065.000  6.22116e-01
  7070.000  6.23995e-01
  7075.000  6.24207e-01
  7080.000  6.21186e-01
  7085.000  6.18749e-01
  7090.000  6.15610e-01
  7095.000  6.16140e-01
  7100.000  6.15925e-01
  7105.000  6.16174e-01
  7110.000  6.10953e-01
  7115.000  6.05094e-01
  7120.000  6.08379e-01
  7125.000  6.13534e-01
  7130.000  6.16023e-01
  7135.000  6.16981e-01
  7140.000  6.13196e-01
  7145.000  6.07042e-01
  7150.000  6.04530e-01
  7155.000  6.07591e-01
  7160.000  6.06275e-01
  7165.000  5.95468e-01
  7170.000  5.85820e-01
  7175.000  5.78917e-01
  7180.000  5.72314e-01
  7185.000  5.65885e-01
  7190.000  5.61019e-01
  7195.000  5.63026e-01
  7200.000  5.62893e-01
  7205.000  5.69839e-01
  7210.000  5.83396e-01
  7215.000  5.93988e-01
  7220.000  5.94829e-01
  7225.000  5.89124e-01
  7230.000  5.81950e-01
  7235.000  5.74097e-01
  7240.000  5.67138e-01
  7245.000  5.65666e-01
  7250.000  5.65793e-01
  7255.000  5.63636e-01
  7260.000  5.68577e-01
  7265.000  5.70907e-01
  7270.000  5.71218e-01
  7275.000  5.65472e-01
  7280.000  5.64697e-01
  7285.000  5.58424e-01
  7290.000  5.54631e-01
  7295.000  5.58053e-01
  7300.000  5.65260e-01
  7305.000  5.63081e-01
  7310.000  5.59031e-01
  7315.000  5.60082e-01
  7320.000  5.59354e-01
  7325.000  5.57819e-01
  7330.000  5.57566e-01
  7335.000  5.59940e-01
  7340.000  5.66159e-01
  7345.000  5.67943e-01
  7350.000  5.62620e-01
  7355.000  5.60260e-01
  7360.000  5.59471e-01
  7365.000  5.57696e-01
  7370.000  5.57311e-01
  7375.000  5.58320e-01
  7380.000  5.57285e-01
  7385.000  5.49957e-01
  7390.000  5.44892e-01
  7395.000  5.49062e-01
  7400.000  5.52980e-01
  7405.000  5.53776e-01
  7410.000  5.49599e-01
  7415.000  5.46612e-01
  7420.000  5.45635e-01
  7425.000  5.54345e-01
  7430.000  5.59273e-01
  7435.000  5.62378e-01
  7440.000  5.58648e-01
  7445.000  5.51897e-01
  7450.000  5.48773e-01
  7455.000  5.50647e-01
  7460.000  5.51615e-01
  7465.000  5.53463e-01
  7470.000  5.54732e-01
  7475.000  5.52142e-01
  7480.000  5.47830e-01
  7485.000  5.48927e-01
  7490.000  5.50511e-01
  7495.000  5.47403e-01
  7500.000  5.43026e-01
  7505.000  5.40596e-01
  7510.000  5.38500e-01
  7515.000  5.38215e-01
  7520.000  5.40992e-01
  7525.000  5.40842e-01
  7530.000  5.38702e-01
  7535.000  5.39015e-01
  7540.000  5.42419e-01
  7545.000  5.44354e-01
  7550.000  5.43121e-01
  7555.000  5.40778e-01
  7560.000  5.39687e-01
  7565.000  5.39104e-01
  7570.000  5.37358e-01
  7575.000  5.36232e-01
  7580.000  5.36685e-01
  7585.000  5.34641e-01
  7590.000  5.35812e-01
  7595.000  5.41889e-01
  7600.000  5.46145e-01
  7605.000  5.39151e-01
  7610.000  5.22797e-01
  7615.000  5.13169e-01
  7620.000  5.19462e-01
  7625.000  5.28688e-01
  7630.000  5.28157e-01
  7635.000  5.22923e-01
  7640.000  5.21515e-01
  7645.000  5.22189e-01
  7650.000  5.21388e-01
  7655.000  5.20249e-01
  7660.000  5.19563e-01
  7665.000  5.18332e-01
  7670.000  5.20469e-01
  7675.000  5.22914e-01
  7680.000  5.22944e-01
  7685.000  5.22289e-01
  7690.000  5.21728e-01
  7695.000  5.20529e-01
  7700.000  5.19661e-01
  7705.000  5.20598e-01
  7710.000  5.20805e-01
  7715.000  5.19028e-01
  7720.000  5.17106e-01
  7725.000  5.17203e-01
  7730.000  5.17765e-01
  7735.000  5.17624e-01
  7740.000  5.15394e-01
  7745.000  5.11078e-01
  7750.000  5.08147e-01
  7755.000  5.08413e-01
  7760.000  5.09868e-01
  7765.000  5.08651e-01
  7770.000  5.00844e-01
  7775.000  4.87777e-01
  7780.000  4.83965e-01
  7785.000  4.96079e-01
  7790.000  5.05741e-01
  7795.000  5.06025e-01
  7800.000  5.02975e-01
  7805.000  5.02049e-01
  7810.000  5.01607e-01
  7815.000  5.01607e-01
  7820.000  5.02782e-01
  7825.000  5.02820e-01
  7830.000  4.99063e-01
  7835.000  4.96217e-01
  7840.000  4.95998e-01
  7845.000  4.97253e-01
  7850.000  4.97795e-01
  7855.000  4.97218e-01
  7860.000  4.96934e-01
  7865.000  4.97305e-01
  7870.000  4.95751e-01
  7875.000  4.92467e-01
  7880.000  4.90367e-01
  7885.000  4.92249e-01
  7890.000  4.92771e-01
  7895.000  4.85887e-01
  7900.000  4.81204e-01
  7905.000  4.83990e-01
  7910.000  4.87106e-01
  7915.000  4.86430e-01
  7920.000  4.83735e-01
  7925.000  4.80621e-01
  7930.000  4.78149e-01
  7935.000  4.78671e-01
  7940.000  4.81218e-01
  7945.000  4.79950e-01
  7950.000  4.76096e-01
  7955.000  4.77854e-01
  7960.000  4.79033e-01
  7965.000  4.79677e-01
  7970.000  4.81388e-01
  7975.000  4.80725e-01
  7980.000  4.80210e-01
  7985.000  4.80283e-01
  7990.000  4.79113e-01
  7995.000  4.76628e-01
  8000.000  4.72578e-01
  8005.000  4.71509e-01
  8010.000  4.73367e-01
  8015.000  4.74101e-01
  8020.000  4.74229e-01
  8025.000  4.72302e-01
  8030.000  4.69978e-01
  8035.000  4.69644e-01
  8040.000  4.69271e-01
  8045.000  4.66080e-01
  8050.000  4.63908e-01
  8055.000  4.66213e-01
  8060.000  4.68121e-01
  8065.000  4.69415e-01
  8070.000  4.70177e-01
  8075.000  4.69942e-01
  8080.000  4.69845e-01
  8085.000  4.67150e-01
  8090.000  4.64098e-01
  8095.000  4.63573e-01
  8100.000  4.63083e-01
  8105.000  4.63709e-01
  8110.000  4.64330e-01
  8115.000  4.63675e-01
  8120.000  4.62937e-01
  8125.000  4.61958e-01
  8130.000  4.59489e-01
  8135.000  4.54969e-01
  8140.000  4.50113e-01
  8145.000  4.47360e-01
  8150.000  4.44426e-01
  8155.000  4.40822e-01
  8160.000  4.38930e-01
  8165.000  4.34596e-01
  8170.000  4.32065e-01
  8175.000  4.31651e-01
  8180.000  4.28530e-01
  8185.000  4.28050e-01
  8190.000  4.28513e-01
  8195.000  4.24489e-01
  8200.000  4.21475e-01
  8205.000  4.32546e-01
  8210.000  4.44909e-01
  8215.000  4.46417e-01
  8220.000  4.37010e-01
  8225.000  4.19031e-01
  8230.000  4.05083e-01
  8235.000  4.15449e-01
  8240.000  4.38520e-01
  8245.000  4.41811e-01
  8250.000  4.35873e-01
  8255.000  4.31445e-01
  8260.000  4.31588e-01
  8265.000  4.39113e-01
  8270.000  4.40904e-01
  8275.000  4.31971e-01
  8280.000  4.24346e-01
  8285.000  4.22687e-01
  8290.000  4.26750e-01
  8295.000  4.29943e-01
  8300.000  4.30068e-01
  8305.000  4.29636e-01
  8310.000  4.26814e-01
  8315.000  4.22584e-01
  8320.000  4.21423e-01
  8325.000  4.24643e-01
  8330.000  4.21686e-01
  8335.000  4.16100e-01
  8340.000  4.16667e-01
  8345.000  4.21502e-01
  8350.000  4.26190e-01
  8355.000  4.26690e-01
  8360.000  4.25680e-01
  8365.000  4.25643e-01
  8370.000  4.25540e-01
  8375.000  4.24436e-01
  8380.000  4.22130e-01
  8385.000  4.19281e-01
  8390.000  4.18683e-01
  8395.000  4.19879e-01
  8400.000  4.20937e-01
  8405.000  4.20743e-01
  8410.000  4.19214e-01
  8415.000  4.18403e-01
  8420.000  4.19506e-01
  8425.000  4.22045e-01
  8430.000  4.24052e-01
  8435.000  4.21876e-01
  8440.000  4.14951e-01
  8445.000  4.06904e-01
  8450.000  4.06366e-01
  8455.000  4.13755e-01
  8460.000  4.17876e-01
  8465.000  4.12699e-01
  8470.000  4.08184e-01
  8475.000  4.09735e-01
  8480.000  4.14410e-01
  8485.000  4.17859e-01
  8490.000  4.11605e-01
  8495.000  3.86870e-01
  8500.000  3.74142e-01
  8505.000  3.87704e-01
  8510.000  4.00197e-01
  8515.000  4.03422e-01
  8520.000  4.01996e-01
  8525.000  4.01439e-01
  8530.000  3.99644e-01
  8535.000  3.85027e-01
  8540.000  3.58708e-01
  8545.000  3.37098e-01
  8550.000  3.43862e-01
  8555.000  3.63886e-01
  8560.000  3.85115e-01
  8565.000  3.93059e-01
  8570.000  3.91339e-01
  8575.000  3.92082e-01
  8580.000  3.92179e-01
  8585.000  3.89102e-01
  8590.000  3.83429e-01
  8595.000  3.72997e-01
  8600.000  3.70743e-01
  8605.000  3.77596e-01
  8610.000  3.84792e-01
  8615.000  3.90247e-01
  8620.000  3.93572e-01
  8625.000  3.95091e-01
  8630.000  3.96490e-01
  8635.000  3.98679e-01
  8640.000  3.98718e-01
  8645.000  3.94531e-01
  8650.000  3.88944e-01
  8655.000  3.80650e-01
  8660.000  3.55424e-01
  8665.000  3.32300e-01
  8670.000  3.36133e-01
  8675.000  3.58458e-01
  8680.000  3.79163e-01
  8685.000  3.77105e-01
  8690.000  3.76719e-01
  8695.000  3.96674e-01
  8700.000  3.73692e-01
  8705.000  3.72203e-01
  8710.000  3.70581e-01
  8715.000  3.69960e-01
  8720.000  3.70502e-01
  8725.000  3.68751e-01
  8730.000  3.63066e-01
  8735.000  3.55821e-01
  8740.000  3.49062e-01
  8745.000  3.31837e-01
  8750.000  3.21685e-01
  8755.000  3.36268e-01
  8760.000  3.54250e-01
  8765.000  3.63430e-01
  8770.000  3.66749e-01
  8775.000  3.69850e-01
  8780.000  3.70943e-01
  8785.000  3.69629e-01
  8790.000  3.68750e-01
  8795.000  3.69279e-01
  8800.000  3.67608e-01
  8805.000  3.62285e-01
  8810.000  3.62561e-01
  8815.000  3.67957e-01
  8820.000  3.65957e-01
  8825.000  3.63582e-01
  8830.000  3.61402e-01
  8835.000  3.59230e-01
  8840.000  3.59548e-01
  8845.000  3.59051e-01
  8850.000  3.53558e-01
  8855.000  3.36664e-01
  8860.000  3.13613e-01
  8865.000  3.15722e-01
  8870.000  3.33383e-01
  8875.000  3.47013e-01
  8880.000  3.51719e-01
  8885.000  3.56770e-01
  8890.000  3.59925e-01
  8895.000  3.60562e-01
  8900.000  3.61147e-01
  8905.000  3.60041e-01
  8910.000  3.55620e-01
  8915.000  3.56301e-01
  8920.000  3.61555e-01
  8925.000  3.53588e-01
  8930.000  3.55895e-01
  8935.000  3.62310e-01
  8940.000  3.58162e-01
  8945.000  3.55317e-01
  8950.000  3.53939e-01
  8955.000  3.52709e-01
  8960.000  3.51818e-01
  8965.000  3.51519e-01
  8970.000  3.51029e-01
  8975.000  3.52112e-01
  8980.000  3.47569e-01
  8985.000  3.33253e-01
  8990.000  3.43803e-01
  8995.000  3.47360e-01
  9000.000  3.31348e-01
  9005.000  3.25188e-01
  9010.000  3.10896e-01
  9015.000  3.07753e-01
  9020.000  3.20394e-01
  9025.000  3.30696e-01
  9030.000  3.45869e-01
  9035.000  3.51721e-01
  9040.000  3.48932e-01
  9045.000  3.51615e-01
  9050.000  3.53802e-01
  9055.000  3.46866e-01
  9060.000  3.37050e-01
  9065.000  3.37361e-01
  9070.000  3.46052e-01
  9075.000  3.42659e-01
  9080.000  3.35417e-01
  9085.000  3.37922e-01
  9090.000  3.35380e-01
  9095.000  3.35529e-01
  9100.000  3.40678e-01
  9105.000  3.43988e-01
  9110.000  3.41009e-01
  9115.000  3.40169e-01
  9120.000  3.44602e-01
  9125.000  3.45932e-01
  9130.000  3.37434e-01
  9135.000  3.43247e-01
  9140.000  3.52523e-01
  9145.000  3.45385e-01
  9150.000  3.29462e-01
  9155.000  3.36861e-01
  9160.000  3.48057e-01
  9165.000  3.41623e-01
  9170.000  3.30338e-01
  9175.000  3.36394e-01
  9180.000  3.45215e-01
  9185.000  3.43595e-01
  9190.000  3.38940e-01
  9195.000  3.40896e-01
  9200.000  3.39857e-01
  9205.000  3.30875e-01
  9210.000  3.20413e-01
  9215.000  3.13866e-01
  9220.000  3.08610e-01
  9225.000  2.99134e-01
  9230.000  2.90380e-01
  9235.000  2.99953e-01
  9240.000  3.11655e-01
  9245.000  3.19452e-01
  9250.000  3.24877e-01
  9255.000  3.20805e-01
  9260.000  3.21010e-01
  9265.000  3.26996e-01
  9270.000  3.29677e-01
  9275.000  3.25783e-01
  9280.000  3.23489e-01
  9285.000  3.24941e-01
  9290.000  3.23826e-01
  9295.000  3.15985e-01
  9300.000  3.16524e-01
  9305.000  3.19083e-01
  9310.000  3.14689e-01
  9315.000  3.08721e-01
  9320.000  3.06771e-01
  9325.000  3.09073e-01
  9330.000  3.04774e-01
  9335.000  2.89677e-01
  9340.000  2.95762e-01
  9345.000  3.10601e-01
  9350.000  3.13798e-01
  9355.000  3.07541e-01
  9360.000  3.08470e-01
  9365.000  3.04226e-01
  9370.000  2.95495e-01
  9375.000  2.97646e-01
  9380.000  3.08326e-01
  9385.000  3.23579e-01
  9390.000  3.28885e-01
  9395.000  3.16825e-01
  9400.000  3.06327e-01
  9405.000  2.98078e-01
  9410.000  2.97332e-01
  9415.000  3.02725e-01
  9420.000  2.97534e-01
  9425.000  3.04191e-01
  9430.000  3.10870e-01
  9435.000  3.01681e-01
  9440.000  2.98650e-01
  9445.000  3.10601e-01
  9450.000  3.08479e-01
  9455.000  2.91787e-01
  9460.000  3.03493e-01
  9465.000  3.09900e-01
  9470.000  3.04661e-01
  9475.000  2.99969e-01
  9480.000  3.02223e-01
  9485.000  3.16236e-01
  9490.000  3.03682e-01
  9495.000  2.80476e-01
  9500.000  3.03800e-01
  9505.000  3.21449e-01
  9510.000  3.08132e-01
  9515.000  2.86648e-01
  9520.000  2.87996e-01
  9525.000  2.96300e-01
  9530.000  2.98565e-01
  9535.000  2.89020e-01
  9540.000  2.72284e-01
  9545.000  2.65212e-01
  9550.000  2.67583e-01
  9555.000  2.77333e-01
  9560.000  2.89936e-01
  9565.000  2.94012e-01
  9570.000  3.00985e-01
  9575.000  3.04801e-01
  9580.000  2.96058e-01
  9585.000  2.89347e-01
  9590.000  2.91226e-01
  9595.000  2.97123e-01
  9600.000  2.99982e-01
  9605.000  2.99920e-01
  9610.000  3.04309e-01
  9615.000  2.99442e-01
  9620.000  2.89541e-01
  9625.000  3.02515e-01
  9630.000  3.04404e-01
  9635.000  2.98334e-01
  9640.000  2.99502e-01
  9645.000  3.02831e-01
  9650.000  3.01261e-01
  9655.000  2.92180e-01
  9660.000  2.87448e-01
  9665.000  2.99231e-01
  9670.000  3.06707e-01
  9675.000  3.04793e-01
  9680.000  3.02770e-01
  9685.000  3.07318e-01
  9690.000  3.08467e-01
  9695.000  3.04901e-01
  9700.000  3.03187e-01
  9705.000  3.06655e-01
  9710.000  3.06434e-01
  9715.000  3.03658e-01
  9720.000  2.99988e-01
  9725.000  2.97875e-01
  9730.000  2.98239e-01
  9735.000  2.99417e-01
  9740.000  2.99351e-01
  9745.000  2.97567e-01
  9750.000  2.95892e-01
  9755.000  2.94970e-01
  9760.000  2.95804e-01
  9765.000  2.98223e-01
  9770.000  2.99768e-01
  9775.000  3.03164e-01
  9780.000  3.03648e-01
  9785.000  3.01789e-01
  9790.000  2.98449e-01
  9795.000  2.94901e-01
  9800.000  2.92416e-01
  9805.000  2.91868e-01
  9810.000  2.92544e-01
  9815.000  2.93331e-01
  9820.000  2.93118e-01
  9825.000  2.91144e-01
  9830.000  2.88051e-01
  9835.000  2.84832e-01
  9840.000  2.82478e-01
  9845.000  2.81723e-01
  9850.000  2.82260e-01
  9855.000  2.83520e-01
  9860.000  2.84937e-01
  9865.000  2.86042e-01
  9870.000  2.86755e-01
  9875.000  2.87097e-01
  9880.000  2.87088e-01
  9885.000  2.86778e-01
  9890.000  2.86345e-01
  9895.000  2.85997e-01
  9900.000  2.85945e-01
  9905.000  2.86329e-01
  9910.000  2.87034e-01
  9915.000  2.87874e-01
  9920.000  2.88667e-01
  9925.000  2.89262e-01
  9930.000  2.89647e-01
  9935.000  2.89841e-01
  9940.000  2.89866e-01
  9945.000  2.89706e-01
  9950.000  2.89211e-01
  9955.000  2.88195e-01
  9960.000  2.86473e-01
  9965.000  2.83996e-01
  9970.000  2.81262e-01
  9975.000  2.78906e-01
  9980.000  2.77563e-01
  9985.000  2.77602e-01
  9990.000  2.78336e-01
  9995.000  2.78813e-01
 10000.000  2.78080e-01
 10005.000  2.75459e-01
 10010.000  2.71372e-01
 10015.000  2.66517e-01
 10020.000  2.61591e-01
 10025.000  2.57182e-01
 10030.000  2.53446e-01
 10035.000  2.50429e-01
 10040.000  2.48179e-01
 10045.000  2.46791e-01
 10050.000  2.46562e-01
 10055.000  2.47839e-01
 10060.000  2.50968e-01
 10065.000  2.56007e-01
 10070.000  2.61850e-01
 10075.000  2.67106e-01
 10080.000  2.70379e-01
 10085.000  2.70743e-01
 10090.000  2.69127e-01
 10095.000  2.66926e-01
 10100.000  2.65536e-01
 10105.000  2.65947e-01
 10110.000  2.67531e-01
 10115.000  2.69253e-01
 10120.000  2.70080e-01
 10125.000  2.69279e-01
 10130.000  2.67321e-01
 10135.000  2.64980e-01
 10140.000  2.63026e-01
 10145.000  2.62049e-01
 10150.000  2.61902e-01
 10155.000  2.62254e-01
 10160.000  2.62773e-01
 10165.000  2.63206e-01
 10170.000  2.63605e-01
 10175.000  2.64101e-01
 10180.000  2.64825e-01
 10185.000  2.65848e-01
 10190.000  2.67009e-01
 10195.000  2.68088e-01
 10200.000  2.68864e-01
 10205.000  2.69120e-01
 10210.000  2.68643e-01
 10215.000  2.67222e-01
 10220.000  2.64647e-01
 10225.000  2.60919e-01
 10230.000  2.56895e-01
 10235.000  2.53644e-01
 10240.000  2.52235e-01
 10245.000  2.53331e-01
 10250.000  2.55980e-01
 10255.000  2.58822e-01
 10260.000  2.60501e-01
 10265.000  2.60013e-01
 10270.000  2.57777e-01
 10275.000  2.54567e-01
 10280.000  2.51157e-01
 10285.000  2.48248e-01
 10290.000  2.46244e-01
 10295.000  2.45476e-01
 10300.000  2.46276e-01
 10305.000  2.51698e-01
 10310.000  2.53243e-01
 10315.000  2.54766e-01
 10320.000  2.55783e-01
 10325.000  2.55933e-01
 10330.000  2.55365e-01
 10335.000  2.54353e-01
 10340.000  2.53170e-01
 10345.000  2.52070e-01
 10350.000  2.51216e-01
 10355.000  2.50753e-01
 10360.000  2.50823e-01
 10365.000  2.51484e-01
 10370.000  2.52445e-01
 10375.000  2.53329e-01
 10380.000  2.53759e-01
 10385.000  2.53459e-01
 10390.000  2.52552e-01
 10395.000  2.51261e-01
 10400.000  2.49811e-01
 10405.000  2.48401e-01
 10410.000  2.47139e-01
 10415.000  2.46111e-01
 10420.000  2.45399e-01
 10425.000  2.45044e-01
 10430.000  2.44902e-01
 10435.000  2.44784e-01
 10440.000  2.44502e-01
 10445.000  2.43924e-01
 10450.000  2.43147e-01
 10455.000  2.42328e-01
 10460.000  2.41622e-01
 10465.000  2.41175e-01
 10470.000  2.41095e-01
 10475.000  2.41483e-01
 10480.000  2.42436e-01
 10485.000  2.43935e-01
 10490.000  2.45479e-01
 10495.000  2.46446e-01
 10500.000  2.46217e-01
