# pickles/a0v  |  Pickles 1998, PASP 110, 863
# columns: wavelength_Angstrom  flam_erg_s_cm2_A (absolute scale arbitrary - ETC renormalizes)
  1150.000  1.81751e-01
  1155.000  2.03323e-01
  1160.000  1.42062e-01
  1165.000  0.00000e+00
  1170.000  5.56000e-03
  1175.000  0.00000e+00
  1180.000  0.00000e+00
  1185.000  0.00000e+00
  1190.000  0.00000e+00
  1195.000  0.00000e+00
  1200.000  1.00400e-03
  1205.000  1.01540e-02
  1210.000  2.22960e-02
  1215.000  3.09770e-02
  1220.000  3.82570e-02
  1225.000  3.28800e-02
  1230.000  3.46120e-02
  1235.000  3.62630e-02
  1240.000  3.28040e-02
  1245.000  4.49740e-02
  1250.000  8.97800e-02
  1255.000  1.07513e-01
  1260.000  1.02995e-01
  1265.000  1.63623e-01
  1270.000  2.87057e-01
  1275.000  3.39408e-01
  1280.000  4.64954e-01
  1285.000  5.43897e-01
  1290.000  5.83538e-01
  1295.000  6.52544e-01
  1300.000  5.68330e-01
  1305.000  4.65444e-01
  1310.000  5.58746e-01
  1315.000  8.15444e-01
  1320.000  9.17040e-01
  1325.000  9.16888e-01
  1330.000  8.66914e-01
  1335.000  9.21322e-01
  1340.000  1.12917e+00
  1345.000  1.14840e+00
  1350.000  1.04110e+00
  1355.000  9.68124e-01
  1360.000  9.97185e-01
  1365.000  1.00590e+00
  1370.000  1.01463e+00
  1375.000  1.07565e+00
  1380.000  1.06920e+00
  1385.000  1.10406e+00
  1390.000  1.12531e+00
  1395.000  1.07873e+00
  1400.000  1.10060e+00
  1405.000  1.15421e+00
  1410.000  1.13758e+00
  1415.000  1.18480e+00
  1420.000  1.26911e+00
  1425.000  1.30451e+00
  1430.000  1.21999e+00
  1435.000  1.18674e+00
  1440.000  1.30985e+00
  1445.000  1.40680e+00
  1450.000  1.48666e+00
  1455.000  1.48458e+00
  1460.000  1.45136e+00
  1465.000  1.36587e+00
  1470.000  1.31562e+00
  1475.000  1.33258e+00
  1480.000  1.38742e+00
  1485.000  1.51995e+00
  1490.000  1.62769e+00
  1495.000  1.64812e+00
  1500.000  1.68452e+00
  1505.000  1.54850e+00
  1510.000  1.37271e+00
  1515.000  1.42765e+00
  1520.000  1.56351e+00
  1525.000  1.45553e+00
  1530.000  1.41006e+00
  1535.000  1.45765e+00
  1540.000  1.57857e+00
  1545.000  1.60338e+00
  1550.000  1.56130e+00
  1555.000  1.50360e+00
  1560.000  1.46959e+00
  1565.000  1.54003e+00
  1570.000  1.51355e+00
  1575.000  1.53142e+00
  1580.000  1.65060e+00
  1585.000  1.63429e+00
  1590.000  1.60442e+00
  1595.000  1.58461e+00
  1600.000  1.62030e+00
  1605.000  1.57500e+00
  1610.000  1.56623e+00
  1615.000  1.57018e+00
  1620.000  1.54510e+00
  1625.000  1.54871e+00
  1630.000  1.56555e+00
  1635.000  1.53556e+00
  1640.000  1.49662e+00
  1645.000  1.52779e+00
  1650.000  1.45642e+00
  1655.000  1.30714e+00
  1660.000  1.37676e+00
  1665.000  1.46950e+00
  1670.000  1.33426e+00
  1675.000  1.41123e+00
  1680.000  1.52983e+00
  1685.000  1.53379e+00
  1690.000  1.51936e+00
  1695.000  1.50192e+00
  1700.000  1.49516e+00
  1705.000  1.47683e+00
  1710.000  1.49811e+00
  1715.000  1.48997e+00
  1720.000  1.43910e+00
  1725.000  1.44489e+00
  1730.000  1.50496e+00
  1735.000  1.49987e+00
  1740.000  1.52096e+00
  1745.000  1.55713e+00
  1750.000  1.59724e+00
  1755.000  1.65085e+00
  1760.000  1.55438e+00
  1765.000  1.48154e+00
  1770.000  1.54791e+00
  1775.000  1.61863e+00
  1780.000  1.61188e+00
  1785.000  1.42746e+00
  1790.000  1.24052e+00
  1795.000  1.56454e+00
  1800.000  1.69243e+00
  1805.000  1.62237e+00
  1810.000  1.61068e+00
  1815.000  1.62451e+00
  1820.000  1.63644e+00
  1825.000  1.61523e+00
  1830.000  1.57010e+00
  1835.000  1.54561e+00
  1840.000  1.47433e+00
  1845.000  1.45012e+00
  1850.000  1.49297e+00
  1855.000  1.49384e+00
  1860.000  1.50223e+00
  1865.000  1.52320e+00
  1870.000  1.56563e+00
  1875.000  1.55951e+00
  1880.000  1.55931e+00
  1885.000  1.55041e+00
  1890.000  1.51548e+00
  1895.000  1.46653e+00
  1900.000  1.43249e+00
  1905.000  1.45118e+00
  1910.000  1.45412e+00
  1915.000  1.44940e+00
  1920.000  1.45092e+00
  1925.000  1.45128e+00
  1930.000  1.47497e+00
  1935.000  1.49421e+00
  1940.000  1.51055e+00
  1945.000  1.51365e+00
  1950.000  1.51681e+00
  1955.000  1.51734e+00
  1960.000  1.51285e+00
  1965.000  1.49429e+00
  1970.000  1.55698e+00
  1975.000  1.61251e+00
  1980.000  1.57710e+00
  1985.000  1.57575e+00
  1990.000  1.46247e+00
  1995.000  1.34630e+00
  2000.000  1.41597e+00
  2005.000  1.44713e+00
  2010.000  1.40880e+00
  2015.000  1.41039e+00
  2020.000  1.40568e+00
  2025.000  1.38520e+00
  2030.000  1.42380e+00
  2035.000  1.39491e+00
  2040.000  1.35179e+00
  2045.000  1.38579e+00
  2050.000  1.40817e+00
  2055.000  1.41560e+00
  2060.000  1.40248e+00
  2065.000  1.35899e+00
  2070.000  1.37730e+00
  2075.000  1.46374e+00
  2080.000  1.52661e+00
  2085.000  1.54047e+00
  2090.000  1.51575e+00
  2095.000  1.44425e+00
  2100.000  1.37661e+00
  2105.000  1.37253e+00
  2110.000  1.41242e+00
  2115.000  1.39184e+00
  2120.000  1.35797e+00
  2125.000  1.44159e+00
  2130.000  1.41903e+00
  2135.000  1.31145e+00
  2140.000  1.22976e+00
  2145.000  1.26993e+00
  2150.000  1.35926e+00
  2155.000  1.39373e+00
  2160.000  1.42712e+00
  2165.000  1.30544e+00
  2170.000  1.24055e+00
  2175.000  1.17919e+00
  2180.000  1.18299e+00
  2185.000  1.28843e+00
  2190.000  1.35252e+00
  2195.000  1.37848e+00
  2200.000  1.39761e+00
  2205.000  1.31498e+00
  2210.000  1.21910e+00
  2215.000  1.15542e+00
  2220.000  1.14299e+00
  2225.000  1.14497e+00
  2230.000  1.16850e+00
  2235.000  1.14432e+00
  2240.000  1.17765e+00
  2245.000  1.11767e+00
  2250.000  1.16166e+00
  2255.000  1.16458e+00
  2260.000  1.14834e+00
  2265.000  1.14307e+00
  2270.000  1.15886e+00
  2275.000  1.15564e+00
  2280.000  1.16762e+00
  2285.000  1.17851e+00
  2290.000  1.23165e+00
  2295.000  1.25850e+00
  2300.000  1.22708e+00
  2305.000  1.21350e+00
  2310.000  1.23425e+00
  2315.000  1.22196e+00
  2320.000  1.11871e+00
  2325.000  1.11494e+00
  2330.000  1.16287e+00
  2335.000  1.14467e+00
  2340.000  1.10467e+00
  2345.000  1.08239e+00
  2350.000  1.06460e+00
  2355.000  1.02845e+00
  2360.000  1.04052e+00
  2365.000  1.02260e+00
  2370.000  1.03288e+00
  2375.000  1.01622e+00
  2380.000  1.08148e+00
  2385.000  1.01178e+00
  2390.000  8.97727e-01
  2395.000  8.87073e-01
  2400.000  9.60789e-01
  2405.000  9.45400e-01
  2410.000  8.78021e-01
  2415.000  9.24556e-01
  2420.000  9.70920e-01
  2425.000  1.00937e+00
  2430.000  1.06437e+00
  2435.000  1.01774e+00
  2440.000  9.82849e-01
  2445.000  1.04086e+00
  2450.000  1.08663e+00
  2455.000  1.09770e+00
  2460.000  1.10261e+00
  2465.000  1.07713e+00
  2470.000  1.01505e+00
  2475.000  9.90589e-01
  2480.000  1.00385e+00
  2485.000  9.59149e-01
  2490.000  9.14129e-01
  2495.000  8.90856e-01
  2500.000  1.04817e+00
  2505.000  1.03285e+00
  2510.000  9.91732e-01
  2515.000  1.03193e+00
  2520.000  9.83655e-01
  2525.000  9.27448e-01
  2530.000  9.17317e-01
  2535.000  9.86263e-01
  2540.000  9.91221e-01
  2545.000  9.41384e-01
  2550.000  9.58250e-01
  2555.000  9.86258e-01
  2560.000  9.94516e-01
  2565.000  1.01640e+00
  2570.000  1.07436e+00
  2575.000  1.03931e+00
  2580.000  7.93666e-01
  2585.000  7.66393e-01
  2590.000  9.50952e-01
  2595.000  1.04149e+00
  2600.000  1.04067e+00
  2605.000  1.01807e+00
  2610.000  1.02571e+00
  2615.000  1.01542e+00
  2620.000  1.04884e+00
  2625.000  1.03989e+00
  2630.000  1.01722e+00
  2635.000  1.05960e+00
  2640.000  1.06471e+00
  2645.000  1.10017e+00
  2650.000  1.14433e+00
  2655.000  1.15093e+00
  2660.000  1.10812e+00
  2665.000  1.06543e+00
  2670.000  1.01190e+00
  2675.000  1.00832e+00
  2680.000  1.06555e+00
  2685.000  1.09049e+00
  2690.000  1.05573e+00
  2695.000  9.97226e-01
  2700.000  1.01550e+00
  2705.000  1.05422e+00
  2710.000  9.97694e-01
  2715.000  9.92235e-01
  2720.000  9.93181e-01
  2725.000  9.78159e-01
  2730.000  9.96837e-01
  2735.000  1.03514e+00
  2740.000  1.03107e+00
  2745.000  9.80610e-01
  2750.000  9.59419e-01
  2755.000  9.21392e-01
  2760.000  9.38690e-01
  2765.000  9.81846e-01
  2770.000  9.89572e-01
  2775.000  1.02603e+00
  2780.000  1.08719e+00
  2785.000  1.03940e+00
  2790.000  1.01321e+00
  2795.000  9.59790e-01
  2800.000  8.54565e-01
  2805.000  8.47115e-01
  2810.000  9.20482e-01
  2815.000  1.02754e+00
  2820.000  1.06846e+00
  2825.000  1.03637e+00
  2830.000  1.00269e+00
  2835.000  1.02312e+00
  2840.000  1.05093e+00
  2845.000  1.03585e+00
  2850.000  9.98238e-01
  2855.000  9.61054e-01
  2860.000  9.59937e-01
  2865.000  9.92102e-01
  2870.000  1.00349e+00
  2875.000  9.90969e-01
  2880.000  9.81512e-01
  2885.000  1.00346e+00
  2890.000  1.02557e+00
  2895.000  1.00737e+00
  2900.000  9.95669e-01
  2905.000  1.01671e+00
  2910.000  1.07656e+00
  2915.000  1.08248e+00
  2920.000  1.08602e+00
  2925.000  1.04087e+00
  2930.000  1.02706e+00
  2935.000  1.04456e+00
  2940.000  1.04255e+00
  2945.000  1.06867e+00
  2950.000  1.02260e+00
  2955.000  1.06524e+00
  2960.000  1.09538e+00
  2965.000  1.07101e+00
  2970.000  1.06161e+00
  2975.000  1.08071e+00
  2980.000  1.07243e+00
  2985.000  1.05478e+00
  2990.000  1.07990e+00
  2995.000  1.07019e+00
  3000.000  1.07597e+00
  3005.000  1.04276e+00
  3010.000  1.06643e+00
  3015.000  1.04253e+00
  3020.000  1.00171e+00
  3025.000  1.01439e+00
  3030.000  1.01993e+00
  3035.000  1.02288e+00
  3040.000  1.05764e+00
  3045.000  1.05159e+00
  3050.000  1.03662e+00
  3055.000  1.03642e+00
  3060.000  1.00597e+00
  3065.000  9.74454e-01
  3070.000  9.56507e-01
  3075.000  9.72521e-01
  3080.000  1.04536e+00
  3085.000  1.04663e+00
  3090.000  1.01376e+00
  3095.000  1.02799e+00
  3100.000  1.01114e+00
  3105.000  9.82877e-01
  3110.000  9.53480e-01
  3115.000  9.46203e-01
  3120.000  9.65026e-01
  3125.000  1.01310e+00
  3130.000  1.05412e+00
  3135.000  1.00773e+00
  3140.000  9.85666e-01
  3145.000  1.03404e+00
  3150.000  1.03831e+00
  3155.000  1.02403e+00
  3160.000  1.00350e+00
  3165.000  1.02523e+00
  3170.000  1.05274e+00
  3175.000  1.04552e+00
  3180.000  9.98782e-01
  3185.000  1.01468e+00
  3190.000  1.07333e+00
  3195.000  1.07159e+00
  3200.000  1.02561e+00
  3205.000  1.02712e+00
  3210.000  1.02881e+00
  3215.000  1.01181e+00
  3220.000  9.89788e-01
  3225.000  9.79960e-01
  3230.000  9.81220e-01
  3235.000  9.87170e-01
  3240.000  9.88567e-01
  3245.000  9.80252e-01
  3250.000  9.76231e-01
  3255.000  9.88487e-01
  3260.000  1.00172e+00
  3265.000  1.00003e+00
  3270.000  9.92324e-01
  3275.000  9.89331e-01
  3280.000  9.84206e-01
  3285.000  9.71932e-01
  3290.000  9.72359e-01
  3295.000  9.99411e-01
  3300.000  1.01844e+00
  3305.000  9.98059e-01
  3310.000  9.68613e-01
  3315.000  9.64230e-01
  3320.000  9.72542e-01
  3325.000  9.75001e-01
  3330.000  9.74833e-01
  3335.000  9.78138e-01
  3340.000  9.80742e-01
  3345.000  9.77971e-01
  3350.000  9.73430e-01
  3355.000  9.70812e-01
  3360.000  9.65897e-01
  3365.000  9.55103e-01
  3370.000  9.45304e-01
  3375.000  9.42864e-01
  3380.000  9.41656e-01
  3385.000  9.35501e-01
  3390.000  9.30504e-01
  3395.000  9.34256e-01
  3400.000  9.47981e-01
  3405.000  9.68577e-01
  3410.000  9.81979e-01
  3415.000  9.77178e-01
  3420.000  9.66353e-01
  3425.000  9.62162e-01
  3430.000  9.55995e-01
  3435.000  9.39342e-01
  3440.000  9.25386e-01
  3445.000  9.26828e-01
  3450.000  9.32775e-01
  3455.000  9.31227e-01
  3460.000  9.29353e-01
  3465.000  9.34830e-01
  3470.000  9.38193e-01
  3475.000  9.30411e-01
  3480.000  9.21333e-01
  3485.000  9.20843e-01
  3490.000  9.20065e-01
  3495.000  9.10705e-01
  3500.000  9.05543e-01
  3505.000  9.16023e-01
  3510.000  9.22815e-01
  3515.000  9.19272e-01
  3520.000  9.16501e-01
  3525.000  9.17938e-01
  3530.000  9.25882e-01
  3535.000  9.34025e-01
  3540.000  9.34882e-01
  3545.000  9.28635e-01
  3550.000  9.22378e-01
  3555.000  9.19969e-01
  3560.000  9.17202e-01
  3565.000  9.06070e-01
  3570.000  8.94498e-01
  3575.000  8.93153e-01
  3580.000  8.92547e-01
  3585.000  8.87421e-01
  3590.000  8.89092e-01
  3595.000  8.95562e-01
  3600.000  8.97085e-01
  3605.000  8.96206e-01
  3610.000  8.83098e-01
  3615.000  8.81046e-01
  3620.000  8.85908e-01
  3625.000  8.96548e-01
  3630.000  8.99074e-01
  3635.000  9.01410e-01
  3640.000  9.03462e-01
  3645.000  9.00716e-01
  3650.000  9.07777e-01
  3655.000  9.19733e-01
  3660.000  9.21648e-01
  3665.000  9.19670e-01
  3670.000  9.17523e-01
  3675.000  9.08440e-01
  3680.000  8.97727e-01
  3685.000  8.95790e-01
  3690.000  9.04367e-01
  3695.000  9.16081e-01
  3700.000  9.20332e-01
  3705.000  9.42691e-01
  3710.000  9.62079e-01
  3715.000  1.00647e+00
  3720.000  1.01592e+00
  3725.000  1.06686e+00
  3730.000  1.07168e+00
  3735.000  1.02315e+00
  3740.000  1.15286e+00
  3745.000  1.12198e+00
  3750.000  1.01411e+00
  3755.000  1.17645e+00
  3760.000  1.30851e+00
  3765.000  1.20392e+00
  3770.000  1.05859e+00
  3775.000  1.25485e+00
  3780.000  1.54744e+00
  3785.000  1.62936e+00
  3790.000  1.42145e+00
  3795.000  1.13272e+00
  3800.000  1.15113e+00
  3805.000  1.51222e+00
  3810.000  1.80851e+00
  3815.000  1.90682e+00
  3820.000  1.84836e+00
  3825.000  1.60586e+00
  3830.000  1.23930e+00
  3835.000  1.02481e+00
  3840.000  1.28840e+00
  3845.000  1.66527e+00
  3850.000  1.96749e+00
  3855.000  2.13363e+00
  3860.000  2.22218e+00
  3865.000  2.24090e+00
  3870.000  2.13104e+00
  3875.000  1.89260e+00
  3880.000  1.56164e+00
  3885.000  1.17170e+00
  3890.000  1.06677e+00
  3895.000  1.38176e+00
  3900.000  1.75719e+00
  3905.000  2.01589e+00
  3910.000  2.21177e+00
  3915.000  2.31384e+00
  3920.000  2.36487e+00
  3925.000  2.32377e+00
  3930.000  2.08637e+00
  3935.000  2.05626e+00
  3940.000  2.21262e+00
  3945.000  2.21218e+00
  3950.000  2.07272e+00
  3955.000  1.87720e+00
  3960.000  1.55922e+00
  3965.000  1.14335e+00
  3970.000  9.85721e-01
  3975.000  1.27513e+00
  3980.000  1.64960e+00
  3985.000  1.94694e+00
  3990.000  2.15571e+00
  3995.000  2.27232e+00
  4000.000  2.34079e+00
  4005.000  2.36440e+00
  4010.000  2.39262e+00
  4015.000  2.40270e+00
  4020.000  2.40621e+00
  4025.000  2.38591e+00
  4030.000  2.36398e+00
  4035.000  2.36297e+00
  4040.000  2.35762e+00
  4045.000  2.34914e+00
  4050.000  2.35660e+00
  4055.000  2.33783e+00
  4060.000  2.30792e+00
  4065.000  2.25700e+00
  4070.000  2.18253e+00
  4075.000  2.09717e+00
  4080.000  2.00509e+00
  4085.000  1.87157e+00
  4090.000  1.64210e+00
  4095.000  1.32783e+00
  4100.000  1.07318e+00
  4105.000  1.11394e+00
  4110.000  1.36401e+00
  4115.000  1.62128e+00
  4120.000  1.83132e+00
  4125.000  1.96855e+00
  4130.000  2.06015e+00
  4135.000  2.15128e+00
  4140.000  2.21491e+00
  4145.000  2.24961e+00
  4150.000  2.26820e+00
  4155.000  2.26945e+00
  4160.000  2.26914e+00
  4165.000  2.26357e+00
  4170.000  2.22593e+00
  4175.000  2.19553e+00
  4180.000  2.18120e+00
  4185.000  2.18156e+00
  4190.000  2.19919e+00
  4195.000  2.20872e+00
  4200.000  2.21138e+00
  4205.000  2.24700e+00
  4210.000  2.25716e+00
  4215.000  2.22909e+00
  4220.000  2.20193e+00
  4225.000  2.16755e+00
  4230.000  2.15337e+00
  4235.000  2.15365e+00
  4240.000  2.15001e+00
  4245.000  2.12497e+00
  4250.000  2.11402e+00
  4255.000  2.11539e+00
  4260.000  2.10949e+00
  4265.000  2.11013e+00
  4270.000  2.09703e+00
  4275.000  2.11720e+00
  4280.000  2.13655e+00
  4285.000  2.12638e+00
  4290.000  2.08319e+00
  4295.000  2.03782e+00
  4300.000  1.97036e+00
  4305.000  1.93239e+00
  4310.000  1.91103e+00
  4315.000  1.88185e+00
  4320.000  1.81020e+00
  4325.000  1.65220e+00
  4330.000  1.42760e+00
  4335.000  1.14892e+00
  4340.000  9.71719e-01
  4345.000  1.05399e+00
  4350.000  1.26957e+00
  4355.000  1.50691e+00
  4360.000  1.69361e+00
  4365.000  1.82473e+00
  4370.000  1.88927e+00
  4375.000  1.91523e+00
  4380.000  1.91999e+00
  4385.000  1.91501e+00
  4390.000  1.92841e+00
  4395.000  1.93573e+00
  4400.000  1.93514e+00
  4405.000  1.94184e+00
  4410.000  1.94249e+00
  4415.000  1.92402e+00
  4420.000  1.92978e+00
  4425.000  1.93577e+00
  4430.000  1.91679e+00
  4435.000  1.90854e+00
  4440.000  1.90161e+00
  4445.000  1.90588e+00
  4450.000  1.91301e+00
  4455.000  1.90408e+00
  4460.000  1.88647e+00
  4465.000  1.86754e+00
  4470.000  1.85208e+00
  4475.000  1.84893e+00
  4480.000  1.82284e+00
  4485.000  1.83140e+00
  4490.000  1.84585e+00
  4495.000  1.85529e+00
  4500.000  1.85885e+00
  4505.000  1.86087e+00
  4510.000  1.86303e+00
  4515.000  1.84829e+00
  4520.000  1.82641e+00
  4525.000  1.80991e+00
  4530.000  1.79629e+00
  4535.000  1.80248e+00
  4540.000  1.80279e+00
  4545.000  1.77159e+00
  4550.000  1.74762e+00
  4555.000  1.75456e+00
  4560.000  1.76405e+00
  4565.000  1.75846e+00
  4570.000  1.74494e+00
  4575.000  1.73935e+00
  4580.000  1.72182e+00
  4585.000  1.70247e+00
  4590.000  1.71064e+00
  4595.000  1.72139e+00
  4600.000  1.72089e+00
  4605.000  1.72743e+00
  4610.000  1.72223e+00
  4615.000  1.70824e+00
  4620.000  1.70860e+00
  4625.000  1.69616e+00
  4630.000  1.68296e+00
  4635.000  1.68037e+00
  4640.000  1.68165e+00
  4645.000  1.67787e+00
  4650.000  1.68106e+00
  4655.000  1.67898e+00
  4660.000  1.67437e+00
  4665.000  1.65907e+00
  4670.000  1.64399e+00
  4675.000  1.63696e+00
  4680.000  1.64057e+00
  4685.000  1.65456e+00
  4690.000  1.64464e+00
  4695.000  1.64166e+00
  4700.000  1.63785e+00
  4705.000  1.63687e+00
  4710.000  1.62578e+00
  4715.000  1.60260e+00
  4720.000  1.59107e+00
  4725.000  1.59240e+00
  4730.000  1.58328e+00
  4735.000  1.56899e+00
  4740.000  1.56876e+00
  4745.000  1.57396e+00
  4750.000  1.57359e+00
  4755.000  1.56395e+00
  4760.000  1.54359e+00
  4765.000  1.53635e+00
  4770.000  1.53485e+00
  4775.000  1.53841e+00
  4780.000  1.53440e+00
  4785.000  1.53235e+00
  4790.000  1.53666e+00
  4795.000  1.53265e+00
  4800.000  1.50727e+00
  4805.000  1.49001e+00
  4810.000  1.47546e+00
  4815.000  1.46482e+00
  4820.000  1.44688e+00
  4825.000  1.41437e+00
  4830.000  1.38295e+00
  4835.000  1.34541e+00
  4840.000  1.29280e+00
  4845.000  1.20586e+00
  4850.000  1.06635e+00
  4855.000  8.76355e-01
  4860.000  7.40252e-01
  4865.000  7.99844e-01
  4870.000  9.49182e-01
  4875.000  1.08552e+00
  4880.000  1.19902e+00
  4885.000  1.27446e+00
  4890.000  1.32685e+00
  4895.000  1.36045e+00
  4900.000  1.37064e+00
  4905.000  1.38142e+00
  4910.000  1.39031e+00
  4915.000  1.38737e+00
  4920.000  1.36936e+00
  4925.000  1.37129e+00
  4930.000  1.38075e+00
  4935.000  1.37587e+00
  4940.000  1.38920e+00
  4945.000  1.40309e+00
  4950.000  1.39642e+00
  4955.000  1.38080e+00
  4960.000  1.38703e+00
  4965.000  1.39349e+00
  4970.000  1.39340e+00
  4975.000  1.39373e+00
  4980.000  1.37395e+00
  4985.000  1.35831e+00
  4990.000  1.36222e+00
  4995.000  1.35184e+00
  5000.000  1.33684e+00
  5005.000  1.33748e+00
  5010.000  1.33472e+00
  5015.000  1.31552e+00
  5020.000  1.31174e+00
  5025.000  1.32828e+00
  5030.000  1.32683e+00
  5035.000  1.32465e+00
  5040.000  1.32041e+00
  5045.000  1.32053e+00
  5050.000  1.31164e+00
  5055.000  1.30859e+00
  5060.000  1.31590e+00
  5065.000  1.30789e+00
  5070.000  1.30886e+00
  5075.000  1.29983e+00
  5080.000  1.29416e+00
  5085.000  1.30341e+00
  5090.000  1.30623e+00
  5095.000  1.29505e+00
  5100.000  1.28655e+00
  5105.000  1.29131e+00
  5110.000  1.29282e+00
  5115.000  1.30097e+00
  5120.000  1.29276e+00
  5125.000  1.27849e+00
  5130.000  1.27587e+00
  5135.000  1.27107e+00
  5140.000  1.26303e+00
  5145.000  1.26012e+00
  5150.000  1.25258e+00
  5155.000  1.24248e+00
  5160.000  1.23420e+00
  5165.000  1.20400e+00
  5170.000  1.18815e+00
  5175.000  1.20741e+00
  5180.000  1.20843e+00
  5185.000  1.19863e+00
  5190.000  1.20353e+00
  5195.000  1.20365e+00
  5200.000  1.19272e+00
  5205.000  1.18168e+00
  5210.000  1.18700e+00
  5215.000  1.19655e+00
  5220.000  1.20153e+00
  5225.000  1.18972e+00
  5230.000  1.18282e+00
  5235.000  1.18122e+00
  5240.000  1.17815e+00
  5245.000  1.17821e+00
  5250.000  1.17371e+00
  5255.000  1.17651e+00
  5260.000  1.16555e+00
  5265.000  1.13823e+00
  5270.000  1.12546e+00
  5275.000  1.12563e+00
  5280.000  1.13192e+00
  5285.000  1.14412e+00
  5290.000  1.15773e+00
  5295.000  1.16064e+00
  5300.000  1.15241e+00
  5305.000  1.14109e+00
  5310.000  1.12822e+00
  5315.000  1.12113e+00
  5320.000  1.12410e+00
  5325.000  1.11597e+00
  5330.000  1.10968e+00
  5335.000  1.10990e+00
  5340.000  1.11329e+00
  5345.000  1.11822e+00
  5350.000  1.12756e+00
  5355.000  1.13035e+00
  5360.000  1.11401e+00
  5365.000  1.09697e+00
  5370.000  1.08841e+00
  5375.000  1.09287e+00
  5380.000  1.09664e+00
  5385.000  1.09928e+00
  5390.000  1.09886e+00
  5395.000  1.08744e+00
  5400.000  1.07510e+00
  5405.000  1.06753e+00
  5410.000  1.06942e+00
  5415.000  1.07270e+00
  5420.000  1.07149e+00
  5425.000  1.06349e+00
  5430.000  1.05630e+00
  5435.000  1.05766e+00
  5440.000  1.05837e+00
  5445.000  1.05868e+00
  5450.000  1.05902e+00
  5455.000  1.05857e+00
  5460.000  1.05796e+00
  5465.000  1.05402e+00
  5470.000  1.04741e+00
  5475.000  1.04251e+00
  5480.000  1.04266e+00
  5485.000  1.04413e+00
  5490.000  1.03702e+00
  5495.000  1.03367e+00
  5500.000  1.03150e+00
  5505.000  1.02296e+00
  5510.000  1.01546e+00
  5515.000  1.02097e+00
  5520.000  1.02104e+00
  5525.000  1.01397e+00
  5530.000  1.00826e+00
  5535.000  1.00931e+00
  5540.000  1.00520e+00
  5545.000  1.00328e+00
  5550.000  1.01106e+00
  5555.000  1.01281e+00
  5560.000  1.00936e+00
  5565.000  1.00114e+00
  5570.000  9.95758e-01
  5575.000  9.95112e-01
  5580.000  9.93655e-01
  5585.000  9.85399e-01
  5590.000  9.80309e-01
  5595.000  9.71510e-01
  5600.000  9.69788e-01
  5605.000  9.71245e-01
  5610.000  9.69932e-01
  5615.000  9.61350e-01
  5620.000  9.61391e-01
  5625.000  9.64294e-01
  5630.000  9.63931e-01
  5635.000  9.64918e-01
  5640.000  9.64163e-01
  5645.000  9.59639e-01
  5650.000  9.52994e-01
  5655.000  9.44186e-01
  5660.000  9.34322e-01
  5665.000  9.35654e-01
  5670.000  9.40013e-01
  5675.000  9.40889e-01
  5680.000  9.32962e-01
  5685.000  9.25541e-01
  5690.000  9.26619e-01
  5695.000  9.22722e-01
  5700.000  9.19115e-01
  5705.000  9.18732e-01
  5710.000  9.22994e-01
  5715.000  9.27025e-01
  5720.000  9.23747e-01
  5725.000  9.20432e-01
  5730.000  9.16399e-01
  5735.000  9.12506e-01
  5740.000  9.07463e-01
  5745.000  9.01393e-01
  5750.000  8.96856e-01
  5755.000  8.96227e-01
  5760.000  9.02244e-01
  5765.000  8.99645e-01
  5770.000  8.91126e-01
  5775.000  8.83296e-01
  5780.000  8.74814e-01
  5785.000  8.75782e-01
  5790.000  8.76350e-01
  5795.000  8.68799e-01
  5800.000  8.67793e-01
  5805.000  8.71261e-01
  5810.000  8.68453e-01
  5815.000  8.66922e-01
  5820.000  8.70531e-01
  5825.000  8.74054e-01
  5830.000  8.77312e-01
  5835.000  8.73676e-01
  5840.000  8.68309e-01
  5845.000  8.63822e-01
  5850.000  8.63795e-01
  5855.000  8.60255e-01
  5860.000  8.64186e-01
  5865.000  8.61657e-01
  5870.000  8.55994e-01
  5875.000  8.49204e-01
  5880.000  8.40569e-01
  5885.000  8.23010e-01
  5890.000  8.08472e-01
  5895.000  8.09661e-01
  5900.000  8.27730e-01
  5905.000  8.30761e-01
  5910.000  8.26676e-01
  5915.000  8.26644e-01
  5920.000  8.25769e-01
  5925.000  8.21208e-01
  5930.000  8.19709e-01
  5935.000  8.19495e-01
  5940.000  8.14234e-01
  5945.000  8.07174e-01
  5950.000  8.04822e-01
  5955.000  8.04437e-01
  5960.000  8.02840e-01
  5965.000  8.04999e-01
  5970.000  8.02897e-01
  5975.000  7.99626e-01
  5980.000  7.97863e-01
  5985.000  7.97071e-01
  5990.000  7.92456e-01
  5995.000  7.94637e-01
  6000.000  7.94601e-01
  6005.000  7.91093e-01
  6010.000  7.88428e-01
  6015.000  7.85948e-01
  6020.000  7.82421e-01
  6025.000  7.81103e-01
  6030.000  7.79333e-01
  6035.000  7.78514e-01
  6040.000  7.75160e-01
  6045.000  7.76237e-01
  6050.000  7.73777e-01
  6055.000  7.71288e-01
  6060.000  7.70566e-01
  6065.000  7.68194e-01
  6070.000  7.68426e-01
  6075.000  7.63557e-01
  6080.000  7.57481e-01
  6085.000  7.55058e-01
  6090.000  7.55177e-01
  6095.000  7.54559e-01
  6100.000  7.52717e-01
  6105.000  7.48703e-01
  6110.000  7.48352e-01
  6115.000  7.49442e-01
  6120.000  7.47081e-01
  6125.000  7.45749e-01
  6130.000  7.46761e-01
  6135.000  7.44312e-01
  6140.000  7.38706e-01
  6145.000  7.32324e-01
  6150.000  7.27165e-01
  6155.000  7.21943e-01
  6160.000  7.20105e-01
  6165.000  7.25232e-01
  6170.000  7.24474e-01
  6175.000  7.28876e-01
  6180.000  7.26868e-01
  6185.000  7.22772e-01
  6190.000  7.24229e-01
  6195.000  7.30074e-01
  6200.000  7.26416e-01
  6205.000  7.19998e-01
  6210.000  7.16323e-01
  6215.000  7.13357e-01
  6220.000  7.08544e-01
  6225.000  7.04178e-01
  6230.000  7.01025e-01
  6235.000  7.00081e-01
  6240.000  6.98933e-01
  6245.000  6.98172e-01
  6250.000  6.98888e-01
  6255.000  7.01625e-01
  6260.000  7.00791e-01
  6265.000  6.94674e-01
  6270.000  6.87126e-01
  6275.000  6.76533e-01
  6280.000  6.65254e-01
  6285.000  6.74913e-01
  6290.000  6.80504e-01
  6295.000  6.80416e-01
  6300.000  6.76011e-01
  6305.000  6.73755e-01
  6310.000  6.72402e-01
  6315.000  6.69672e-01
  6320.000  6.71742e-01
  6325.000  6.75309e-01
  6330.000  6.72874e-01
  6335.000  6.71399e-01
  6340.000  6.69285e-01
  6345.000  6.62524e-01
  6350.000  6.60750e-01
  6355.000  6.65366e-01
  6360.000  6.66667e-01
  6365.000  6.64504e-01
  6370.000  6.59935e-01
  6375.000  6.60673e-01
  6380.000  6.61222e-01
  6385.000  6.57684e-01
  6390.000  6.54948e-01
  6395.000  6.55631e-01
  6400.000  6.56793e-01
  6405.000  6.54182e-01
  6410.000  6.50239e-01
  6415.000  6.48577e-01
  6420.000  6.46361e-01
  6425.000  6.48377e-01
  6430.000  6.46862e-01
  6435.000  6.47049e-01
  6440.000  6.47712e-01
  6445.000  6.41928e-01
  6450.000  6.37801e-01
  6455.000  6.33519e-01
  6460.000  6.32811e-01
  6465.000  6.33750e-01
  6470.000  6.31497e-01
  6475.000  6.26400e-01
  6480.000  6.23332e-01
  6485.000  6.23460e-01
  6490.000  6.18315e-01
  6495.000  6.13227e-01
  6500.000  6.17240e-01
  6505.000  6.18455e-01
  6510.000  6.12423e-01
  6515.000  6.04327e-01
  6520.000  5.99741e-01
  6525.000  5.93783e-01
  6530.000  5.85786e-01
  6535.000  5.77994e-01
  6540.000  5.59423e-01
  6545.000  5.30566e-01
  6550.000  4.94820e-01
  6555.000  4.45639e-01
  6560.000  3.87141e-01
  6565.000  3.83494e-01
  6570.000  4.40645e-01
  6575.000  4.90634e-01
  6580.000  5.26743e-01
  6585.000  5.50450e-01
  6590.000  5.67959e-01
  6595.000  5.76827e-01
  6600.000  5.81570e-01
  6605.000  5.82938e-01
  6610.000  5.85495e-01
  6615.000  5.89771e-01
  6620.000  5.88803e-01
  6625.000  5.90842e-01
  6630.000  5.88545e-01
  6635.000  5.86986e-01
  6640.000  5.88796e-01
  6645.000  5.87881e-01
  6650.000  5.86622e-01
  6655.000  5.83577e-01
  6660.000  5.82297e-01
  6665.000  5.77257e-01
  6670.000  5.76840e-01
  6675.000  5.74182e-01
  6680.000  5.75010e-01
  6685.000  5.77058e-01
  6690.000  5.77292e-01
  6695.000  5.76001e-01
  6700.000  5.72869e-01
  6705.000  5.72201e-01
  6710.000  5.69137e-01
  6715.000  5.65666e-01
  6720.000  5.66061e-01
  6725.000  5.67662e-01
  6730.000  5.63994e-01
  6735.000  5.62363e-01
  6740.000  5.59562e-01
  6745.000  5.59246e-01
  6750.000  5.58876e-01
  6755.000  5.57265e-01
  6760.000  5.56734e-01
  6765.000  5.55203e-01
  6770.000  5.53600e-01
  6775.000  5.52449e-01
  6780.000  5.52745e-01
  6785.000  5.50434e-01
  6790.000  5.52717e-01
  6795.000  5.53126e-01
  6800.000  5.51552e-01
  6805.000  5.51454e-01
  6810.000  5.49133e-01
  6815.000  5.48740e-01
  6820.000  5.47746e-01
  6825.000  5.44781e-01
  6830.000  5.42914e-01
  6835.000  5.41328e-01
  6840.000  5.39912e-01
  6845.000  5.40229e-01
  6850.000  5.42038e-01
  6855.000  5.43049e-01
  6860.000  5.41932e-01
  6865.000  5.39451e-01
  6870.000  5.37691e-01
  6875.000  5.37832e-01
  6880.000  5.38934e-01
  6885.000  5.38634e-01
  6890.000  5.35100e-01
  6895.000  5.28770e-01
  6900.000  5.22335e-01
  6905.000  5.18858e-01
  6910.000  5.19544e-01
  6915.000  5.22964e-01
  6920.000  5.26103e-01
  6925.000  5.26447e-01
  6930.000  5.23623e-01
  6935.000  5.19398e-01
  6940.000  5.16242e-01
  6945.000  5.15648e-01
  6950.000  5.17246e-01
  6955.000  5.19189e-01
  6960.000  5.19594e-01
  6965.000  5.17884e-01
  6970.000  5.14923e-01
  6975.000  5.12839e-01
  6980.000  5.11897e-01
  6985.000  5.12649e-01
  6990.000  5.09168e-01
  6995.000  5.08755e-01
  7000.000  5.07389e-01
  7005.000  5.04241e-01
  7010.000  5.03905e-01
  7015.000  5.01765e-01
  7020.000  4.99839e-01
  7025.000  4.97949e-01
  7030.000  4.99422e-01
  7035.000  4.98656e-01
  7040.000  4.95765e-01
  7045.000  4.96395e-01
  7050.000  4.99189e-01
  7055.000  4.99314e-01
  7060.000  4.99049e-01
  7065.000  4.98177e-01
  7070.000  4.97152e-01
  7075.000  4.94278e-01
  7080.000  4.93516e-01
  7085.000  4.93479e-01
  7090.000  4.92319e-01
  7095.000  4.91148e-01
  7100.000  4.89862e-01
  7105.000  4.86858e-01
  7110.000  4.83619e-01
  7115.000  4.81052e-01
  7120.000  4.81716e-01
  7125.000  4.84591e-01
  7130.000  4.80840e-01
  7135.000  4.81651e-01
  7140.000  4.84793e-01
  7145.000  4.81697e-01
  7150.000  4.81246e-01
  7155.000  4.86243e-01
  7160.000  4.84457e-01
  7165.000  4.79726e-01
  7170.000  4.68617e-01
  7175.000  4.60054e-01
  7180.000  4.54525e-01
  7185.000  4.45861e-01
  7190.000  4.46275e-01
  7195.000  4.45152e-01
  7200.000  4.41943e-01
  7205.000  4.40879e-01
  7210.000  4.58005e-01
  7215.000  4.69662e-01
  7220.000  4.72794e-01
  7225.000  4.68631e-01
  7230.000  4.60114e-01
  7235.000  4.50098e-01
  7240.000  4.50005e-01
  7245.000  4.45188e-01
  7250.000  4.43737e-01
  7255.000  4.43160e-01
  7260.000  4.50329e-01
  7265.000  4.53331e-01
  7270.000  4.55126e-01
  7275.000  4.45824e-01
  7280.000  4.42898e-01
  7285.000  4.48625e-01
  7290.000  4.41254e-01
  7295.000  4.42551e-01
  7300.000  4.43547e-01
  7305.000  4.44674e-01
  7310.000  4.42466e-01
  7315.000  4.42171e-01
  7320.000  4.40274e-01
  7325.000  4.40797e-01
  7330.000  4.38235e-01
  7335.000  4.40354e-01
  7340.000  4.39209e-01
  7345.000  4.37955e-01
  7350.000  4.36961e-01
  7355.000  4.36011e-01
  7360.000  4.34783e-01
  7365.000  4.34848e-01
  7370.000  4.32394e-01
  7375.000  4.32349e-01
  7380.000  4.33036e-01
  7385.000  4.33852e-01
  7390.000  4.35932e-01
  7395.000  4.33486e-01
  7400.000  4.32015e-01
  7405.000  4.28357e-01
  7410.000  4.24120e-01
  7415.000  4.26570e-01
  7420.000  4.31545e-01
  7425.000  4.28953e-01
  7430.000  4.29413e-01
  7435.000  4.27864e-01
  7440.000  4.24417e-01
  7445.000  4.20214e-01
  7450.000  4.17546e-01
  7455.000  4.15445e-01
  7460.000  4.12012e-01
  7465.000  4.11861e-01
  7470.000  4.12201e-01
  7475.000  4.15711e-01
  7480.000  4.18427e-01
  7485.000  4.19049e-01
  7490.000  4.16838e-01
  7495.000  4.12928e-01
  7500.000  4.10493e-01
  7505.000  4.08522e-01
  7510.000  4.08693e-01
  7515.000  4.10980e-01
  7520.000  4.12988e-01
  7525.000  4.12496e-01
  7530.000  4.10266e-01
  7535.000  4.07872e-01
  7540.000  4.07964e-01
  7545.000  4.08424e-01
  7550.000  4.08889e-01
  7555.000  4.07197e-01
  7560.000  4.03182e-01
  7565.000  3.98006e-01
  7570.000  3.96316e-01
  7575.000  3.99426e-01
  7580.000  4.08053e-01
  7585.000  4.16527e-01
  7590.000  4.18298e-01
  7595.000  4.10939e-01
  7600.000  3.98171e-01
  7605.000  3.87409e-01
  7610.000  3.84712e-01
  7615.000  3.90478e-01
  7620.000  3.99103e-01
  7625.000  4.03505e-01
  7630.000  4.00258e-01
  7635.000  3.91546e-01
  7640.000  3.83008e-01
  7645.000  3.79319e-01
  7650.000  3.81010e-01
  7655.000  3.85077e-01
  7660.000  3.88140e-01
  7665.000  3.88938e-01
  7670.000  3.88478e-01
  7675.000  3.88207e-01
  7680.000  3.88128e-01
  7685.000  3.86759e-01
  7690.000  3.83143e-01
  7695.000  3.78240e-01
  7700.000  3.74644e-01
  7705.000  3.74786e-01
  7710.000  3.78761e-01
  7715.000  3.84052e-01
  7720.000  3.87307e-01
  7725.000  3.79778e-01
  7730.000  3.78008e-01
  7735.000  3.75933e-01
  7740.000  3.74159e-01
  7745.000  3.74499e-01
  7750.000  3.77602e-01
  7755.000  3.79436e-01
  7760.000  3.78094e-01
  7765.000  3.73339e-01
  7770.000  3.61561e-01
  7775.000  3.54589e-01
  7780.000  3.65470e-01
  7785.000  3.72405e-01
  7790.000  3.75396e-01
  7795.000  3.77504e-01
  7800.000  3.75441e-01
  7805.000  3.72839e-01
  7810.000  3.69793e-01
  7815.000  3.66151e-01
  7820.000  3.65266e-01
  7825.000  3.63830e-01
  7830.000  3.62176e-01
  7835.000  3.62033e-01
  7840.000  3.63228e-01
  7845.000  3.64155e-01
  7850.000  3.65373e-01
  7855.000  3.66129e-01
  7860.000  3.62388e-01
  7865.000  3.60436e-01
  7870.000  3.58388e-01
  7875.000  3.56062e-01
  7880.000  3.56824e-01
  7885.000  3.56661e-01
  7890.000  3.56413e-01
  7895.000  3.52896e-01
  7900.000  3.52643e-01
  7905.000  3.53626e-01
  7910.000  3.52244e-01
  7915.000  3.48478e-01
  7920.000  3.45822e-01
  7925.000  3.44261e-01
  7930.000  3.45080e-01
  7935.000  3.46678e-01
  7940.000  3.46685e-01
  7945.000  3.43324e-01
  7950.000  3.39639e-01
  7955.000  3.36974e-01
  7960.000  3.38300e-01
  7965.000  3.43170e-01
  7970.000  3.47311e-01
  7975.000  3.49508e-01
  7980.000  3.47939e-01
  7985.000  3.45113e-01
  7990.000  3.44387e-01
  7995.000  3.44671e-01
  8000.000  3.45366e-01
  8005.000  3.45161e-01
  8010.000  3.43594e-01
  8015.000  3.39053e-01
  8020.000  3.34836e-01
  8025.000  3.33275e-01
  8030.000  3.34551e-01
  8035.000  3.37939e-01
  8040.000  3.39747e-01
  8045.000  3.39884e-01
  8050.000  3.39712e-01
  8055.000  3.38381e-01
  8060.000  3.35804e-01
  8065.000  3.33216e-01
  8070.000  3.30914e-01
  8075.000  3.29356e-01
  8080.000  3.28766e-01
  8085.000  3.28813e-01
  8090.000  3.28124e-01
  8095.000  3.27612e-01
  8100.000  3.28865e-01
  8105.000  3.27219e-01
  8110.000  3.24668e-01
  8115.000  3.22779e-01
  8120.000  3.21983e-01
  8125.000  3.21035e-01
  8130.000  3.19348e-01
  8135.000  3.15033e-01
  8140.000  3.14800e-01
  8145.000  3.11295e-01
  8150.000  3.08496e-01
  8155.000  3.06733e-01
  8160.000  3.04132e-01
  8165.000  3.00884e-01
  8170.000  3.02679e-01
  8175.000  3.05764e-01
  8180.000  3.01219e-01
  8185.000  3.02806e-01
  8190.000  3.00273e-01
  8195.000  2.99333e-01
  8200.000  3.00343e-01
  8205.000  3.04406e-01
  8210.000  3.07521e-01
  8215.000  3.06808e-01
  8220.000  3.05509e-01
  8225.000  3.00199e-01
  8230.000  2.89992e-01
  8235.000  2.94647e-01
  8240.000  3.00845e-01
  8245.000  3.00965e-01
  8250.000  3.03298e-01
  8255.000  3.01641e-01
  8260.000  3.00903e-01
  8265.000  3.01967e-01
  8270.000  3.03442e-01
  8275.000  2.98171e-01
  8280.000  2.97393e-01
  8285.000  2.97413e-01
  8290.000  2.97336e-01
  8295.000  2.97581e-01
  8300.000  2.96521e-01
  8305.000  2.96769e-01
  8310.000  2.97919e-01
  8315.000  2.97400e-01
  8320.000  2.96959e-01
  8325.000  2.94860e-01
  8330.000  2.96591e-01
  8335.000  2.95422e-01
  8340.000  2.94681e-01
  8345.000  2.96301e-01
  8350.000  2.94597e-01
  8355.000  2.95700e-01
  8360.000  2.94467e-01
  8365.000  2.94600e-01
  8370.000  2.93966e-01
  8375.000  2.93728e-01
  8380.000  2.93804e-01
  8385.000  2.93310e-01
  8390.000  2.92417e-01
  8395.000  2.91851e-01
  8400.000  2.91566e-01
  8405.000  2.90385e-01
  8410.000  2.87584e-01
  8415.000  2.88367e-01
  8420.000  2.88147e-01
  8425.000  2.89670e-01
  8430.000  2.89839e-01
  8435.000  2.89507e-01
  8440.000  2.83611e-01
  8445.000  2.76913e-01
  8450.000  2.81159e-01
  8455.000  2.85944e-01
  8460.000  2.84416e-01
  8465.000  2.82008e-01
  8470.000  2.80488e-01
  8475.000  2.84115e-01
  8480.000  2.85680e-01
  8485.000  2.86778e-01
  8490.000  2.85189e-01
  8495.000  2.74475e-01
  8500.000  2.70005e-01
  8505.000  2.73692e-01
  8510.000  2.79309e-01
  8515.000  2.83168e-01
  8520.000  2.85962e-01
  8525.000  2.85925e-01
  8530.000  2.82583e-01
  8535.000  2.73948e-01
  8540.000  2.58127e-01
  8545.000  2.53735e-01
  8550.000  2.65971e-01
  8555.000  2.75018e-01
  8560.000  2.83288e-01
  8565.000  2.85008e-01
  8570.000  2.86087e-01
  8575.000  2.84799e-01
  8580.000  2.80766e-01
  8585.000  2.74829e-01
  8590.000  2.64067e-01
  8595.000  2.52793e-01
  8600.000  2.50306e-01
  8605.000  2.59279e-01
  8610.000  2.71181e-01
  8615.000  2.79498e-01
  8620.000  2.84287e-01
  8625.000  2.87573e-01
  8630.000  2.86856e-01
  8635.000  2.86338e-01
  8640.000  2.81676e-01
  8645.000  2.77804e-01
  8650.000  2.69458e-01
  8655.000  2.56682e-01
  8660.000  2.37084e-01
  8665.000  2.28316e-01
  8670.000  2.39257e-01
  8675.000  2.54298e-01
  8680.000  2.62843e-01
  8685.000  2.70235e-01
  8690.000  2.77516e-01
  8695.000  2.82539e-01
  8700.000  2.84073e-01
  8705.000  2.84174e-01
  8710.000  2.77839e-01
  8715.000  2.83596e-01
  8720.000  2.80767e-01
  8725.000  2.75808e-01
  8730.000  2.69673e-01
  8735.000  2.59512e-01
  8740.000  2.46847e-01
  8745.000  2.29009e-01
  8750.000  2.18496e-01
  8755.000  2.26373e-01
  8760.000  2.43132e-01
  8765.000  2.57532e-01
  8770.000  2.66325e-01
  8775.000  2.73084e-01
  8780.000  2.79191e-01
  8785.000  2.74604e-01
  8790.000  2.74939e-01
  8795.000  2.75659e-01
  8800.000  2.77358e-01
  8805.000  2.75689e-01
  8810.000  2.83718e-01
  8815.000  2.76312e-01
  8820.000  2.75647e-01
  8825.000  2.81248e-01
  8830.000  2.77759e-01
  8835.000  2.71701e-01
  8840.000  2.63536e-01
  8845.000  2.47639e-01
  8850.000  2.41965e-01
  8855.000  2.23806e-01
  8860.000  2.06907e-01
  8865.000  2.05490e-01
  8870.000  2.22924e-01
  8875.000  2.38259e-01
  8880.000  2.49270e-01
  8885.000  2.61231e-01
  8890.000  2.67794e-01
  8895.000  2.65412e-01
  8900.000  2.67435e-01
  8905.000  2.71045e-01
  8910.000  2.71142e-01
  8915.000  2.73528e-01
  8920.000  2.80429e-01
  8925.000  2.72948e-01
  8930.000  2.80552e-01
  8935.000  2.80161e-01
  8940.000  2.80712e-01
  8945.000  2.77902e-01
  8950.000  2.73739e-01
  8955.000  2.69398e-01
  8960.000  2.65160e-01
  8965.000  2.58277e-01
  8970.000  2.49648e-01
  8975.000  2.45873e-01
  8980.000  2.41439e-01
  8985.000  2.34129e-01
  8990.000  2.23623e-01
  8995.000  2.21977e-01
  9000.000  2.20272e-01
  9005.000  2.14390e-01
  9010.000  2.09945e-01
  9015.000  2.07717e-01
  9020.000  2.11450e-01
  9025.000  2.23343e-01
  9030.000  2.34445e-01
  9035.000  2.45005e-01
  9040.000  2.52999e-01
  9045.000  2.57445e-01
  9050.000  2.62840e-01
  9055.000  2.62899e-01
  9060.000  2.62518e-01
  9065.000  2.59665e-01
  9070.000  2.57987e-01
  9075.000  2.55984e-01
  9080.000  2.54676e-01
  9085.000  2.53862e-01
  9090.000  2.51839e-01
  9095.000  2.53264e-01
  9100.000  2.57221e-01
  9105.000  2.57053e-01
  9110.000  2.61065e-01
  9115.000  2.64041e-01
  9120.000  2.61180e-01
  9125.000  2.63225e-01
  9130.000  2.57342e-01
  9135.000  2.52475e-01
  9140.000  2.51696e-01
  9145.000  2.53235e-01
  9150.000  2.50387e-01
  9155.000  2.42576e-01
  9160.000  2.45816e-01
  9165.000  2.50651e-01
  9170.000  2.53140e-01
  9175.000  2.47046e-01
  9180.000  2.48596e-01
  9185.000  2.47441e-01
  9190.000  2.40678e-01
  9195.000  2.34690e-01
  9200.000  2.29126e-01
  9205.000  2.24443e-01
  9210.000  2.15025e-01
  9215.000  2.07318e-01
  9220.000  2.01475e-01
  9225.000  1.94374e-01
  9230.000  1.90973e-01
  9235.000  1.96350e-01
  9240.000  2.04166e-01
  9245.000  2.11056e-01
  9250.000  2.19031e-01
  9255.000  2.25638e-01
  9260.000  2.28475e-01
  9265.000  2.34508e-01
  9270.000  2.44772e-01
  9275.000  2.49925e-01
  9280.000  2.48717e-01
  9285.000  2.49623e-01
  9290.000  2.48748e-01
  9295.000  2.43251e-01
  9300.000  2.36909e-01
  9305.000  2.32304e-01
  9310.000  2.27318e-01
  9315.000  2.21010e-01
  9320.000  2.16820e-01
  9325.000  2.16727e-01
  9330.000  2.21338e-01
  9335.000  2.20802e-01
  9340.000  2.19328e-01
  9345.000  2.13393e-01
  9350.000  2.27356e-01
  9355.000  2.22999e-01
  9360.000  2.24611e-01
  9365.000  2.34577e-01
  9370.000  2.27680e-01
  9375.000  2.35085e-01
  9380.000  2.34429e-01
  9385.000  2.38730e-01
  9390.000  2.49480e-01
  9395.000  2.54038e-01
  9400.000  2.48912e-01
  9405.000  2.42781e-01
  9410.000  2.38835e-01
  9415.000  2.32737e-01
  9420.000  2.28388e-01
  9425.000  2.22760e-01
  9430.000  2.10919e-01
  9435.000  2.18602e-01
  9440.000  2.07870e-01
  9445.000  2.11790e-01
  9450.000  2.25157e-01
  9455.000  2.21661e-01
  9460.000  2.17307e-01
  9465.000  2.21820e-01
  9470.000  2.23775e-01
  9475.000  2.21596e-01
  9480.000  2.14485e-01
  9485.000  2.12963e-01
  9490.000  2.18806e-01
  9495.000  2.14117e-01
  9500.000  2.04990e-01
  9505.000  2.05921e-01
  9510.000  2.10033e-01
  9515.000  2.05195e-01
  9520.000  1.88097e-01
  9525.000  1.80081e-01
  9530.000  1.77512e-01
  9535.000  1.79283e-01
  9540.000  1.72703e-01
  9545.000  1.64942e-01
  9550.000  1.68364e-01
  9555.000  1.75767e-01
  9560.000  1.79106e-01
  9565.000  1.90175e-01
  9570.000  1.96482e-01
  9575.000  2.05022e-01
  9580.000  2.09433e-01
  9585.000  2.09440e-01
  9590.000  2.10170e-01
  9595.000  2.03540e-01
  9600.000  2.13078e-01
  9605.000  2.11576e-01
  9610.000  2.11642e-01
  9615.000  2.12166e-01
  9620.000  2.07939e-01
  9625.000  2.08837e-01
  9630.000  2.12405e-01
  9635.000  2.13805e-01
  9640.000  2.13752e-01
  9645.000  2.12120e-01
  9650.000  2.14383e-01
  9655.000  2.14960e-01
  9660.000  2.10843e-01
  9665.000  2.10143e-01
  9670.000  2.11318e-01
  9675.000  2.16211e-01
  9680.000  2.12783e-01
  9685.000  2.15762e-01
  9690.000  2.14026e-01
  9695.000  2.11890e-01
  9700.000  2.10853e-01
  9705.000  2.09639e-01
  9710.000  2.11730e-01
  9715.000  2.13149e-01
  9720.000  2.10439e-01
  9725.000  2.07201e-01
  9730.000  2.02945e-01
  9735.000  2.04475e-01
  9740.000  2.03321e-01
  9745.000  2.05230e-01
  9750.000  2.05230e-01
  9755.000  2.09753e-01
  9760.000  2.11071e-01
  9765.000  2.07982e-01
  9770.000  2.11290e-01
  9775.000  2.11490e-01
  9780.000  2.07655e-01
  9785.000  2.08044e-01
  9790.000  2.05890e-01
  9795.000  2.06898e-01
  9800.000  2.08006e-01
  9805.000  2.12538e-01
  9810.000  2.11901e-01
  9815.000  2.06509e-01
  9820.000  2.06125e-01
  9825.000  2.05469e-01
  9830.000  2.08315e-01
  9835.000  2.02143e-01
  9840.000  2.09274e-01
  9845.000  2.10149e-01
  9850.000  2.06650e-01
  9855.000  2.04388e-01
  9860.000  2.03980e-01
  9865.000  2.03672e-01
  9870.000  2.07104e-01
  9875.000  2.07786e-01
  9880.000  2.03337e-01
  9885.000  2.00196e-01
  9890.000  1.99245e-01
  9895.000  1.98569e-01
  9900.000  1.99893e-01
  9905.000  1.93942e-01
  9910.000  1.94480e-01
  9915.000  1.99013e-01
  9920.000  1.96895e-01
  9925.000  1.99583e-01
  9930.000  2.00535e-01
  9935.000  1.99916e-01
  9940.000  1.99683e-01
  9945.000  1.92748e-01
  9950.000  1.88488e-01
  9955.000  1.85139e-01
  9960.000  1.88144e-01
  9965.000  1.84994e-01
  9970.000  1.87610e-01
  9975.000  1.89416e-01
  9980.000  1.86516e-01
  9985.000  1.91154e-01
  9990.000  1.82692e-01
  9995.000  1.82245e-01
 10000.000  1.78647e-01
 10005.000  1.77320e-01
 10010.000  1.70040e-01
 10015.000  1.66144e-01
 10020.000  1.59202e-01
 10025.000  1.61064e-01
 10030.000  1.54773e-01
 10035.000  1.55553e-01
 10040.000  1.48779e-01
 10045.000  1.44590e-01
 10050.000  1.45691e-01
 10055.000  1.53829e-01
 10060.000  1.50342e-01
 10065.000  1.57244e-01
 10070.000  1.64504e-01
 10075.000  1.68632e-01
 10080.000  1.69710e-01
 10085.000  1.71018e-01
 10090.000  1.75074e-01
 10095.000  1.74140e-01
 10100.000  1.76636e-01
 10105.000  1.81357e-01
 10110.000  1.80568e-01
 10115.000  1.79481e-01
 10120.000  1.79657e-01
 10125.000  1.76616e-01
 10130.000  1.80016e-01
 10135.000  1.74641e-01
 10140.000  1.77958e-01
 10145.000  1.78730e-01
 10150.000  1.79911e-01
 10155.000  1.80808e-01
 10160.000  1.80727e-01
 10165.000  1.79230e-01
 10170.000  1.76907e-01
 10175.000  1.74602e-01
 10180.000  1.73160e-01
 10185.000  1.73180e-01
 10190.000  1.74281e-01
 10195.000  1.75837e-01
 10200.000  1.77221e-01
 10205.000  1.77931e-01
 10210.000  1.77964e-01
 10215.000  1.77442e-01
 10220.000  1.76487e-01
 10225.000  1.75265e-01
 10230.000  1.74121e-01
 10235.000  1.73444e-01
 10240.000  1.73625e-01
 10245.000  1.74867e-01
 10250.000  1.76621e-01
 10255.000  1.78155e-01
 10260.000  1.78735e-01
 10265.000  1.77859e-01
 10270.000  1.75955e-01
 10275.000  1.73681e-01
 10280.000  1.71697e-01
 10285.000  1.70493e-01
 10290.000  1.69885e-01
 10295.000  1.69519e-01
 10300.000  1.69042e-01
 10305.000  1.68212e-01
 10310.000  1.67231e-01
 10315.000  1.66412e-01
 10320.000  1.66069e-01
 10325.000  1.66370e-01
 10330.000  1.66911e-01
 10335.000  1.67142e-01
 10340.000  1.66515e-01
 10345.000  1.64721e-01
 10350.000  1.62409e-01
 10355.000  1.60470e-01
 10360.000  1.59793e-01
 10365.000  1.60927e-01
 10370.000  1.63048e-01
 10375.000  1.64994e-01
 10380.000  1.65600e-01
 10385.000  1.64079e-01
 10390.000  1.61150e-01
 10395.000  1.57909e-01
 10400.000  1.55452e-01
 10405.000  1.54595e-01
 10410.000  1.55038e-01
 10415.000  1.56204e-01
 10420.000  1.57513e-01
 10425.000  1.58480e-01
 10430.000  1.58998e-01
 10435.000  1.59052e-01
 10440.000  1.58627e-01
 10445.000  1.57762e-01
 10450.000  1.56711e-01
 10455.000  1.55778e-01
 10460.000  1.55270e-01
 10465.000  1.55384e-01
 10470.000  1.55878e-01
 10475.000  1.56402e-01
 10480.000  1.56605e-01
 10485.000  1.56243e-01
 10490.000  1.55495e-01
 10495.000  1.54643e-01
 10500.000  1.53973e-01
