# pickles/g2v  |  Pickles 1998, PASP 110, 863
# columns: wavelength_Angstrom  flam_erg_s_cm2_A (absolute scale arbitrary - ETC renormalizes)
  1150.000  5.08200e-03
  1155.000  5.71600e-03
  1160.000  4.68900e-03
  1165.000  3.59000e-04
  1170.000  0.00000e+00
  1175.000  0.00000e+00
  1180.000  1.25300e-03
  1185.000  8.36000e-04
  1190.000  0.00000e+00
  1195.000  0.00000e+00
  1200.000  9.78000e-04
  1205.000  3.42700e-03
  1210.000  1.45760e-02
  1215.000  2.56530e-02
  1220.000  1.57900e-02
  1225.000  2.73600e-03
  1230.000  3.56000e-04
  1235.000  3.75000e-04
  1240.000  3.28000e-04
  1245.000  2.16000e-04
  1250.000  1.67000e-04
  1255.000  1.74000e-04
  1260.000  1.68000e-04
  1265.000  0.00000e+00
  1270.000  0.00000e+00
  1275.000  8.20000e-05
  1280.000  3.04000e-04
  1285.000  2.79000e-04
  1290.000  5.50000e-05
  1295.000  5.40000e-05
  1300.000  1.67000e-04
  1305.000  0.00000e+00
  1310.000  1.26000e-04
  1315.000  2.62000e-04
  1320.000  1.99000e-04
  1325.000  1.24000e-04
  1330.000  1.92000e-04
  1335.000  1.63000e-04
  1340.000  5.80000e-05
  1345.000  8.00000e-06
  1350.000  7.80000e-05
  1355.000  1.54000e-04
  1360.000  1.79000e-04
  1365.000  2.31000e-04
  1370.000  1.35000e-04
  1375.000  2.12000e-04
  1380.000  2.77000e-04
  1385.000  2.46000e-04
  1390.000  6.80000e-05
  1395.000  2.04000e-04
  1400.000  2.91000e-04
  1405.000  3.94000e-04
  1410.000  3.28000e-04
  1415.000  8.40000e-05
  1420.000  0.00000e+00
  1425.000  1.28000e-04
  1430.000  2.76000e-04
  1435.000  2.00000e-04
  1440.000  3.43000e-04
  1445.000  7.11000e-04
  1450.000  5.65000e-04
  1455.000  2.75000e-04
  1460.000  1.28000e-04
  1465.000  1.79000e-04
  1470.000  3.29000e-04
  1475.000  3.81000e-04
  1480.000  3.81000e-04
  1485.000  2.75000e-04
  1490.000  2.93000e-04
  1495.000  3.29000e-04
  1500.000  3.25000e-04
  1505.000  3.11000e-04
  1510.000  3.08000e-04
  1515.000  3.06000e-04
  1520.000  2.74000e-04
  1525.000  2.88000e-04
  1530.000  3.51000e-04
  1535.000  4.27000e-04
  1540.000  4.64000e-04
  1545.000  6.95000e-04
  1550.000  6.75000e-04
  1555.000  3.92000e-04
  1560.000  5.00000e-04
  1565.000  5.24000e-04
  1570.000  5.21000e-04
  1575.000  6.17000e-04
  1580.000  4.70000e-04
  1585.000  4.63000e-04
  1590.000  4.89000e-04
  1595.000  3.44000e-04
  1600.000  2.80000e-04
  1605.000  4.34000e-04
  1610.000  4.14000e-04
  1615.000  2.30000e-04
  1620.000  1.87000e-04
  1625.000  2.90000e-04
  1630.000  4.55000e-04
  1635.000  5.26000e-04
  1640.000  3.19000e-04
  1645.000  4.24000e-04
  1650.000  5.34000e-04
  1655.000  4.66000e-04
  1660.000  6.77000e-04
  1665.000  7.06000e-04
  1670.000  5.86000e-04
  1675.000  4.62000e-04
  1680.000  6.64000e-04
  1685.000  6.52000e-04
  1690.000  6.23000e-04
  1695.000  7.11000e-04
  1700.000  8.32000e-04
  1705.000  6.86000e-04
  1710.000  5.69000e-04
  1715.000  6.27000e-04
  1720.000  7.47000e-04
  1725.000  8.28000e-04
  1730.000  8.15000e-04
  1735.000  9.50000e-04
  1740.000  9.95000e-04
  1745.000  1.18100e-03
  1750.000  1.18600e-03
  1755.000  1.12000e-03
  1760.000  1.22000e-03
  1765.000  1.41200e-03
  1770.000  1.49000e-03
  1775.000  1.74500e-03
  1780.000  1.54100e-03
  1785.000  1.37100e-03
  1790.000  9.67000e-04
  1795.000  1.12700e-03
  1800.000  1.46700e-03
  1805.000  1.62300e-03
  1810.000  1.88700e-03
  1815.000  2.08800e-03
  1820.000  2.24900e-03
  1825.000  2.14000e-03
  1830.000  2.13100e-03
  1835.000  2.19200e-03
  1840.000  2.15300e-03
  1845.000  1.98600e-03
  1850.000  1.97600e-03
  1855.000  2.15500e-03
  1860.000  2.45000e-03
  1865.000  2.61700e-03
  1870.000  2.76500e-03
  1875.000  2.86000e-03
  1880.000  2.96300e-03
  1885.000  3.14900e-03
  1890.000  3.29400e-03
  1895.000  3.31300e-03
  1900.000  2.99300e-03
  1905.000  3.06400e-03
  1910.000  3.38000e-03
  1915.000  3.50300e-03
  1920.000  3.75900e-03
  1925.000  3.60800e-03
  1930.000  3.35400e-03
  1935.000  3.21500e-03
  1940.000  3.62600e-03
  1945.000  4.56600e-03
  1950.000  5.01200e-03
  1955.000  8.99500e-03
  1960.000  1.00550e-02
  1965.000  4.91100e-03
  1970.000  2.95000e-04
  1975.000  0.00000e+00
  1980.000  3.24100e-03
  1985.000  1.50640e-02
  1990.000  1.56030e-02
  1995.000  9.05700e-03
  2000.000  7.74000e-03
  2005.000  0.00000e+00
  2010.000  0.00000e+00
  2015.000  7.00000e-04
  2020.000  0.00000e+00
  2025.000  0.00000e+00
  2030.000  0.00000e+00
  2035.000  0.00000e+00
  2040.000  0.00000e+00
  2045.000  3.41000e-04
  2050.000  5.30800e-03
  2055.000  6.56900e-03
  2060.000  9.87600e-03
  2065.000  4.81000e-03
  2070.000  4.11000e-03
  2075.000  1.18890e-02
  2080.000  2.01380e-02
  2085.000  1.56680e-02
  2090.000  1.21940e-02
  2095.000  8.77600e-03
  2100.000  2.16110e-02
  2105.000  3.15660e-02
  2110.000  3.18460e-02
  2115.000  2.62370e-02
  2120.000  2.94990e-02
  2125.000  2.92150e-02
  2130.000  9.82500e-03
  2135.000  2.49190e-02
  2140.000  2.89130e-02
  2145.000  3.09090e-02
  2150.000  3.34510e-02
  2155.000  2.88480e-02
  2160.000  2.64210e-02
  2165.000  9.41000e-03
  2170.000  0.00000e+00
  2175.000  1.23110e-02
  2180.000  3.16920e-02
  2185.000  3.40020e-02
  2190.000  2.47610e-02
  2195.000  1.98120e-02
  2200.000  2.96140e-02
  2205.000  2.72340e-02
  2210.000  3.54380e-02
  2215.000  1.71690e-02
  2220.000  2.47010e-02
  2225.000  2.70870e-02
  2230.000  1.87590e-02
  2235.000  2.65330e-02
  2240.000  3.44480e-02
  2245.000  3.37740e-02
  2250.000  1.85390e-02
  2255.000  3.51330e-02
  2260.000  3.55460e-02
  2265.000  2.10220e-02
  2270.000  1.56770e-02
  2275.000  1.63480e-02
  2280.000  1.75090e-02
  2285.000  1.35260e-02
  2290.000  2.33560e-02
  2295.000  2.56870e-02
  2300.000  2.67650e-02
  2305.000  2.42970e-02
  2310.000  2.83610e-02
  2315.000  2.17530e-02
  2320.000  3.07360e-02
  2325.000  4.40630e-02
  2330.000  3.43470e-02
  2335.000  2.60330e-02
  2340.000  3.00640e-02
  2345.000  2.51750e-02
  2350.000  2.51180e-02
  2355.000  2.80560e-02
  2360.000  3.15350e-02
  2365.000  2.94730e-02
  2370.000  3.35930e-02
  2375.000  3.01040e-02
  2380.000  2.88480e-02
  2385.000  2.50360e-02
  2390.000  2.87400e-02
  2395.000  2.78260e-02
  2400.000  2.38520e-02
  2405.000  2.33070e-02
  2410.000  2.49790e-02
  2415.000  2.82430e-02
  2420.000  4.02830e-02
  2425.000  4.93570e-02
  2430.000  5.40970e-02
  2435.000  5.39360e-02
  2440.000  5.35280e-02
  2445.000  4.52630e-02
  2450.000  2.67660e-02
  2455.000  1.90700e-02
  2460.000  2.80330e-02
  2465.000  3.26140e-02
  2470.000  3.11990e-02
  2475.000  3.17470e-02
  2480.000  3.33260e-02
  2485.000  2.71080e-02
  2490.000  2.06920e-02
  2495.000  3.27350e-02
  2500.000  4.73270e-02
  2505.000  4.77120e-02
  2510.000  4.15770e-02
  2515.000  3.17380e-02
  2520.000  2.64620e-02
  2525.000  2.56250e-02
  2530.000  3.24630e-02
  2535.000  3.58050e-02
  2540.000  3.49520e-02
  2545.000  3.77960e-02
  2550.000  4.24800e-02
  2555.000  5.07750e-02
  2560.000  5.27760e-02
  2565.000  6.16930e-02
  2570.000  7.48820e-02
  2575.000  7.86900e-02
  2580.000  8.55990e-02
  2585.000  8.07130e-02
  2590.000  7.56740e-02
  2595.000  6.28100e-02
  2600.000  5.70580e-02
  2605.000  5.52780e-02
  2610.000  5.25960e-02
  2615.000  5.86300e-02
  2620.000  6.89850e-02
  2625.000  6.40100e-02
  2630.000  6.81660e-02
  2635.000  1.15762e-01
  2640.000  1.57758e-01
  2645.000  1.55111e-01
  2650.000  1.46410e-01
  2655.000  1.66810e-01
  2660.000  1.63095e-01
  2665.000  1.50992e-01
  2670.000  1.58767e-01
  2675.000  1.53490e-01
  2680.000  1.53292e-01
  2685.000  1.53474e-01
  2690.000  1.42673e-01
  2695.000  1.37087e-01
  2700.000  1.52027e-01
  2705.000  1.61003e-01
  2710.000  1.52719e-01
  2715.000  1.42726e-01
  2720.000  1.11732e-01
  2725.000  1.21943e-01
  2730.000  1.30760e-01
  2735.000  1.12199e-01
  2740.000  8.54680e-02
  2745.000  7.66290e-02
  2750.000  8.67870e-02
  2755.000  9.73200e-02
  2760.000  1.17896e-01
  2765.000  1.40208e-01
  2770.000  1.51711e-01
  2775.000  1.32739e-01
  2780.000  1.09492e-01
  2785.000  9.45850e-02
  2790.000  6.42130e-02
  2795.000  4.48130e-02
  2800.000  4.54320e-02
  2805.000  5.82370e-02
  2810.000  8.28460e-02
  2815.000  1.31822e-01
  2820.000  1.60971e-01
  2825.000  1.72266e-01
  2830.000  1.83699e-01
  2835.000  1.82509e-01
  2840.000  1.71154e-01
  2845.000  1.39063e-01
  2850.000  9.33710e-02
  2855.000  1.10207e-01
  2860.000  1.74730e-01
  2865.000  1.97891e-01
  2870.000  1.92863e-01
  2875.000  1.90981e-01
  2880.000  1.72387e-01
  2885.000  2.05484e-01
  2890.000  2.25269e-01
  2895.000  2.30019e-01
  2900.000  2.49400e-01
  2905.000  2.57460e-01
  2910.000  2.66879e-01
  2915.000  2.74093e-01
  2920.000  2.64002e-01
  2925.000  2.51392e-01
  2930.000  2.55227e-01
  2935.000  2.63403e-01
  2940.000  2.67518e-01
  2945.000  2.72634e-01
  2950.000  2.72683e-01
  2955.000  2.83750e-01
  2960.000  2.83497e-01
  2965.000  2.58115e-01
  2970.000  2.64793e-01
  2975.000  2.86063e-01
  2980.000  2.63510e-01
  2985.000  2.45569e-01
  2990.000  2.70396e-01
  2995.000  2.72232e-01
  3000.000  2.47853e-01
  3005.000  2.58144e-01
  3010.000  2.81940e-01
  3015.000  2.72695e-01
  3020.000  2.69320e-01
  3025.000  3.03246e-01
  3030.000  3.36718e-01
  3035.000  3.36059e-01
  3040.000  3.25202e-01
  3045.000  3.35170e-01
  3050.000  3.40169e-01
  3055.000  3.15201e-01
  3060.000  3.12508e-01
  3065.000  3.32141e-01
  3070.000  3.57919e-01
  3075.000  3.60621e-01
  3080.000  3.71465e-01
  3085.000  3.89536e-01
  3090.000  3.29768e-01
  3095.000  3.00130e-01
  3100.000  3.18412e-01
  3105.000  3.77619e-01
  3110.000  4.05047e-01
  3115.000  3.84255e-01
  3120.000  3.45787e-01
  3125.000  3.49035e-01
  3130.000  3.92387e-01
  3135.000  3.93963e-01
  3140.000  3.62675e-01
  3145.000  3.29897e-01
  3150.000  3.29690e-01
  3155.000  3.10953e-01
  3160.000  3.30912e-01
  3165.000  3.54601e-01
  3170.000  3.83438e-01
  3175.000  3.79879e-01
  3180.000  3.46311e-01
  3185.000  3.37924e-01
  3190.000  3.39474e-01
  3195.000  3.57637e-01
  3200.000  4.34292e-01
  3205.000  4.07676e-01
  3210.000  3.95703e-01
  3215.000  3.82476e-01
  3220.000  3.65698e-01
  3225.000  3.44803e-01
  3230.000  3.35752e-01
  3235.000  3.50860e-01
  3240.000  3.71337e-01
  3245.000  3.79684e-01
  3250.000  3.94678e-01
  3255.000  4.34762e-01
  3260.000  4.80786e-01
  3265.000  5.08253e-01
  3270.000  5.08896e-01
  3275.000  4.84463e-01
  3280.000  4.60527e-01
  3285.000  4.62162e-01
  3290.000  4.88622e-01
  3295.000  5.27556e-01
  3300.000  5.46023e-01
  3305.000  5.20585e-01
  3310.000  4.86423e-01
  3315.000  4.80614e-01
  3320.000  4.89229e-01
  3325.000  4.90994e-01
  3330.000  4.86301e-01
  3335.000  4.81693e-01
  3340.000  4.86673e-01
  3345.000  5.04988e-01
  3350.000  5.14405e-01
  3355.000  4.95205e-01
  3360.000  4.63719e-01
  3365.000  4.42079e-01
  3370.000  4.39565e-01
  3375.000  4.57055e-01
  3380.000  4.74676e-01
  3385.000  4.76897e-01
  3390.000  4.86304e-01
  3395.000  5.21697e-01
  3400.000  5.48605e-01
  3405.000  5.33998e-01
  3410.000  5.03882e-01
  3415.000  4.92031e-01
  3420.000  5.04248e-01
  3425.000  5.31607e-01
  3430.000  5.34239e-01
  3435.000  4.84743e-01
  3440.000  4.36515e-01
  3445.000  4.42258e-01
  3450.000  4.71081e-01
  3455.000  4.82779e-01
  3460.000  4.83451e-01
  3465.000  4.86439e-01
  3470.000  4.87722e-01
  3475.000  4.81212e-01
  3480.000  4.69911e-01
  3485.000  4.61280e-01
  3490.000  4.71515e-01
  3495.000  5.08579e-01
  3500.000  5.38769e-01
  3505.000  5.31498e-01
  3510.000  5.18760e-01
  3515.000  5.13850e-01
  3520.000  5.01890e-01
  3525.000  4.94325e-01
  3530.000  5.25963e-01
  3535.000  5.66635e-01
  3540.000  5.90042e-01
  3545.000  5.96099e-01
  3550.000  5.85416e-01
  3555.000  5.66318e-01
  3560.000  5.45905e-01
  3565.000  4.96117e-01
  3570.000  4.55816e-01
  3575.000  4.45318e-01
  3580.000  4.12671e-01
  3585.000  4.13621e-01
  3590.000  4.73621e-01
  3595.000  5.45896e-01
  3600.000  5.71384e-01
  3605.000  5.33555e-01
  3610.000  4.87770e-01
  3615.000  4.88318e-01
  3620.000  5.09028e-01
  3625.000  5.55356e-01
  3630.000  5.55075e-01
  3635.000  5.55206e-01
  3640.000  5.71581e-01
  3645.000  5.52104e-01
  3650.000  5.67049e-01
  3655.000  6.42009e-01
  3660.000  6.87129e-01
  3665.000  6.82047e-01
  3670.000  6.60108e-01
  3675.000  6.43117e-01
  3680.000  6.12598e-01
  3685.000  6.08042e-01
  3690.000  6.31152e-01
  3695.000  6.65260e-01
  3700.000  6.70925e-01
  3705.000  6.26265e-01
  3710.000  6.26582e-01
  3715.000  6.42053e-01
  3720.000  5.75034e-01
  3725.000  5.74043e-01
  3730.000  5.52913e-01
  3735.000  4.93606e-01
  3740.000  5.12447e-01
  3745.000  5.02900e-01
  3750.000  5.15827e-01
  3755.000  5.89654e-01
  3760.000  5.92701e-01
  3765.000  6.06931e-01
  3770.000  6.45343e-01
  3775.000  7.22127e-01
  3780.000  7.68365e-01
  3785.000  7.22539e-01
  3790.000  6.39462e-01
  3795.000  5.95047e-01
  3800.000  6.24126e-01
  3805.000  6.88344e-01
  3810.000  6.82991e-01
  3815.000  5.92221e-01
  3820.000  5.06420e-01
  3825.000  4.34491e-01
  3830.000  3.90596e-01
  3835.000  3.88614e-01
  3840.000  4.53437e-01
  3845.000  5.71416e-01
  3850.000  6.19059e-01
  3855.000  5.85118e-01
  3860.000  5.55904e-01
  3865.000  5.90198e-01
  3870.000  5.89577e-01
  3875.000  5.79261e-01
  3880.000  5.71969e-01
  3885.000  5.61166e-01
  3890.000  5.87270e-01
  3895.000  6.45114e-01
  3900.000  6.67237e-01
  3905.000  6.82108e-01
  3910.000  7.31181e-01
  3915.000  7.28618e-01
  3920.000  6.45622e-01
  3925.000  5.00201e-01
  3930.000  3.38399e-01
  3935.000  3.23218e-01
  3940.000  4.62809e-01
  3945.000  6.05310e-01
  3950.000  7.07606e-01
  3955.000  7.06217e-01
  3960.000  5.86114e-01
  3965.000  4.05779e-01
  3970.000  3.70592e-01
  3975.000  5.64894e-01
  3980.000  7.65395e-01
  3985.000  8.51625e-01
  3990.000  8.81534e-01
  3995.000  8.94116e-01
  4000.000  9.05630e-01
  4005.000  9.09692e-01
  4010.000  9.35471e-01
  4015.000  9.59490e-01
  4020.000  9.68435e-01
  4025.000  9.56982e-01
  4030.000  9.31391e-01
  4035.000  9.42599e-01
  4040.000  9.54668e-01
  4045.000  9.15544e-01
  4050.000  9.25731e-01
  4055.000  9.12356e-01
  4060.000  8.88346e-01
  4065.000  8.86738e-01
  4070.000  9.03187e-01
  4075.000  9.06994e-01
  4080.000  9.30557e-01
  4085.000  9.84106e-01
  4090.000  9.97511e-01
  4095.000  9.24068e-01
  4100.000  8.38686e-01
  4105.000  8.80407e-01
  4110.000  9.70122e-01
  4115.000  1.00817e+00
  4120.000  1.00210e+00
  4125.000  9.75973e-01
  4130.000  9.51740e-01
  4135.000  9.65156e-01
  4140.000  9.84227e-01
  4145.000  9.73429e-01
  4150.000  9.72260e-01
  4155.000  9.72471e-01
  4160.000  9.93926e-01
  4165.000  9.92176e-01
  4170.000  9.58356e-01
  4175.000  9.34049e-01
  4180.000  9.40842e-01
  4185.000  9.41747e-01
  4190.000  9.46738e-01
  4195.000  9.29488e-01
  4200.000  9.12858e-01
  4205.000  9.57974e-01
  4210.000  1.00129e+00
  4215.000  9.95049e-01
  4220.000  9.53452e-01
  4225.000  8.83585e-01
  4230.000  8.96658e-01
  4235.000  9.24826e-01
  4240.000  9.42473e-01
  4245.000  9.34806e-01
  4250.000  9.09864e-01
  4255.000  9.08420e-01
  4260.000  9.15789e-01
  4265.000  9.12390e-01
  4270.000  8.64865e-01
  4275.000  8.71388e-01
  4280.000  9.02695e-01
  4285.000  8.86512e-01
  4290.000  8.45403e-01
  4295.000  7.86818e-01
  4300.000  6.96120e-01
  4305.000  6.52619e-01
  4310.000  6.94093e-01
  4315.000  8.61021e-01
  4320.000  9.72003e-01
  4325.000  9.53444e-01
  4330.000  9.65911e-01
  4335.000  9.21040e-01
  4340.000  8.53788e-01
  4345.000  9.04223e-01
  4350.000  9.60630e-01
  4355.000  9.87351e-01
  4360.000  1.01664e+00
  4365.000  1.02887e+00
  4370.000  1.00323e+00
  4375.000  9.64771e-01
  4380.000  9.23884e-01
  4385.000  8.87943e-01
  4390.000  9.31171e-01
  4395.000  9.74085e-01
  4400.000  9.82810e-01
  4405.000  9.80564e-01
  4410.000  1.01929e+00
  4415.000  1.04105e+00
  4420.000  1.06410e+00
  4425.000  1.06903e+00
  4430.000  1.06251e+00
  4435.000  1.05042e+00
  4440.000  1.06272e+00
  4445.000  1.07805e+00
  4450.000  1.07417e+00
  4455.000  1.02164e+00
  4460.000  1.00732e+00
  4465.000  1.04401e+00
  4470.000  1.09192e+00
  4475.000  1.11516e+00
  4480.000  1.10205e+00
  4485.000  1.09920e+00
  4490.000  1.10045e+00
  4495.000  1.11264e+00
  4500.000  1.14189e+00
  4505.000  1.16751e+00
  4510.000  1.16892e+00
  4515.000  1.14148e+00
  4520.000  1.11903e+00
  4525.000  1.05889e+00
  4530.000  1.02334e+00
  4535.000  1.06288e+00
  4540.000  1.10613e+00
  4545.000  1.09199e+00
  4550.000  1.07156e+00
  4555.000  1.10012e+00
  4560.000  1.13138e+00
  4565.000  1.13100e+00
  4570.000  1.13672e+00
  4575.000  1.12961e+00
  4580.000  1.10315e+00
  4585.000  1.10210e+00
  4590.000  1.10648e+00
  4595.000  1.09805e+00
  4600.000  1.09520e+00
  4605.000  1.11590e+00
  4610.000  1.13005e+00
  4615.000  1.12775e+00
  4620.000  1.13750e+00
  4625.000  1.13951e+00
  4630.000  1.13380e+00
  4635.000  1.11281e+00
  4640.000  1.10181e+00
  4645.000  1.08170e+00
  4650.000  1.07849e+00
  4655.000  1.10315e+00
  4660.000  1.11831e+00
  4665.000  1.07200e+00
  4670.000  1.06290e+00
  4675.000  1.08319e+00
  4680.000  1.09189e+00
  4685.000  1.10005e+00
  4690.000  1.09973e+00
  4695.000  1.09082e+00
  4700.000  1.05803e+00
  4705.000  1.05023e+00
  4710.000  1.06833e+00
  4715.000  1.10334e+00
  4720.000  1.12973e+00
  4725.000  1.10963e+00
  4730.000  1.07524e+00
  4735.000  1.08483e+00
  4740.000  1.10834e+00
  4745.000  1.12609e+00
  4750.000  1.12045e+00
  4755.000  1.10145e+00
  4760.000  1.09234e+00
  4765.000  1.08209e+00
  4770.000  1.10499e+00
  4775.000  1.13249e+00
  4780.000  1.13516e+00
  4785.000  1.11382e+00
  4790.000  1.10945e+00
  4795.000  1.12842e+00
  4800.000  1.13077e+00
  4805.000  1.11882e+00
  4810.000  1.11283e+00
  4815.000  1.13049e+00
  4820.000  1.13203e+00
  4825.000  1.11532e+00
  4830.000  1.10874e+00
  4835.000  1.10111e+00
  4840.000  1.09051e+00
  4845.000  1.09848e+00
  4850.000  1.07724e+00
  4855.000  9.78746e-01
  4860.000  8.71057e-01
  4865.000  9.20138e-01
  4870.000  9.93945e-01
  4875.000  1.04303e+00
  4880.000  1.07185e+00
  4885.000  1.04618e+00
  4890.000  1.03457e+00
  4895.000  1.08444e+00
  4900.000  1.11493e+00
  4905.000  1.11198e+00
  4910.000  1.08406e+00
  4915.000  1.04806e+00
  4920.000  1.00247e+00
  4925.000  1.04906e+00
  4930.000  1.09746e+00
  4935.000  1.07487e+00
  4940.000  1.06634e+00
  4945.000  1.10498e+00
  4950.000  1.11581e+00
  4955.000  1.07853e+00
  4960.000  1.06781e+00
  4965.000  1.09201e+00
  4970.000  1.09247e+00
  4975.000  1.08222e+00
  4980.000  1.03996e+00
  4985.000  1.03475e+00
  4990.000  1.07180e+00
  4995.000  1.07288e+00
  5000.000  1.05062e+00
  5005.000  1.02021e+00
  5010.000  1.01375e+00
  5015.000  9.98610e-01
  5020.000  1.00514e+00
  5025.000  1.03730e+00
  5030.000  1.05932e+00
  5035.000  1.04147e+00
  5040.000  1.00938e+00
  5045.000  1.02897e+00
  5050.000  1.04737e+00
  5055.000  1.06586e+00
  5060.000  1.08109e+00
  5065.000  1.05964e+00
  5070.000  1.04340e+00
  5075.000  1.02540e+00
  5080.000  1.01283e+00
  5085.000  1.04096e+00
  5090.000  1.06828e+00
  5095.000  1.04717e+00
  5100.000  1.02884e+00
  5105.000  1.03008e+00
  5110.000  1.03916e+00
  5115.000  1.06115e+00
  5120.000  1.04897e+00
  5125.000  1.01943e+00
  5130.000  1.01527e+00
  5135.000  1.00926e+00
  5140.000  9.90184e-01
  5145.000  9.97964e-01
  5150.000  1.01637e+00
  5155.000  1.02943e+00
  5160.000  1.00673e+00
  5165.000  8.91644e-01
  5170.000  8.23366e-01
  5175.000  8.88602e-01
  5180.000  9.13770e-01
  5185.000  9.09038e-01
  5190.000  9.57227e-01
  5195.000  9.87167e-01
  5200.000  1.00815e+00
  5205.000  9.90462e-01
  5210.000  9.93715e-01
  5215.000  1.01867e+00
  5220.000  1.02446e+00
  5225.000  9.88940e-01
  5230.000  9.76666e-01
  5235.000  1.01339e+00
  5240.000  1.05420e+00
  5245.000  1.04958e+00
  5250.000  1.03074e+00
  5255.000  1.03275e+00
  5260.000  1.00548e+00
  5265.000  9.25301e-01
  5270.000  9.13742e-01
  5275.000  9.69930e-01
  5280.000  1.00990e+00
  5285.000  1.04229e+00
  5290.000  1.06321e+00
  5295.000  1.03644e+00
  5300.000  1.01736e+00
  5305.000  1.05027e+00
  5310.000  1.07450e+00
  5315.000  1.06424e+00
  5320.000  1.03037e+00
  5325.000  9.79597e-01
  5330.000  9.84233e-01
  5335.000  1.01863e+00
  5340.000  1.01694e+00
  5345.000  1.02200e+00
  5350.000  1.03714e+00
  5355.000  1.06252e+00
  5360.000  1.05796e+00
  5365.000  1.01493e+00
  5370.000  9.94898e-01
  5375.000  1.02058e+00
  5380.000  1.04021e+00
  5385.000  1.03774e+00
  5390.000  1.02173e+00
  5395.000  1.00117e+00
  5400.000  9.88018e-01
  5405.000  9.75435e-01
  5410.000  9.89970e-01
  5415.000  1.01534e+00
  5420.000  1.02278e+00
  5425.000  1.01540e+00
  5430.000  1.00573e+00
  5435.000  1.02088e+00
  5440.000  1.04581e+00
  5445.000  1.02504e+00
  5450.000  1.01969e+00
  5455.000  1.01982e+00
  5460.000  1.02268e+00
  5465.000  1.02485e+00
  5470.000  1.02407e+00
  5475.000  1.00431e+00
  5480.000  9.98716e-01
  5485.000  1.01603e+00
  5490.000  1.02361e+00
  5495.000  1.02645e+00
  5500.000  1.02314e+00
  5505.000  1.01128e+00
  5510.000  1.00766e+00
  5515.000  1.01769e+00
  5520.000  1.02786e+00
  5525.000  1.00839e+00
  5530.000  9.95580e-01
  5535.000  1.00623e+00
  5540.000  1.01446e+00
  5545.000  1.02291e+00
  5550.000  1.03579e+00
  5555.000  1.02600e+00
  5560.000  1.00979e+00
  5565.000  9.99987e-01
  5570.000  9.85774e-01
  5575.000  9.96308e-01
  5580.000  1.00317e+00
  5585.000  9.72017e-01
  5590.000  9.51389e-01
  5595.000  9.62356e-01
  5600.000  9.68274e-01
  5605.000  9.91870e-01
  5610.000  1.01418e+00
  5615.000  9.85475e-01
  5620.000  9.77003e-01
  5625.000  9.91798e-01
  5630.000  1.00287e+00
  5635.000  9.99024e-01
  5640.000  9.93800e-01
  5645.000  1.00036e+00
  5650.000  1.00363e+00
  5655.000  9.80990e-01
  5660.000  9.66090e-01
  5665.000  9.78790e-01
  5670.000  9.95988e-01
  5675.000  1.00129e+00
  5680.000  9.90128e-01
  5685.000  9.76887e-01
  5690.000  9.83844e-01
  5695.000  9.93423e-01
  5700.000  9.85478e-01
  5705.000  9.63133e-01
  5710.000  9.46715e-01
  5715.000  9.70418e-01
  5720.000  9.98827e-01
  5725.000  1.00995e+00
  5730.000  1.00753e+00
  5735.000  1.00627e+00
  5740.000  1.00499e+00
  5745.000  9.96785e-01
  5750.000  9.86005e-01
  5755.000  9.77923e-01
  5760.000  9.80486e-01
  5765.000  9.89233e-01
  5770.000  9.98086e-01
  5775.000  9.91215e-01
  5780.000  9.72659e-01
  5785.000  9.67996e-01
  5790.000  9.78565e-01
  5795.000  9.86119e-01
  5800.000  9.92440e-01
  5805.000  9.92459e-01
  5810.000  9.89583e-01
  5815.000  9.93285e-01
  5820.000  9.98539e-01
  5825.000  1.00047e+00
  5830.000  1.00125e+00
  5835.000  1.00031e+00
  5840.000  1.00480e+00
  5845.000  9.97713e-01
  5850.000  9.83073e-01
  5855.000  9.64711e-01
  5860.000  9.63660e-01
  5865.000  9.76306e-01
  5870.000  9.90117e-01
  5875.000  9.93651e-01
  5880.000  9.80279e-01
  5885.000  9.36414e-01
  5890.000  8.80882e-01
  5895.000  8.84634e-01
  5900.000  9.36319e-01
  5905.000  9.67248e-01
  5910.000  9.65754e-01
  5915.000  9.62158e-01
  5920.000  9.64644e-01
  5925.000  9.59739e-01
  5930.000  9.54167e-01
  5935.000  9.62117e-01
  5940.000  9.63282e-01
  5945.000  9.54106e-01
  5950.000  9.45275e-01
  5955.000  9.51621e-01
  5960.000  9.56975e-01
  5965.000  9.57732e-01
  5970.000  9.56113e-01
  5975.000  9.47454e-01
  5980.000  9.42227e-01
  5985.000  9.35494e-01
  5990.000  9.39756e-01
  5995.000  9.46718e-01
  6000.000  9.41581e-01
  6005.000  9.31255e-01
  6010.000  9.28113e-01
  6015.000  9.22387e-01
  6020.000  9.15487e-01
  6025.000  9.22294e-01
  6030.000  9.36590e-01
  6035.000  9.44483e-01
  6040.000  9.42276e-01
  6045.000  9.44600e-01
  6050.000  9.43203e-01
  6055.000  9.40348e-01
  6060.000  9.37022e-01
  6065.000  9.37302e-01
  6070.000  9.44079e-01
  6075.000  9.37730e-01
  6080.000  9.23365e-01
  6085.000  9.22472e-01
  6090.000  9.20540e-01
  6095.000  9.17552e-01
  6100.000  9.09478e-01
  6105.000  9.14290e-01
  6110.000  9.25407e-01
  6115.000  9.19066e-01
  6120.000  9.08251e-01
  6125.000  9.13453e-01
  6130.000  9.14213e-01
  6135.000  8.94988e-01
  6140.000  8.93707e-01
  6145.000  9.07686e-01
  6150.000  9.11450e-01
  6155.000  9.01461e-01
  6160.000  8.77425e-01
  6165.000  8.70504e-01
  6170.000  8.83694e-01
  6175.000  9.02729e-01
  6180.000  9.14025e-01
  6185.000  9.09567e-01
  6190.000  8.99182e-01
  6195.000  9.07211e-01
  6200.000  9.18601e-01
  6205.000  9.20861e-01
  6210.000  9.11459e-01
  6215.000  8.99816e-01
  6220.000  8.97840e-01
  6225.000  9.00371e-01
  6230.000  8.90009e-01
  6235.000  8.89914e-01
  6240.000  8.91645e-01
  6245.000  8.84995e-01
  6250.000  8.82685e-01
  6255.000  8.74363e-01
  6260.000  8.80907e-01
  6265.000  8.88584e-01
  6270.000  8.95844e-01
  6275.000  8.84446e-01
  6280.000  8.71340e-01
  6285.000  8.88366e-01
  6290.000  8.93403e-01
  6295.000  8.83873e-01
  6300.000  8.71578e-01
  6305.000  8.79247e-01
  6310.000  8.82429e-01
  6315.000  8.70079e-01
  6320.000  8.72024e-01
  6325.000  8.85587e-01
  6330.000  8.88227e-01
  6335.000  8.75830e-01
  6340.000  8.74041e-01
  6345.000  8.82533e-01
  6350.000  8.86941e-01
  6355.000  8.78723e-01
  6360.000  8.67422e-01
  6365.000  8.70948e-01
  6370.000  8.83124e-01
  6375.000  8.85584e-01
  6380.000  8.81486e-01
  6385.000  8.81575e-01
  6390.000  8.78433e-01
  6395.000  8.68262e-01
  6400.000  8.64959e-01
  6405.000  8.64668e-01
  6410.000  8.60005e-01
  6415.000  8.61260e-01
  6420.000  8.61595e-01
  6425.000  8.69242e-01
  6430.000  8.69200e-01
  6435.000  8.65795e-01
  6440.000  8.67549e-01
  6445.000  8.71708e-01
  6450.000  8.63434e-01
  6455.000  8.59563e-01
  6460.000  8.54425e-01
  6465.000  8.54891e-01
  6470.000  8.59490e-01
  6475.000  8.60400e-01
  6480.000  8.60612e-01
  6485.000  8.60303e-01
  6490.000  8.44957e-01
  6495.000  8.22216e-01
  6500.000  8.40559e-01
  6505.000  8.61233e-01
  6510.000  8.67623e-01
  6515.000  8.58056e-01
  6520.000  8.54604e-01
  6525.000  8.56817e-01
  6530.000  8.57373e-01
  6535.000  8.56350e-01
  6540.000  8.51930e-01
  6545.000  8.43432e-01
  6550.000  8.27816e-01
  6555.000  7.80450e-01
  6560.000  6.92390e-01
  6565.000  7.11242e-01
  6570.000  7.88844e-01
  6575.000  8.25503e-01
  6580.000  8.40141e-01
  6585.000  8.39707e-01
  6590.000  8.33247e-01
  6595.000  8.32675e-01
  6600.000  8.43404e-01
  6605.000  8.39014e-01
  6610.000  8.39047e-01
  6615.000  8.44121e-01
  6620.000  8.46284e-01
  6625.000  8.41410e-01
  6630.000  8.30698e-01
  6635.000  8.26958e-01
  6640.000  8.30757e-01
  6645.000  8.31529e-01
  6650.000  8.35740e-01
  6655.000  8.35794e-01
  6660.000  8.29450e-01
  6665.000  8.26453e-01
  6670.000  8.29759e-01
  6675.000  8.23324e-01
  6680.000  8.21800e-01
  6685.000  8.28000e-01
  6690.000  8.28885e-01
  6695.000  8.24073e-01
  6700.000  8.21649e-01
  6705.000  8.21639e-01
  6710.000  8.20694e-01
  6715.000  8.12485e-01
  6720.000  8.10858e-01
  6725.000  8.15696e-01
  6730.000  8.17796e-01
  6735.000  8.18808e-01
  6740.000  8.17750e-01
  6745.000  8.15413e-01
  6750.000  8.12663e-01
  6755.000  8.14398e-01
  6760.000  8.15935e-01
  6765.000  8.11957e-01
  6770.000  8.07737e-01
  6775.000  8.11292e-01
  6780.000  8.12913e-01
  6785.000  8.12185e-01
  6790.000  8.12556e-01
  6795.000  8.09360e-01
  6800.000  8.08936e-01
  6805.000  8.06182e-01
  6810.000  8.07216e-01
  6815.000  8.08478e-01
  6820.000  8.07398e-01
  6825.000  8.07382e-01
  6830.000  8.04835e-01
  6835.000  8.00275e-01
  6840.000  7.95609e-01
  6845.000  7.94537e-01
  6850.000  7.96489e-01
  6855.000  7.94921e-01
  6860.000  7.93806e-01
  6865.000  7.95883e-01
  6870.000  7.95046e-01
  6875.000  7.96145e-01
  6880.000  7.95985e-01
  6885.000  7.93245e-01
  6890.000  7.93170e-01
  6895.000  7.93507e-01
  6900.000  7.93695e-01
  6905.000  7.93928e-01
  6910.000  7.93120e-01
  6915.000  7.90206e-01
  6920.000  7.89170e-01
  6925.000  7.90324e-01
  6930.000  7.90505e-01
  6935.000  7.91335e-01
  6940.000  7.89982e-01
  6945.000  7.87735e-01
  6950.000  7.88032e-01
  6955.000  7.88212e-01
  6960.000  7.89064e-01
  6965.000  7.90837e-01
  6970.000  7.91169e-01
  6975.000  7.82555e-01
  6980.000  7.79749e-01
  6985.000  7.86410e-01
  6990.000  7.85492e-01
  6995.000  7.83309e-01
  7000.000  7.76015e-01
  7005.000  7.70033e-01
  7010.000  7.73020e-01
  7015.000  7.67284e-01
  7020.000  7.68585e-01
  7025.000  7.67883e-01
  7030.000  7.73244e-01
  7035.000  7.70708e-01
  7040.000  7.74885e-01
  7045.000  7.83386e-01
  7050.000  7.79925e-01
  7055.000  7.73857e-01
  7060.000  7.71932e-01
  7065.000  7.70422e-01
  7070.000  7.72711e-01
  7075.000  7.76206e-01
  7080.000  7.73112e-01
  7085.000  7.64940e-01
  7090.000  7.64888e-01
  7095.000  7.70268e-01
  7100.000  7.74676e-01
  7105.000  7.73710e-01
  7110.000  7.68156e-01
  7115.000  7.65904e-01
  7120.000  7.67442e-01
  7125.000  7.65305e-01
  7130.000  7.64639e-01
  7135.000  7.70658e-01
  7140.000  7.75775e-01
  7145.000  7.64908e-01
  7150.000  7.58747e-01
  7155.000  7.67353e-01
  7160.000  7.64381e-01
  7165.000  7.47413e-01
  7170.000  7.43430e-01
  7175.000  7.36048e-01
  7180.000  7.28280e-01
  7185.000  7.06308e-01
  7190.000  6.99458e-01
  7195.000  7.08488e-01
  7200.000  7.15763e-01
  7205.000  7.21104e-01
  7210.000  7.37996e-01
  7215.000  7.52626e-01
  7220.000  7.52490e-01
  7225.000  7.51857e-01
  7230.000  7.47519e-01
  7235.000  7.33027e-01
  7240.000  7.31210e-01
  7245.000  7.34263e-01
  7250.000  7.37737e-01
  7255.000  7.33353e-01
  7260.000  7.34414e-01
  7265.000  7.33998e-01
  7270.000  7.34189e-01
  7275.000  7.22197e-01
  7280.000  7.20528e-01
  7285.000  7.17270e-01
  7290.000  7.05044e-01
  7295.000  7.16439e-01
  7300.000  7.29109e-01
  7305.000  7.19806e-01
  7310.000  7.17306e-01
  7315.000  7.27355e-01
  7320.000  7.31458e-01
  7325.000  7.26928e-01
  7330.000  7.23875e-01
  7335.000  7.30554e-01
  7340.000  7.38515e-01
  7345.000  7.35201e-01
  7350.000  7.26185e-01
  7355.000  7.20442e-01
  7360.000  7.22637e-01
  7365.000  7.23290e-01
  7370.000  7.26164e-01
  7375.000  7.27337e-01
  7380.000  7.24242e-01
  7385.000  7.07042e-01
  7390.000  6.98474e-01
  7395.000  7.08286e-01
  7400.000  7.13472e-01
  7405.000  7.11745e-01
  7410.000  7.01639e-01
  7415.000  6.99265e-01
  7420.000  7.03161e-01
  7425.000  7.13703e-01
  7430.000  7.23088e-01
  7435.000  7.25638e-01
  7440.000  7.18455e-01
  7445.000  7.09469e-01
  7450.000  7.14362e-01
  7455.000  7.20681e-01
  7460.000  7.18446e-01
  7465.000  7.20477e-01
  7470.000  7.24471e-01
  7475.000  7.20318e-01
  7480.000  7.16198e-01
  7485.000  7.15309e-01
  7490.000  7.10614e-01
  7495.000  7.03404e-01
  7500.000  7.06395e-01
  7505.000  7.05196e-01
  7510.000  6.97315e-01
  7515.000  7.03980e-01
  7520.000  7.07967e-01
  7525.000  7.02271e-01
  7530.000  7.00020e-01
  7535.000  7.05758e-01
  7540.000  7.10571e-01
  7545.000  7.08382e-01
  7550.000  7.05093e-01
  7555.000  7.02211e-01
  7560.000  7.01111e-01
  7565.000  7.01478e-01
  7570.000  6.99346e-01
  7575.000  6.99283e-01
  7580.000  6.98186e-01
  7585.000  6.96916e-01
  7590.000  7.01046e-01
  7595.000  7.04924e-01
  7600.000  7.04533e-01
  7605.000  6.99822e-01
  7610.000  6.93765e-01
  7615.000  6.90196e-01
  7620.000  6.91631e-01
  7625.000  6.94484e-01
  7630.000  6.94886e-01
  7635.000  6.96026e-01
  7640.000  6.95744e-01
  7645.000  6.94091e-01
  7650.000  6.92129e-01
  7655.000  6.88083e-01
  7660.000  6.83185e-01
  7665.000  6.82113e-01
  7670.000  6.86186e-01
  7675.000  6.89467e-01
  7680.000  6.88437e-01
  7685.000  6.86372e-01
  7690.000  6.85257e-01
  7695.000  6.82882e-01
  7700.000  6.83669e-01
  7705.000  6.85430e-01
  7710.000  6.84312e-01
  7715.000  6.81220e-01
  7720.000  6.80800e-01
  7725.000  6.79069e-01
  7730.000  6.78383e-01
  7735.000  6.82685e-01
  7740.000  6.80344e-01
  7745.000  6.68805e-01
  7750.000  6.64765e-01
  7755.000  6.74443e-01
  7760.000  6.79326e-01
  7765.000  6.80625e-01
  7770.000  6.75970e-01
  7775.000  6.68990e-01
  7780.000  6.66127e-01
  7785.000  6.69086e-01
  7790.000  6.71058e-01
  7795.000  6.70165e-01
  7800.000  6.67622e-01
  7805.000  6.67474e-01
  7810.000  6.67013e-01
  7815.000  6.71796e-01
  7820.000  6.73455e-01
  7825.000  6.72676e-01
  7830.000  6.63908e-01
  7835.000  6.57882e-01
  7840.000  6.63534e-01
  7845.000  6.65769e-01
  7850.000  6.64377e-01
  7855.000  6.65293e-01
  7860.000  6.66835e-01
  7865.000  6.65541e-01
  7870.000  6.63438e-01
  7875.000  6.62049e-01
  7880.000  6.58992e-01
  7885.000  6.64705e-01
  7890.000  6.63347e-01
  7895.000  6.56459e-01
  7900.000  6.53854e-01
  7905.000  6.56381e-01
  7910.000  6.56380e-01
  7915.000  6.52558e-01
  7920.000  6.47379e-01
  7925.000  6.46199e-01
  7930.000  6.42579e-01
  7935.000  6.37595e-01
  7940.000  6.36736e-01
  7945.000  6.33067e-01
  7950.000  6.39264e-01
  7955.000  6.45642e-01
  7960.000  6.46332e-01
  7965.000  6.48742e-01
  7970.000  6.50563e-01
  7975.000  6.50891e-01
  7980.000  6.50396e-01
  7985.000  6.50655e-01
  7990.000  6.48909e-01
  7995.000  6.39733e-01
  8000.000  6.32408e-01
  8005.000  6.37529e-01
  8010.000  6.40617e-01
  8015.000  6.42993e-01
  8020.000  6.42230e-01
  8025.000  6.33929e-01
  8030.000  6.30272e-01
  8035.000  6.35481e-01
  8040.000  6.37217e-01
  8045.000  6.28279e-01
  8050.000  6.25676e-01
  8055.000  6.33726e-01
  8060.000  6.39763e-01
  8065.000  6.36563e-01
  8070.000  6.32635e-01
  8075.000  6.32108e-01
  8080.000  6.33137e-01
  8085.000  6.28983e-01
  8090.000  6.26730e-01
  8095.000  6.21499e-01
  8100.000  6.21456e-01
  8105.000  6.27417e-01
  8110.000  6.30883e-01
  8115.000  6.27897e-01
  8120.000  6.26697e-01
  8125.000  6.28785e-01
  8130.000  6.26399e-01
  8135.000  6.22677e-01
  8140.000  6.18581e-01
  8145.000  6.12767e-01
  8150.000  6.08805e-01
  8155.000  6.08553e-01
  8160.000  6.06221e-01
  8165.000  5.99255e-01
  8170.000  5.98151e-01
  8175.000  5.98969e-01
  8180.000  5.96189e-01
  8185.000  5.93318e-01
  8190.000  5.93088e-01
  8195.000  5.82209e-01
  8200.000  5.84347e-01
  8205.000  6.03927e-01
  8210.000  6.11909e-01
  8215.000  6.08786e-01
  8220.000  5.95491e-01
  8225.000  5.83771e-01
  8230.000  5.73048e-01
  8235.000  5.88109e-01
  8240.000  6.02611e-01
  8245.000  6.06225e-01
  8250.000  6.06182e-01
  8255.000  6.01318e-01
  8260.000  6.03953e-01
  8265.000  6.10054e-01
  8270.000  6.08629e-01
  8275.000  5.97766e-01
  8280.000  5.92641e-01
  8285.000  5.93902e-01
  8290.000  5.91942e-01
  8295.000  5.92002e-01
  8300.000  5.92872e-01
  8305.000  5.91201e-01
  8310.000  5.90469e-01
  8315.000  5.89907e-01
  8320.000  5.88485e-01
  8325.000  5.87144e-01
  8330.000  5.81086e-01
  8335.000  5.77415e-01
  8340.000  5.77606e-01
  8345.000  5.81247e-01
  8350.000  5.89313e-01
  8355.000  5.94596e-01
  8360.000  5.92246e-01
  8365.000  5.89839e-01
  8370.000  5.89367e-01
  8375.000  5.89758e-01
  8380.000  5.88394e-01
  8385.000  5.80767e-01
  8390.000  5.79495e-01
  8395.000  5.86767e-01
  8400.000  5.90153e-01
  8405.000  5.87659e-01
  8410.000  5.85979e-01
  8415.000  5.84813e-01
  8420.000  5.82816e-01
  8425.000  5.81878e-01
  8430.000  5.82306e-01
  8435.000  5.77615e-01
  8440.000  5.76943e-01
  8445.000  5.78018e-01
  8450.000  5.81426e-01
  8455.000  5.86382e-01
  8460.000  5.86966e-01
  8465.000  5.80400e-01
  8470.000  5.74977e-01
  8475.000  5.78963e-01
  8480.000  5.81099e-01
  8485.000  5.82478e-01
  8490.000  5.75734e-01
  8495.000  5.41112e-01
  8500.000  5.18919e-01
  8505.000  5.48519e-01
  8510.000  5.66907e-01
  8515.000  5.61876e-01
  8520.000  5.62967e-01
  8525.000  5.60720e-01
  8530.000  5.56593e-01
  8535.000  5.33104e-01
  8540.000  4.70578e-01
  8545.000  4.55200e-01
  8550.000  4.93179e-01
  8555.000  5.28126e-01
  8560.000  5.48589e-01
  8565.000  5.57109e-01
  8570.000  5.56065e-01
  8575.000  5.54502e-01
  8580.000  5.51658e-01
  8585.000  5.50155e-01
  8590.000  5.49889e-01
  8595.000  5.47927e-01
  8600.000  5.48112e-01
  8605.000  5.51382e-01
  8610.000  5.49207e-01
  8615.000  5.45339e-01
  8620.000  5.47508e-01
  8625.000  5.49927e-01
  8630.000  5.53501e-01
  8635.000  5.55455e-01
  8640.000  5.53612e-01
  8645.000  5.48326e-01
  8650.000  5.43854e-01
  8655.000  5.28390e-01
  8660.000  4.83386e-01
  8665.000  4.59981e-01
  8670.000  4.84862e-01
  8675.000  5.15558e-01
  8680.000  5.34187e-01
  8685.000  5.32410e-01
  8690.000  5.28819e-01
  8695.000  5.41546e-01
  8700.000  5.52242e-01
  8705.000  5.52452e-01
  8710.000  5.47124e-01
  8715.000  5.46700e-01
  8720.000  5.50689e-01
  8725.000  5.49280e-01
  8730.000  5.45693e-01
  8735.000  5.41498e-01
  8740.000  5.41167e-01
  8745.000  5.42470e-01
  8750.000  5.39118e-01
  8755.000  5.37752e-01
  8760.000  5.42509e-01
  8765.000  5.44149e-01
  8770.000  5.42620e-01
  8775.000  5.42143e-01
  8780.000  5.44172e-01
  8785.000  5.42028e-01
  8790.000  5.35469e-01
  8795.000  5.34685e-01
  8800.000  5.33454e-01
  8805.000  5.19369e-01
  8810.000  5.19803e-01
  8815.000  5.34331e-01
  8820.000  5.37004e-01
  8825.000  5.33475e-01
  8830.000  5.37002e-01
  8835.000  5.32539e-01
  8840.000  5.28836e-01
  8845.000  5.32877e-01
  8850.000  5.35338e-01
  8855.000  5.33999e-01
  8860.000  5.26584e-01
  8865.000  5.19002e-01
  8870.000  5.21219e-01
  8875.000  5.27849e-01
  8880.000  5.30812e-01
  8885.000  5.33406e-01
  8890.000  5.33253e-01
  8895.000  5.29767e-01
  8900.000  5.30621e-01
  8905.000  5.33929e-01
  8910.000  5.31850e-01
  8915.000  5.30904e-01
  8920.000  5.27219e-01
  8925.000  5.22237e-01
  8930.000  5.21325e-01
  8935.000  5.27223e-01
  8940.000  5.27244e-01
  8945.000  5.21045e-01
  8950.000  5.18661e-01
  8955.000  5.21846e-01
  8960.000  5.20934e-01
  8965.000  5.16380e-01
  8970.000  5.14718e-01
  8975.000  5.14993e-01
  8980.000  5.19719e-01
  8985.000  5.11104e-01
  8990.000  5.00889e-01
  8995.000  5.19686e-01
  9000.000  5.10414e-01
  9005.000  5.04233e-01
  9010.000  5.07196e-01
  9015.000  5.02798e-01
  9020.000  5.07463e-01
  9025.000  5.09525e-01
  9030.000  5.20743e-01
  9035.000  5.28254e-01
  9040.000  5.26047e-01
  9045.000  5.25391e-01
  9050.000  5.24824e-01
  9055.000  5.22752e-01
  9060.000  5.13013e-01
  9065.000  5.08522e-01
  9070.000  5.09038e-01
  9075.000  5.08574e-01
  9080.000  5.01736e-01
  9085.000  4.98862e-01
  9090.000  4.95238e-01
  9095.000  4.93051e-01
  9100.000  4.98726e-01
  9105.000  5.04248e-01
  9110.000  5.07130e-01
  9115.000  5.03796e-01
  9120.000  5.04595e-01
  9125.000  5.08993e-01
  9130.000  5.01844e-01
  9135.000  4.97631e-01
  9140.000  5.05696e-01
  9145.000  5.04413e-01
  9150.000  4.95708e-01
  9155.000  4.90877e-01
  9160.000  5.03130e-01
  9165.000  5.07556e-01
  9170.000  4.98205e-01
  9175.000  4.92865e-01
  9180.000  4.98245e-01
  9185.000  5.04985e-01
  9190.000  5.03994e-01
  9195.000  5.01370e-01
  9200.000  5.05411e-01
  9205.000  5.03588e-01
  9210.000  4.95978e-01
  9215.000  4.90336e-01
  9220.000  4.94961e-01
  9225.000  5.05156e-01
  9230.000  5.02255e-01
  9235.000  4.93773e-01
  9240.000  4.91874e-01
  9245.000  4.95033e-01
  9250.000  4.94855e-01
  9255.000  4.88905e-01
  9260.000  4.89381e-01
  9265.000  5.02154e-01
  9270.000  5.07256e-01
  9275.000  5.06449e-01
  9280.000  5.04406e-01
  9285.000  5.03810e-01
  9290.000  5.03213e-01
  9295.000  4.97074e-01
  9300.000  4.96119e-01
  9305.000  4.88078e-01
  9310.000  4.85696e-01
  9315.000  4.75526e-01
  9320.000  4.64529e-01
  9325.000  4.64446e-01
  9330.000  4.68864e-01
  9335.000  4.55123e-01
  9340.000  4.45558e-01
  9345.000  4.41646e-01
  9350.000  4.66603e-01
  9355.000  4.50737e-01
  9360.000  4.57718e-01
  9365.000  4.68573e-01
  9370.000  4.62417e-01
  9375.000  4.66412e-01
  9380.000  4.69436e-01
  9385.000  4.84521e-01
  9390.000  5.03170e-01
  9395.000  5.16482e-01
  9400.000  5.05362e-01
  9405.000  4.95938e-01
  9410.000  4.80549e-01
  9415.000  4.77481e-01
  9420.000  4.78069e-01
  9425.000  4.67333e-01
  9430.000  4.62439e-01
  9435.000  4.70023e-01
  9440.000  4.43009e-01
  9445.000  4.58991e-01
  9450.000  4.78589e-01
  9455.000  4.61817e-01
  9460.000  4.54430e-01
  9465.000  4.74806e-01
  9470.000  4.78944e-01
  9475.000  4.72438e-01
  9480.000  4.65421e-01
  9485.000  4.76001e-01
  9490.000  4.85216e-01
  9495.000  4.60394e-01
  9500.000  4.45872e-01
  9505.000  4.75539e-01
  9510.000  4.87561e-01
  9515.000  4.70495e-01
  9520.000  4.51242e-01
  9525.000  4.59976e-01
  9530.000  4.67631e-01
  9535.000  4.76545e-01
  9540.000  4.77428e-01
  9545.000  4.61580e-01
  9550.000  4.62153e-01
  9555.000  4.57716e-01
  9560.000  4.60379e-01
  9565.000  4.56007e-01
  9570.000  4.57123e-01
  9575.000  4.69002e-01
  9580.000  4.59083e-01
  9585.000  4.55889e-01
  9590.000  4.50201e-01
  9595.000  4.55455e-01
  9600.000  4.62730e-01
  9605.000  4.58551e-01
  9610.000  4.59004e-01
  9615.000  4.56447e-01
  9620.000  4.52397e-01
  9625.000  4.48754e-01
  9630.000  4.48661e-01
  9635.000  4.41023e-01
  9640.000  4.39934e-01
  9645.000  4.39030e-01
  9650.000  4.39194e-01
  9655.000  4.39706e-01
  9660.000  4.41959e-01
  9665.000  4.42416e-01
  9670.000  4.50579e-01
  9675.000  4.59629e-01
  9680.000  4.61718e-01
  9685.000  4.65253e-01
  9690.000  4.65917e-01
  9695.000  4.68454e-01
  9700.000  4.62948e-01
  9705.000  4.59854e-01
  9710.000  4.63764e-01
  9715.000  4.65608e-01
  9720.000  4.62434e-01
  9725.000  4.59248e-01
  9730.000  4.58861e-01
  9735.000  4.50407e-01
  9740.000  4.41496e-01
  9745.000  4.39500e-01
  9750.000  4.37174e-01
  9755.000  4.29915e-01
  9760.000  4.26948e-01
  9765.000  4.31041e-01
  9770.000  4.34496e-01
  9775.000  4.32595e-01
  9780.000  4.37481e-01
  9785.000  4.39542e-01
  9790.000  4.33000e-01
  9795.000  4.29809e-01
  9800.000  4.32330e-01
  9805.000  4.35064e-01
  9810.000  4.39696e-01
  9815.000  4.34857e-01
  9820.000  4.43793e-01
  9825.000  4.38544e-01
  9830.000  4.41588e-01
  9835.000  4.42566e-01
  9840.000  4.44898e-01
  9845.000  4.33231e-01
  9850.000  4.39232e-01
  9855.000  4.40228e-01
  9860.000  4.31162e-01
  9865.000  4.31703e-01
  9870.000  4.30814e-01
  9875.000  4.32203e-01
  9880.000  4.36179e-01
  9885.000  4.31334e-01
  9890.000  4.34920e-01
  9895.000  4.33698e-01
  9900.000  4.32012e-01
  9905.000  4.38060e-01
  9910.000  4.32614e-01
  9915.000  4.21319e-01
  9920.000  4.33935e-01
  9925.000  4.29554e-01
  9930.000  4.25654e-01
  9935.000  4.24976e-01
  9940.000  4.35930e-01
  9945.000  4.34684e-01
  9950.000  4.30893e-01
  9955.000  4.33336e-01
  9960.000  4.30942e-01
  9965.000  4.32009e-01
  9970.000  4.28170e-01
  9975.000  4.29406e-01
  9980.000  4.32578e-01
  9985.000  4.23996e-01
  9990.000  4.29640e-01
  9995.000  4.31518e-01
 10000.000  4.22387e-01
 10005.000  4.28724e-01
 10010.000  4.22733e-01
 10015.000  4.20320e-01
 10020.000  4.34482e-01
 10025.000  4.25183e-01
 10030.000  4.26962e-01
 10035.000  4.20146e-01
 10040.000  4.14841e-01
 10045.000  4.09894e-01
 10050.000  3.99655e-01
 10055.000  4.06965e-01
 10060.000  4.14905e-01
 10065.000  4.10252e-01
 10070.000  4.10158e-01
 10075.000  4.21878e-01
 10080.000  4.20582e-01
 10085.000  4.15651e-01
 10090.000  4.13862e-01
 10095.000  4.07402e-01
 10100.000  4.13436e-01
 10105.000  4.15776e-01
 10110.000  4.18556e-01
 10115.000  4.15105e-01
 10120.000  4.15051e-01
 10125.000  4.06084e-01
 10130.000  4.09849e-01
 10135.000  4.10214e-01
 10140.000  4.03862e-01
 10145.000  4.10259e-01
 10150.000  4.13868e-01
 10155.000  4.12187e-01
 10160.000  4.10892e-01
 10165.000  4.14793e-01
 10170.000  4.13951e-01
 10175.000  4.01412e-01
 10180.000  4.05233e-01
 10185.000  4.06446e-01
 10190.000  4.09123e-01
 10195.000  4.11669e-01
 10200.000  4.12489e-01
 10205.000  4.10530e-01
 10210.000  4.06912e-01
 10215.000  4.03298e-01
 10220.000  4.01348e-01
 10225.000  4.02160e-01
 10230.000  4.04572e-01
 10235.000  4.06859e-01
 10240.000  4.07291e-01
 10245.000  4.04713e-01
 10250.000  4.00242e-01
 10255.000  3.95568e-01
 10260.000  3.92376e-01
 10265.000  3.91892e-01
 10270.000  3.93482e-01
 10275.000  3.96048e-01
 10280.000  3.98492e-01
 10285.000  3.99941e-01
 10290.000  4.00416e-01
 10295.000  4.00159e-01
 10300.000  3.99417e-01
 10305.000  3.98373e-01
 10310.000  3.96967e-01
 10315.000  3.95079e-01
 10320.000  3.92589e-01
 10325.000  3.89515e-01
 10330.000  3.86418e-01
 10335.000  3.83998e-01
 10340.000  3.82956e-01
 10345.000  3.83712e-01
 10350.000  3.85579e-01
 10355.000  3.87588e-01
 10360.000  3.88773e-01
 10365.000  3.88529e-01
 10370.000  3.87701e-01
 10375.000  3.87496e-01
 10380.000  3.89121e-01
 10385.000  3.93270e-01
 10390.000  3.98586e-01
 10395.000  4.03199e-01
 10400.000  4.05239e-01
 10405.000  4.03466e-01
 10410.000  3.99161e-01
 10415.000  3.94237e-01
 10420.000  3.90606e-01
 10425.000  3.89590e-01
 10430.000  3.90155e-01
 10435.000  3.90677e-01
 10440.000  3.89533e-01
 10445.000  3.85695e-01
 10450.000  3.80521e-01
 10455.000  3.75968e-01
 10460.000  3.73989e-01
 10465.000  3.75877e-01
 10470.000  3.80268e-01
 10475.000  3.85136e-01
 10480.000  3.88455e-01
 10485.000  3.88775e-01
 10490.000  3.86956e-01
 10495.000  3.84435e-01
 10500.000  3.82649e-01
