# pickles/m2i  |  Pickles 1998, PASP 110, 863
# columns: wavelength_Angstrom  flam_erg_s_cm2_A (absolute scale arbitrary - ETC renormalizes)
  1150.000  0.00000e+00
  1155.000  0.00000e+00
  1160.000  0.00000e+00
  1165.000  0.00000e+00
  1170.000  0.00000e+00
  1175.000  0.00000e+00
  1180.000  0.00000e+00
  1185.000  0.00000e+00
  1190.000  0.00000e+00
  1195.000  0.00000e+00
  1200.000  0.00000e+00
  1205.000  0.00000e+00
  1210.000  0.00000e+00
  1215.000  0.00000e+00
  1220.000  0.00000e+00
  1225.000  0.00000e+00
  1230.000  0.00000e+00
  1235.000  0.00000e+00
  1240.000  0.00000e+00
  1245.000  0.00000e+00
  1250.000  0.00000e+00
  1255.000  0.00000e+00
  1260.000  0.00000e+00
  1265.000  0.00000e+00
  1270.000  0.00000e+00
  1275.000  0.00000e+00
  1280.000  0.00000e+00
  1285.000  0.00000e+00
  1290.000  0.00000e+00
  1295.000  0.00000e+00
  1300.000  0.00000e+00
  1305.000  0.00000e+00
  1310.000  0.00000e+00
  1315.000  0.00000e+00
  1320.000  0.00000e+00
  1325.000  0.00000e+00
  1330.000  0.00000e+00
  1335.000  0.00000e+00
  1340.000  0.00000e+00
  1345.000  0.00000e+00
  1350.000  0.00000e+00
  1355.000  0.00000e+00
  1360.000  0.00000e+00
  1365.000  0.00000e+00
  1370.000  0.00000e+00
  1375.000  0.00000e+00
  1380.000  0.00000e+00
  1385.000  0.00000e+00
  1390.000  0.00000e+00
  1395.000  0.00000e+00
  1400.000  0.00000e+00
  1405.000  0.00000e+00
  1410.000  0.00000e+00
  1415.000  0.00000e+00
  1420.000  0.00000e+00
  1425.000  0.00000e+00
  1430.000  0.00000e+00
  1435.000  0.00000e+00
  1440.000  0.00000e+00
  1445.000  0.00000e+00
  1450.000  0.00000e+00
  1455.000  0.00000e+00
  1460.000  0.00000e+00
  1465.000  0.00000e+00
  1470.000  0.00000e+00
  1475.000  0.00000e+00
  1480.000  0.00000e+00
  1485.000  0.00000e+00
  1490.000  0.00000e+00
  1495.000  0.00000e+00
  1500.000  0.00000e+00
  1505.000  0.00000e+00
  1510.000  0.00000e+00
  1515.000  0.00000e+00
  1520.000  0.00000e+00
  1525.000  0.00000e+00
  1530.000  0.00000e+00
  1535.000  0.00000e+00
  1540.000  0.00000e+00
  1545.000  0.00000e+00
  1550.000  0.00000e+00
  1555.000  0.00000e+00
  1560.000  0.00000e+00
  1565.000  0.00000e+00
  1570.000  0.00000e+00
  1575.000  0.00000e+00
  1580.000  0.00000e+00
  1585.000  0.00000e+00
  1590.000  0.00000e+00
  1595.000  0.00000e+00
  1600.000  0.00000e+00
  1605.000  0.00000e+00
  1610.000  0.00000e+00
  1615.000  0.00000e+00
  1620.000  0.00000e+00
  1625.000  0.00000e+00
  1630.000  0.00000e+00
  1635.000  0.00000e+00
  1640.000  0.00000e+00
  1645.000  0.00000e+00
  1650.000  0.00000e+00
  1655.000  0.00000e+00
  1660.000  0.00000e+00
  1665.000  0.00000e+00
  1670.000  0.00000e+00
  1675.000  0.00000e+00
  1680.000  0.00000e+00
  1685.000  0.00000e+00
  1690.000  0.00000e+00
  1695.000  0.00000e+00
  1700.000  0.00000e+00
  1705.000  0.00000e+00
  1710.000  0.00000e+00
  1715.000  0.00000e+00
  1720.000  0.00000e+00
  1725.000  0.00000e+00
  1730.000  0.00000e+00
  1735.000  0.00000e+00
  1740.000  0.00000e+00
  1745.000  0.00000e+00
  1750.000  0.00000e+00
  1755.000  0.00000e+00
  1760.000  0.00000e+00
  1765.000  0.00000e+00
  1770.000  0.00000e+00
  1775.000  0.00000e+00
  1780.000  0.00000e+00
  1785.000  0.00000e+00
  1790.000  0.00000e+00
  1795.000  0.00000e+00
  1800.000  0.00000e+00
  1805.000  0.00000e+00
  1810.000  0.00000e+00
  1815.000  0.00000e+00
  1820.000  0.00000e+00
  1825.000  0.00000e+00
  1830.000  0.00000e+00
  1835.000  0.00000e+00
  1840.000  0.00000e+00
  1845.000  0.00000e+00
  1850.000  0.00000e+00
  1855.000  0.00000e+00
  1860.000  0.00000e+00
  1865.000  0.00000e+00
  1870.000  0.00000e+00
  1875.000  0.00000e+00
  1880.000  0.00000e+00
  1885.000  0.00000e+00
  1890.000  0.00000e+00
  1895.000  0.00000e+00
  1900.000  0.00000e+00
  1905.000  0.00000e+00
  1910.000  0.00000e+00
  1915.000  0.00000e+00
  1920.000  0.00000e+00
  1925.000  0.00000e+00
  1930.000  0.00000e+00
  1935.000  0.00000e+00
  1940.000  0.00000e+00
  1945.000  0.00000e+00
  1950.000  0.00000e+00
  1955.000  0.00000e+00
  1960.000  0.00000e+00
  1965.000  0.00000e+00
  1970.000  0.00000e+00
  1975.000  0.00000e+00
  1980.000  0.00000e+00
  1985.000  0.00000e+00
  1990.000  0.00000e+00
  1995.000  0.00000e+00
  2000.000  0.00000e+00
  2005.000  0.00000e+00
  2010.000  0.00000e+00
  2015.000  0.00000e+00
  2020.000  0.00000e+00
  2025.000  0.00000e+00
  2030.000  0.00000e+00
  2035.000  0.00000e+00
  2040.000  0.00000e+00
  2045.000  0.00000e+00
  2050.000  0.00000e+00
  2055.000  0.00000e+00
  2060.000  0.00000e+00
  2065.000  0.00000e+00
  2070.000  0.00000e+00
  2075.000  0.00000e+00
  2080.000  0.00000e+00
  2085.000  0.00000e+00
  2090.000  0.00000e+00
  2095.000  0.00000e+00
  2100.000  0.00000e+00
  2105.000  0.00000e+00
  2110.000  0.00000e+00
  2115.000  0.00000e+00
  2120.000  0.00000e+00
  2125.000  0.00000e+00
  2130.000  0.00000e+00
  2135.000  0.00000e+00
  2140.000  0.00000e+00
  2145.000  0.00000e+00
  2150.000  0.00000e+00
  2155.000  0.00000e+00
  2160.000  0.00000e+00
  2165.000  0.00000e+00
  2170.000  0.00000e+00
  2175.000  0.00000e+00
  2180.000  0.00000e+00
  2185.000  0.00000e+00
  2190.000  0.00000e+00
  2195.000  0.00000e+00
  2200.000  0.00000e+00
  2205.000  0.00000e+00
  2210.000  0.00000e+00
  2215.000  0.00000e+00
  2220.000  0.00000e+00
  2225.000  0.00000e+00
  2230.000  0.00000e+00
  2235.000  0.00000e+00
  2240.000  0.00000e+00
  2245.000  0.00000e+00
  2250.000  0.00000e+00
  2255.000  0.00000e+00
  2260.000  0.00000e+00
  2265.000  0.00000e+00
  2270.000  0.00000e+00
  2275.000  0.00000e+00
  2280.000  0.00000e+00
  2285.000  0.00000e+00
  2290.000  0.00000e+00
  2295.000  0.00000e+00
  2300.000  0.00000e+00
  2305.000  0.00000e+00
  2310.000  0.00000e+00
  2315.000  0.00000e+00
  2320.000  0.00000e+00
  2325.000  0.00000e+00
  2330.000  0.00000e+00
  2335.000  0.00000e+00
  2340.000  0.00000e+00
  2345.000  0.00000e+00
  2350.000  0.00000e+00
  2355.000  0.00000e+00
  2360.000  0.00000e+00
  2365.000  0.00000e+00
  2370.000  0.00000e+00
  2375.000  0.00000e+00
  2380.000  0.00000e+00
  2385.000  0.00000e+00
  2390.000  0.00000e+00
  2395.000  0.00000e+00
  2400.000  0.00000e+00
  2405.000  0.00000e+00
  2410.000  0.00000e+00
  2415.000  0.00000e+00
  2420.000  0.00000e+00
  2425.000  0.00000e+00
  2430.000  0.00000e+00
  2435.000  0.00000e+00
  2440.000  0.00000e+00
  2445.000  0.00000e+00
  2450.000  0.00000e+00
  2455.000  0.00000e+00
  2460.000  0.00000e+00
  2465.000  0.00000e+00
  2470.000  0.00000e+00
  2475.000  0.00000e+00
  2480.000  0.00000e+00
  2485.000  0.00000e+00
  2490.000  0.00000e+00
  2495.000  0.00000e+00
  2500.000  0.00000e+00
  2505.000  0.00000e+00
  2510.000  0.00000e+00
  2515.000  0.00000e+00
  2520.000  0.00000e+00
  2525.000  1.00000e-06
  2530.000  1.00000e-06
  2535.000  1.00000e-06
  2540.000  0.00000e+00
  2545.000  0.00000e+00
  2550.000  0.00000e+00
  2555.000  0.00000e+00
  2560.000  0.00000e+00
  2565.000  0.00000e+00
  2570.000  0.00000e+00
  2575.000  0.00000e+00
  2580.000  0.00000e+00
  2585.000  0.00000e+00
  2590.000  0.00000e+00
  2595.000  0.00000e+00
  2600.000  0.00000e+00
  2605.000  1.00000e-06
  2610.000  3.00000e-06
  2615.000  5.00000e-06
  2620.000  6.00000e-06
  2625.000  7.00000e-06
  2630.000  8.00000e-06
  2635.000  8.00000e-06
  2640.000  6.00000e-06
  2645.000  4.00000e-06
  2650.000  0.00000e+00
  2655.000  0.00000e+00
  2660.000  0.00000e+00
  2665.000  0.00000e+00
  2670.000  0.00000e+00
  2675.000  0.00000e+00
  2680.000  0.00000e+00
  2685.000  0.00000e+00
  2690.000  0.00000e+00
  2695.000  0.00000e+00
  2700.000  0.00000e+00
  2705.000  2.00000e-05
  2710.000  4.30000e-05
  2715.000  6.70000e-05
  2720.000  8.70000e-05
  2725.000  1.03000e-04
  2730.000  1.10000e-04
  2735.000  1.06000e-04
  2740.000  8.90000e-05
  2745.000  5.40000e-05
  2750.000  0.00000e+00
  2755.000  0.00000e+00
  2760.000  0.00000e+00
  2765.000  0.00000e+00
  2770.000  0.00000e+00
  2775.000  0.00000e+00
  2780.000  0.00000e+00
  2785.000  0.00000e+00
  2790.000  0.00000e+00
  2795.000  0.00000e+00
  2800.000  0.00000e+00
  2805.000  2.82000e-04
  2810.000  6.31000e-04
  2815.000  1.03000e-03
  2820.000  1.46300e-03
  2825.000  1.91200e-03
  2830.000  2.36200e-03
  2835.000  2.79400e-03
  2840.000  3.19300e-03
  2845.000  3.54100e-03
  2850.000  3.82200e-03
  2855.000  4.02300e-03
  2860.000  4.15000e-03
  2865.000  4.21500e-03
  2870.000  4.22800e-03
  2875.000  4.20000e-03
  2880.000  4.14200e-03
  2885.000  4.06400e-03
  2890.000  3.97800e-03
  2895.000  3.89300e-03
  2900.000  3.82200e-03
  2905.000  3.77100e-03
  2910.000  3.74200e-03
  2915.000  3.72800e-03
  2920.000  3.72900e-03
  2925.000  3.73900e-03
  2930.000  3.75600e-03
  2935.000  3.77600e-03
  2940.000  3.79600e-03
  2945.000  3.81200e-03
  2950.000  3.82200e-03
  2955.000  3.82100e-03
  2960.000  3.81400e-03
  2965.000  3.80100e-03
  2970.000  3.78700e-03
  2975.000  3.77300e-03
  2980.000  3.76400e-03
  2985.000  3.76100e-03
  2990.000  3.76800e-03
  2995.000  3.78700e-03
  3000.000  3.82200e-03
  3005.000  3.87400e-03
  3010.000  3.94200e-03
  3015.000  4.02300e-03
  3020.000  4.11600e-03
  3025.000  4.21700e-03
  3030.000  4.32600e-03
  3035.000  4.43800e-03
  3040.000  4.55200e-03
  3045.000  4.66600e-03
  3050.000  4.77700e-03
  3055.000  4.88400e-03
  3060.000  4.98600e-03
  3065.000  5.08400e-03
  3070.000  5.18000e-03
  3075.000  5.27300e-03
  3080.000  5.36500e-03
  3085.000  5.45600e-03
  3090.000  5.54700e-03
  3095.000  5.63900e-03
  3100.000  5.73200e-03
  3105.000  5.82800e-03
  3110.000  5.92500e-03
  3115.000  6.02300e-03
  3120.000  6.12100e-03
  3125.000  6.22000e-03
  3130.000  6.31700e-03
  3135.000  6.41300e-03
  3140.000  6.50800e-03
  3145.000  6.59900e-03
  3150.000  6.68800e-03
  3155.000  6.77300e-03
  3160.000  6.85600e-03
  3165.000  6.93900e-03
  3170.000  7.02300e-03
  3175.000  7.11000e-03
  3180.000  7.20100e-03
  3185.000  7.29800e-03
  3190.000  7.40300e-03
  3195.000  7.51800e-03
  3200.000  7.64300e-03
  3205.000  7.78100e-03
  3210.000  7.93200e-03
  3215.000  8.09400e-03
  3220.000  8.26900e-03
  3225.000  8.45500e-03
  3230.000  8.65300e-03
  3235.000  8.86200e-03
  3240.000  9.08200e-03
  3245.000  9.31300e-03
  3250.000  9.55400e-03
  3255.000  9.80600e-03
  3260.000  1.00670e-02
  3265.000  1.03370e-02
  3270.000  1.06150e-02
  3275.000  1.09010e-02
  3280.000  1.11930e-02
  3285.000  1.14920e-02
  3290.000  1.17970e-02
  3295.000  1.21070e-02
  3300.000  1.24200e-02
  3305.000  1.27370e-02
  3310.000  1.30550e-02
  3315.000  1.33710e-02
  3320.000  1.36820e-02
  3325.000  1.39850e-02
  3330.000  1.42780e-02
  3335.000  1.45570e-02
  3340.000  1.48200e-02
  3345.000  1.50640e-02
  3350.000  1.52870e-02
  3355.000  1.54860e-02
  3360.000  1.56660e-02
  3365.000  1.58350e-02
  3370.000  1.59970e-02
  3375.000  1.61600e-02
  3380.000  1.63300e-02
  3385.000  1.65120e-02
  3390.000  1.67130e-02
  3395.000  1.69400e-02
  3400.000  1.71970e-02
  3405.000  1.74910e-02
  3410.000  1.78180e-02
  3415.000  1.81720e-02
  3420.000  1.85500e-02
  3425.000  1.89450e-02
  3430.000  1.93540e-02
  3435.000  1.97700e-02
  3440.000  2.01900e-02
  3445.000  2.06080e-02
  3450.000  2.10190e-02
  3455.000  2.14200e-02
  3460.000  2.18110e-02
  3465.000  2.21950e-02
  3470.000  2.25730e-02
  3475.000  2.29470e-02
  3480.000  2.33210e-02
  3485.000  2.36950e-02
  3490.000  2.40710e-02
  3495.000  2.44530e-02
  3500.000  2.48410e-02
  3505.000  2.52370e-02
  3510.000  3.35690e-02
  3515.000  3.49380e-02
  3520.000  3.46080e-02
  3525.000  3.22860e-02
  3530.000  3.33870e-02
  3535.000  3.94090e-02
  3540.000  4.39800e-02
  3545.000  4.37990e-02
  3550.000  4.52290e-02
  3555.000  4.38080e-02
  3560.000  4.32230e-02
  3565.000  3.76490e-02
  3570.000  3.08380e-02
  3575.000  3.16230e-02
  3580.000  2.99790e-02
  3585.000  3.14790e-02
  3590.000  3.48090e-02
  3595.000  3.85610e-02
  3600.000  4.41080e-02
  3605.000  4.54880e-02
  3610.000  4.35140e-02
  3615.000  4.37470e-02
  3620.000  4.63800e-02
  3625.000  4.79710e-02
  3630.000  4.70020e-02
  3635.000  4.92430e-02
  3640.000  5.17290e-02
  3645.000  4.93320e-02
  3650.000  5.01380e-02
  3655.000  5.50280e-02
  3660.000  5.89090e-02
  3665.000  5.87610e-02
  3670.000  5.73870e-02
  3675.000  5.82180e-02
  3680.000  5.64200e-02
  3685.000  5.35660e-02
  3690.000  5.46140e-02
  3695.000  6.06320e-02
  3700.000  6.22030e-02
  3705.000  5.56690e-02
  3710.000  5.47280e-02
  3715.000  5.53730e-02
  3720.000  4.84770e-02
  3725.000  4.71390e-02
  3730.000  4.48570e-02
  3735.000  4.34390e-02
  3740.000  4.38010e-02
  3745.000  4.26820e-02
  3750.000  4.56310e-02
  3755.000  5.17720e-02
  3760.000  5.32560e-02
  3765.000  5.69310e-02
  3770.000  6.26190e-02
  3775.000  6.73780e-02
  3780.000  7.08560e-02
  3785.000  6.40010e-02
  3790.000  5.73830e-02
  3795.000  5.49360e-02
  3800.000  5.80300e-02
  3805.000  6.18640e-02
  3810.000  6.15190e-02
  3815.000  5.36580e-02
  3820.000  4.71170e-02
  3825.000  4.53640e-02
  3830.000  4.85500e-02
  3835.000  5.17710e-02
  3840.000  5.55870e-02
  3845.000  5.99600e-02
  3850.000  6.04550e-02
  3855.000  5.50420e-02
  3860.000  5.27590e-02
  3865.000  5.73440e-02
  3870.000  6.05670e-02
  3875.000  5.94600e-02
  3880.000  5.78000e-02
  3885.000  5.81200e-02
  3890.000  6.10740e-02
  3895.000  6.34270e-02
  3900.000  6.68270e-02
  3905.000  6.95460e-02
  3910.000  6.93390e-02
  3915.000  6.50830e-02
  3920.000  5.63600e-02
  3925.000  4.65960e-02
  3930.000  3.63150e-02
  3935.000  3.56990e-02
  3940.000  4.46120e-02
  3945.000  5.72450e-02
  3950.000  6.84850e-02
  3955.000  6.90730e-02
  3960.000  5.52770e-02
  3965.000  4.27790e-02
  3970.000  4.35220e-02
  3975.000  6.09660e-02
  3980.000  7.96140e-02
  3985.000  9.32040e-02
  3990.000  9.98280e-02
  3995.000  1.04739e-01
  4000.000  1.14449e-01
  4005.000  1.19127e-01
  4010.000  1.23730e-01
  4015.000  1.29973e-01
  4020.000  1.28215e-01
  4025.000  1.25704e-01
  4030.000  1.20797e-01
  4035.000  1.26418e-01
  4040.000  1.32599e-01
  4045.000  1.29184e-01
  4050.000  1.34575e-01
  4055.000  1.30377e-01
  4060.000  1.26303e-01
  4065.000  1.31225e-01
  4070.000  1.33920e-01
  4075.000  1.26757e-01
  4080.000  1.32272e-01
  4085.000  1.58410e-01
  4090.000  1.73406e-01
  4095.000  1.58081e-01
  4100.000  1.39968e-01
  4105.000  1.46431e-01
  4110.000  1.52142e-01
  4115.000  1.50780e-01
  4120.000  1.48405e-01
  4125.000  1.50256e-01
  4130.000  1.45665e-01
  4135.000  1.48333e-01
  4140.000  1.50327e-01
  4145.000  1.49609e-01
  4150.000  1.54024e-01
  4155.000  1.68610e-01
  4160.000  1.81202e-01
  4165.000  1.72969e-01
  4170.000  1.56497e-01
  4175.000  1.52921e-01
  4180.000  1.66877e-01
  4185.000  1.77765e-01
  4190.000  1.77741e-01
  4195.000  1.64339e-01
  4200.000  1.52571e-01
  4205.000  1.64704e-01
  4210.000  1.81185e-01
  4215.000  1.79744e-01
  4220.000  1.66194e-01
  4225.000  1.33174e-01
  4230.000  1.32184e-01
  4235.000  1.56795e-01
  4240.000  1.92473e-01
  4245.000  2.03820e-01
  4250.000  1.86220e-01
  4255.000  1.81041e-01
  4260.000  1.97141e-01
  4265.000  2.12721e-01
  4270.000  1.96760e-01
  4275.000  1.96663e-01
  4280.000  2.03321e-01
  4285.000  1.86403e-01
  4290.000  1.69291e-01
  4295.000  1.75561e-01
  4300.000  1.76147e-01
  4305.000  1.81041e-01
  4310.000  2.11128e-01
  4315.000  2.57821e-01
  4320.000  2.78936e-01
  4325.000  2.73888e-01
  4330.000  2.85324e-01
  4335.000  2.79591e-01
  4340.000  2.59046e-01
  4345.000  2.77573e-01
  4350.000  2.92460e-01
  4355.000  3.14475e-01
  4360.000  3.30389e-01
  4365.000  3.36840e-01
  4370.000  3.13537e-01
  4375.000  2.93821e-01
  4380.000  2.69365e-01
  4385.000  2.50980e-01
  4390.000  2.66731e-01
  4395.000  2.95032e-01
  4400.000  2.98585e-01
  4405.000  2.74708e-01
  4410.000  2.83658e-01
  4415.000  2.92368e-01
  4420.000  3.02838e-01
  4425.000  3.05606e-01
  4430.000  3.02248e-01
  4435.000  3.00435e-01
  4440.000  3.13422e-01
  4445.000  3.31548e-01
  4450.000  3.35426e-01
  4455.000  2.98614e-01
  4460.000  2.74585e-01
  4465.000  2.90668e-01
  4470.000  3.24330e-01
  4475.000  3.64276e-01
  4480.000  3.77728e-01
  4485.000  3.89548e-01
  4490.000  3.82727e-01
  4495.000  3.82536e-01
  4500.000  4.20402e-01
  4505.000  4.35403e-01
  4510.000  4.33413e-01
  4515.000  4.35888e-01
  4520.000  4.26952e-01
  4525.000  3.84276e-01
  4530.000  3.57622e-01
  4535.000  3.73678e-01
  4540.000  3.92334e-01
  4545.000  3.93514e-01
  4550.000  3.92408e-01
  4555.000  4.13626e-01
  4560.000  4.42507e-01
  4565.000  4.66575e-01
  4570.000  4.82976e-01
  4575.000  4.78006e-01
  4580.000  4.64098e-01
  4585.000  4.63625e-01
  4590.000  4.50148e-01
  4595.000  4.39655e-01
  4600.000  4.49877e-01
  4605.000  4.74581e-01
  4610.000  5.16869e-01
  4615.000  5.48313e-01
  4620.000  5.70886e-01
  4625.000  5.64947e-01
  4630.000  5.41039e-01
  4635.000  5.01036e-01
  4640.000  4.74526e-01
  4645.000  4.51680e-01
  4650.000  4.54228e-01
  4655.000  4.82541e-01
  4660.000  5.15523e-01
  4665.000  4.94129e-01
  4670.000  4.89633e-01
  4675.000  5.00168e-01
  4680.000  4.90653e-01
  4685.000  4.92476e-01
  4690.000  5.11546e-01
  4695.000  5.41600e-01
  4700.000  5.50899e-01
  4705.000  5.50344e-01
  4710.000  5.50121e-01
  4715.000  5.62644e-01
  4720.000  5.78154e-01
  4725.000  5.71776e-01
  4730.000  5.59679e-01
  4735.000  5.75251e-01
  4740.000  5.82978e-01
  4745.000  6.04064e-01
  4750.000  6.25578e-01
  4755.000  6.08691e-01
  4760.000  5.72065e-01
  4765.000  5.41184e-01
  4770.000  5.27515e-01
  4775.000  5.27972e-01
  4780.000  5.22878e-01
  4785.000  5.23792e-01
  4790.000  5.44024e-01
  4795.000  5.64896e-01
  4800.000  5.76855e-01
  4805.000  5.63550e-01
  4810.000  5.54056e-01
  4815.000  5.64243e-01
  4820.000  5.72325e-01
  4825.000  5.66801e-01
  4830.000  5.68424e-01
  4835.000  5.84674e-01
  4840.000  5.92779e-01
  4845.000  5.98825e-01
  4850.000  5.90474e-01
  4855.000  5.64359e-01
  4860.000  5.30871e-01
  4865.000  5.35137e-01
  4870.000  5.50071e-01
  4875.000  5.67437e-01
  4880.000  5.82146e-01
  4885.000  5.84876e-01
  4890.000  6.07656e-01
  4895.000  6.64436e-01
  4900.000  6.92693e-01
  4905.000  7.09007e-01
  4910.000  7.07765e-01
  4915.000  7.02631e-01
  4920.000  6.86083e-01
  4925.000  7.27622e-01
  4930.000  7.61775e-01
  4935.000  7.28485e-01
  4940.000  7.38865e-01
  4945.000  8.09119e-01
  4950.000  8.27822e-01
  4955.000  7.35984e-01
  4960.000  6.51331e-01
  4965.000  6.00358e-01
  4970.000  5.84571e-01
  4975.000  5.85363e-01
  4980.000  5.75391e-01
  4985.000  5.97107e-01
  4990.000  6.17237e-01
  4995.000  6.09123e-01
  5000.000  5.93427e-01
  5005.000  5.85006e-01
  5010.000  5.59468e-01
  5015.000  5.35328e-01
  5020.000  5.60950e-01
  5025.000  6.12042e-01
  5030.000  6.56174e-01
  5035.000  6.28153e-01
  5040.000  6.05036e-01
  5045.000  6.71660e-01
  5050.000  7.08866e-01
  5055.000  7.63846e-01
  5060.000  7.85546e-01
  5065.000  7.54839e-01
  5070.000  7.45642e-01
  5075.000  7.21005e-01
  5080.000  7.05535e-01
  5085.000  7.45509e-01
  5090.000  7.80075e-01
  5095.000  7.89907e-01
  5100.000  7.87383e-01
  5105.000  7.59446e-01
  5110.000  7.36621e-01
  5115.000  7.82036e-01
  5120.000  7.94556e-01
  5125.000  7.71243e-01
  5130.000  7.71623e-01
  5135.000  7.84521e-01
  5140.000  7.77503e-01
  5145.000  7.45407e-01
  5150.000  7.33553e-01
  5155.000  8.05461e-01
  5160.000  8.36490e-01
  5165.000  6.98764e-01
  5170.000  5.66481e-01
  5175.000  5.38206e-01
  5180.000  5.37285e-01
  5185.000  5.57403e-01
  5190.000  5.82811e-01
  5195.000  6.17482e-01
  5200.000  6.43508e-01
  5205.000  6.03184e-01
  5210.000  6.04847e-01
  5215.000  6.47536e-01
  5220.000  6.89568e-01
  5225.000  7.09439e-01
  5230.000  7.60735e-01
  5235.000  8.02895e-01
  5240.000  8.36892e-01
  5245.000  7.76073e-01
  5250.000  7.01947e-01
  5255.000  7.41280e-01
  5260.000  7.81953e-01
  5265.000  7.46232e-01
  5270.000  7.26932e-01
  5275.000  7.69372e-01
  5280.000  8.50986e-01
  5285.000  9.30800e-01
  5290.000  9.65145e-01
  5295.000  9.13897e-01
  5300.000  8.87501e-01
  5305.000  9.35072e-01
  5310.000  9.85722e-01
  5315.000  9.97247e-01
  5320.000  9.64305e-01
  5325.000  9.02235e-01
  5330.000  8.71320e-01
  5335.000  9.01610e-01
  5340.000  9.27256e-01
  5345.000  9.53305e-01
  5350.000  9.88505e-01
  5355.000  1.05912e+00
  5360.000  1.08339e+00
  5365.000  1.03318e+00
  5370.000  9.79040e-01
  5375.000  1.00709e+00
  5380.000  1.04728e+00
  5385.000  1.02708e+00
  5390.000  9.74690e-01
  5395.000  9.39305e-01
  5400.000  9.36253e-01
  5405.000  9.07277e-01
  5410.000  9.20594e-01
  5415.000  1.00920e+00
  5420.000  1.07722e+00
  5425.000  1.06619e+00
  5430.000  1.00875e+00
  5435.000  1.01455e+00
  5440.000  1.07764e+00
  5445.000  1.03589e+00
  5450.000  9.16045e-01
  5455.000  8.23008e-01
  5460.000  8.16136e-01
  5465.000  8.53462e-01
  5470.000  8.72987e-01
  5475.000  8.65039e-01
  5480.000  8.74741e-01
  5485.000  9.19061e-01
  5490.000  9.50149e-01
  5495.000  9.49976e-01
  5500.000  9.16617e-01
  5505.000  8.85999e-01
  5510.000  8.86235e-01
  5515.000  9.21863e-01
  5520.000  9.94861e-01
  5525.000  1.01355e+00
  5530.000  1.00567e+00
  5535.000  1.01610e+00
  5540.000  1.05699e+00
  5545.000  1.07587e+00
  5550.000  1.08567e+00
  5555.000  1.06206e+00
  5560.000  1.02970e+00
  5565.000  1.00668e+00
  5570.000  1.01249e+00
  5575.000  1.03691e+00
  5580.000  1.04567e+00
  5585.000  9.97360e-01
  5590.000  9.51333e-01
  5595.000  9.51988e-01
  5600.000  9.43492e-01
  5605.000  9.65340e-01
  5610.000  9.98160e-01
  5615.000  9.66126e-01
  5620.000  9.34488e-01
  5625.000  9.23894e-01
  5630.000  9.39357e-01
  5635.000  9.31589e-01
  5640.000  9.19302e-01
  5645.000  9.52036e-01
  5650.000  1.00218e+00
  5655.000  1.00670e+00
  5660.000  9.67827e-01
  5665.000  9.58262e-01
  5670.000  9.73626e-01
  5675.000  1.02572e+00
  5680.000  1.05053e+00
  5685.000  1.05694e+00
  5690.000  1.07756e+00
  5695.000  1.07589e+00
  5700.000  1.03028e+00
  5705.000  1.00134e+00
  5710.000  1.01374e+00
  5715.000  1.07830e+00
  5720.000  1.12186e+00
  5725.000  1.10500e+00
  5730.000  1.08703e+00
  5735.000  1.10625e+00
  5740.000  1.12496e+00
  5745.000  1.14895e+00
  5750.000  1.15744e+00
  5755.000  1.14598e+00
  5760.000  1.12061e+00
  5765.000  1.12962e+00
  5770.000  1.15028e+00
  5775.000  1.13130e+00
  5780.000  1.07327e+00
  5785.000  1.06844e+00
  5790.000  1.14198e+00
  5795.000  1.20899e+00
  5800.000  1.26920e+00
  5805.000  1.26532e+00
  5810.000  1.21837e+00
  5815.000  1.17750e+00
  5820.000  1.17893e+00
  5825.000  1.20349e+00
  5830.000  1.23312e+00
  5835.000  1.23155e+00
  5840.000  1.23012e+00
  5845.000  1.16022e+00
  5850.000  1.05613e+00
  5855.000  1.02089e+00
  5860.000  1.02407e+00
  5865.000  1.02330e+00
  5870.000  1.02337e+00
  5875.000  1.00194e+00
  5880.000  9.61284e-01
  5885.000  8.59895e-01
  5890.000  7.31367e-01
  5895.000  7.56072e-01
  5900.000  8.53386e-01
  5905.000  9.27165e-01
  5910.000  9.39941e-01
  5915.000  9.34609e-01
  5920.000  9.43570e-01
  5925.000  9.77057e-01
  5930.000  9.94853e-01
  5935.000  1.00536e+00
  5940.000  1.01709e+00
  5945.000  1.02634e+00
  5950.000  1.00623e+00
  5955.000  1.00491e+00
  5960.000  1.04469e+00
  5965.000  1.07559e+00
  5970.000  1.09326e+00
  5975.000  1.07267e+00
  5980.000  1.07146e+00
  5985.000  1.12295e+00
  5990.000  1.17317e+00
  5995.000  1.17368e+00
  6000.000  1.14431e+00
  6005.000  1.13889e+00
  6010.000  1.15182e+00
  6015.000  1.16476e+00
  6020.000  1.20561e+00
  6025.000  1.23211e+00
  6030.000  1.28166e+00
  6035.000  1.30819e+00
  6040.000  1.34320e+00
  6045.000  1.37787e+00
  6050.000  1.36361e+00
  6055.000  1.33447e+00
  6060.000  1.33100e+00
  6065.000  1.38830e+00
  6070.000  1.45090e+00
  6075.000  1.40916e+00
  6080.000  1.35906e+00
  6085.000  1.36402e+00
  6090.000  1.38179e+00
  6095.000  1.40502e+00
  6100.000  1.39409e+00
  6105.000  1.41530e+00
  6110.000  1.44012e+00
  6115.000  1.41203e+00
  6120.000  1.37188e+00
  6125.000  1.37931e+00
  6130.000  1.36120e+00
  6135.000  1.33520e+00
  6140.000  1.35350e+00
  6145.000  1.35874e+00
  6150.000  1.26882e+00
  6155.000  1.13899e+00
  6160.000  1.01439e+00
  6165.000  1.01490e+00
  6170.000  1.02577e+00
  6175.000  1.04995e+00
  6180.000  1.04275e+00
  6185.000  9.89136e-01
  6190.000  9.56699e-01
  6195.000  9.97785e-01
  6200.000  1.01371e+00
  6205.000  1.02667e+00
  6210.000  9.71970e-01
  6215.000  9.21760e-01
  6220.000  9.03886e-01
  6225.000  9.02644e-01
  6230.000  9.08962e-01
  6235.000  9.30252e-01
  6240.000  9.23224e-01
  6245.000  9.58660e-01
  6250.000  9.73451e-01
  6255.000  9.57870e-01
  6260.000  9.97410e-01
  6265.000  1.03122e+00
  6270.000  1.04619e+00
  6275.000  1.05155e+00
  6280.000  1.05573e+00
  6285.000  1.12045e+00
  6290.000  1.16598e+00
  6295.000  1.15969e+00
  6300.000  1.18607e+00
  6305.000  1.24772e+00
  6310.000  1.28193e+00
  6315.000  1.29489e+00
  6320.000  1.31734e+00
  6325.000  1.36038e+00
  6330.000  1.38751e+00
  6335.000  1.38228e+00
  6340.000  1.39427e+00
  6345.000  1.38130e+00
  6350.000  1.36700e+00
  6355.000  1.30712e+00
  6360.000  1.31016e+00
  6365.000  1.41221e+00
  6370.000  1.50562e+00
  6375.000  1.50419e+00
  6380.000  1.48502e+00
  6385.000  1.49285e+00
  6390.000  1.49704e+00
  6395.000  1.52518e+00
  6400.000  1.56838e+00
  6405.000  1.58937e+00
  6410.000  1.56391e+00
  6415.000  1.54391e+00
  6420.000  1.53589e+00
  6425.000  1.56735e+00
  6430.000  1.56810e+00
  6435.000  1.61911e+00
  6440.000  1.68303e+00
  6445.000  1.65217e+00
  6450.000  1.60800e+00
  6455.000  1.66460e+00
  6460.000  1.66426e+00
  6465.000  1.65693e+00
  6470.000  1.62026e+00
  6475.000  1.55640e+00
  6480.000  1.47948e+00
  6485.000  1.46980e+00
  6490.000  1.42677e+00
  6495.000  1.34863e+00
  6500.000  1.42695e+00
  6505.000  1.52005e+00
  6510.000  1.56913e+00
  6515.000  1.58588e+00
  6520.000  1.62910e+00
  6525.000  1.64101e+00
  6530.000  1.64133e+00
  6535.000  1.66177e+00
  6540.000  1.63931e+00
  6545.000  1.55969e+00
  6550.000  1.50629e+00
  6555.000  1.47133e+00
  6560.000  1.40650e+00
  6565.000  1.49244e+00
  6570.000  1.54511e+00
  6575.000  1.55572e+00
  6580.000  1.58947e+00
  6585.000  1.61107e+00
  6590.000  1.58314e+00
  6595.000  1.58663e+00
  6600.000  1.61031e+00
  6605.000  1.57137e+00
  6610.000  1.56776e+00
  6615.000  1.60088e+00
  6620.000  1.60326e+00
  6625.000  1.56134e+00
  6630.000  1.54215e+00
  6635.000  1.53596e+00
  6640.000  1.53420e+00
  6645.000  1.50007e+00
  6650.000  1.46957e+00
  6655.000  1.45411e+00
  6660.000  1.43324e+00
  6665.000  1.44292e+00
  6670.000  1.47300e+00
  6675.000  1.43753e+00
  6680.000  1.40757e+00
  6685.000  1.41969e+00
  6690.000  1.42795e+00
  6695.000  1.42352e+00
  6700.000  1.42792e+00
  6705.000  1.43087e+00
  6710.000  1.40164e+00
  6715.000  1.33838e+00
  6720.000  1.33402e+00
  6725.000  1.35706e+00
  6730.000  1.37799e+00
  6735.000  1.37779e+00
  6740.000  1.36640e+00
  6745.000  1.36447e+00
  6750.000  1.37472e+00
  6755.000  1.42987e+00
  6760.000  1.46314e+00
  6765.000  1.45013e+00
  6770.000  1.47055e+00
  6775.000  1.51515e+00
  6780.000  1.48246e+00
  6785.000  1.43885e+00
  6790.000  1.43896e+00
  6795.000  1.47970e+00
  6800.000  1.51871e+00
  6805.000  1.53785e+00
  6810.000  1.53596e+00
  6815.000  1.54115e+00
  6820.000  1.56138e+00
  6825.000  1.57307e+00
  6830.000  1.57574e+00
  6835.000  1.59496e+00
  6840.000  1.59252e+00
  6845.000  1.60620e+00
  6850.000  1.61950e+00
  6855.000  1.63318e+00
  6860.000  1.64787e+00
  6865.000  1.66302e+00
  6870.000  1.67842e+00
  6875.000  1.69380e+00
  6880.000  1.70962e+00
  6885.000  1.72604e+00
  6890.000  1.74259e+00
  6895.000  1.75939e+00
  6900.000  1.77656e+00
  6905.000  1.79389e+00
  6910.000  1.81130e+00
  6915.000  1.82950e+00
  6920.000  1.84750e+00
  6925.000  1.86531e+00
  6930.000  1.88371e+00
  6935.000  1.90216e+00
  6940.000  1.92090e+00
  6945.000  1.93952e+00
  6950.000  1.95780e+00
  6955.000  1.97520e+00
  6960.000  1.99416e+00
  6965.000  2.01573e+00
  6970.000  2.03124e+00
  6975.000  1.99758e+00
  6980.000  2.00931e+00
  6985.000  2.04179e+00
  6990.000  2.02808e+00
  6995.000  2.04104e+00
  7000.000  2.04958e+00
  7005.000  2.06437e+00
  7010.000  2.08767e+00
  7015.000  2.08312e+00
  7020.000  2.11127e+00
  7025.000  2.11754e+00
  7030.000  2.16569e+00
  7035.000  2.19166e+00
  7040.000  2.24659e+00
  7045.000  2.29137e+00
  7050.000  2.13384e+00
  7055.000  1.83340e+00
  7060.000  1.65767e+00
  7065.000  1.62797e+00
  7070.000  1.73746e+00
  7075.000  1.83842e+00
  7080.000  1.83889e+00
  7085.000  1.65049e+00
  7090.000  1.49488e+00
  7095.000  1.47510e+00
  7100.000  1.49763e+00
  7105.000  1.54196e+00
  7110.000  1.58469e+00
  7115.000  1.65565e+00
  7120.000  1.64995e+00
  7125.000  1.46863e+00
  7130.000  1.35403e+00
  7135.000  1.37832e+00
  7140.000  1.42898e+00
  7145.000  1.46002e+00
  7150.000  1.49036e+00
  7155.000  1.52570e+00
  7160.000  1.52763e+00
  7165.000  1.51654e+00
  7170.000  1.52204e+00
  7175.000  1.52823e+00
  7180.000  1.54724e+00
  7185.000  1.53327e+00
  7190.000  1.55549e+00
  7195.000  1.55858e+00
  7200.000  1.56470e+00
  7205.000  1.61209e+00
  7210.000  1.69121e+00
  7215.000  1.76720e+00
  7220.000  1.81049e+00
  7225.000  1.84286e+00
  7230.000  1.84811e+00
  7235.000  1.83850e+00
  7240.000  1.84214e+00
  7245.000  1.90124e+00
  7250.000  1.92939e+00
  7255.000  1.97063e+00
  7260.000  1.99017e+00
  7265.000  2.03519e+00
  7270.000  2.04738e+00
  7275.000  2.05325e+00
  7280.000  2.05411e+00
  7285.000  2.06283e+00
  7290.000  2.05739e+00
  7295.000  2.15025e+00
  7300.000  2.19579e+00
  7305.000  2.21939e+00
  7310.000  2.23394e+00
  7315.000  2.23744e+00
  7320.000  2.24573e+00
  7325.000  2.28304e+00
  7330.000  2.33678e+00
  7335.000  2.40462e+00
  7340.000  2.43395e+00
  7345.000  2.41620e+00
  7350.000  2.38562e+00
  7355.000  2.30701e+00
  7360.000  2.32507e+00
  7365.000  2.40982e+00
  7370.000  2.54266e+00
  7375.000  2.60393e+00
  7380.000  2.57153e+00
  7385.000  2.48501e+00
  7390.000  2.47134e+00
  7395.000  2.52523e+00
  7400.000  2.57899e+00
  7405.000  2.60605e+00
  7410.000  2.54451e+00
  7415.000  2.49412e+00
  7420.000  2.49758e+00
  7425.000  2.60400e+00
  7430.000  2.64621e+00
  7435.000  2.64718e+00
  7440.000  2.62963e+00
  7445.000  2.65891e+00
  7450.000  2.70966e+00
  7455.000  2.67479e+00
  7460.000  2.60832e+00
  7465.000  2.65624e+00
  7470.000  2.66278e+00
  7475.000  2.67685e+00
  7480.000  2.66954e+00
  7485.000  2.67516e+00
  7490.000  2.63241e+00
  7495.000  2.65787e+00
  7500.000  2.71792e+00
  7505.000  2.71322e+00
  7510.000  2.70241e+00
  7515.000  2.75232e+00
  7520.000  2.76290e+00
  7525.000  2.75189e+00
  7530.000  2.77261e+00
  7535.000  2.77843e+00
  7540.000  2.78169e+00
  7545.000  2.76946e+00
  7550.000  2.76092e+00
  7555.000  2.74740e+00
  7560.000  2.73496e+00
  7565.000  2.72344e+00
  7570.000  2.71135e+00
  7575.000  2.69893e+00
  7580.000  2.68706e+00
  7585.000  2.67460e+00
  7590.000  2.66195e+00
  7595.000  2.64974e+00
  7600.000  2.63719e+00
  7605.000  2.62451e+00
  7610.000  2.61146e+00
  7615.000  2.59827e+00
  7620.000  2.58497e+00
  7625.000  2.57161e+00
  7630.000  2.55824e+00
  7635.000  2.54491e+00
  7640.000  2.53169e+00
  7645.000  2.51863e+00
  7650.000  2.50578e+00
  7655.000  2.49319e+00
  7660.000  2.48091e+00
  7665.000  2.46900e+00
  7670.000  2.45715e+00
  7675.000  2.44497e+00
  7680.000  2.43391e+00
  7685.000  2.42499e+00
  7690.000  2.41645e+00
  7695.000  2.40716e+00
  7700.000  2.39776e+00
  7705.000  2.38821e+00
  7710.000  2.37972e+00
  7715.000  2.37243e+00
  7720.000  2.36248e+00
  7725.000  2.34761e+00
  7730.000  2.35662e+00
  7735.000  2.41249e+00
  7740.000  2.38721e+00
  7745.000  2.24503e+00
  7750.000  2.17186e+00
  7755.000  2.24422e+00
  7760.000  2.30632e+00
  7765.000  2.32279e+00
  7770.000  2.32865e+00
  7775.000  2.36342e+00
  7780.000  2.35981e+00
  7785.000  2.33507e+00
  7790.000  2.34002e+00
  7795.000  2.38247e+00
  7800.000  2.43754e+00
  7805.000  2.46286e+00
  7810.000  2.49324e+00
  7815.000  2.53335e+00
  7820.000  2.52766e+00
  7825.000  2.47589e+00
  7830.000  2.38041e+00
  7835.000  2.35963e+00
  7840.000  2.40157e+00
  7845.000  2.41745e+00
  7850.000  2.40159e+00
  7855.000  2.44893e+00
  7860.000  2.48444e+00
  7865.000  2.48710e+00
  7870.000  2.46690e+00
  7875.000  2.45864e+00
  7880.000  2.44587e+00
  7885.000  2.48171e+00
  7890.000  2.47896e+00
  7895.000  2.40925e+00
  7900.000  2.39576e+00
  7905.000  2.37355e+00
  7910.000  2.31817e+00
  7915.000  2.30104e+00
  7920.000  2.34414e+00
  7925.000  2.39694e+00
  7930.000  2.42880e+00
  7935.000  2.38698e+00
  7940.000  2.32308e+00
  7945.000  2.30370e+00
  7950.000  2.36448e+00
  7955.000  2.39458e+00
  7960.000  2.39499e+00
  7965.000  2.46643e+00
  7970.000  2.52379e+00
  7975.000  2.51137e+00
  7980.000  2.49748e+00
  7985.000  2.51170e+00
  7990.000  2.50677e+00
  7995.000  2.45103e+00
  8000.000  2.45794e+00
  8005.000  2.50535e+00
  8010.000  2.57577e+00
  8015.000  2.63533e+00
  8020.000  2.58185e+00
  8025.000  2.43063e+00
  8030.000  2.45754e+00
  8035.000  2.61080e+00
  8040.000  2.63383e+00
  8045.000  2.52626e+00
  8050.000  2.51126e+00
  8055.000  2.57695e+00
  8060.000  2.60602e+00
  8065.000  2.54240e+00
  8070.000  2.46495e+00
  8075.000  2.51068e+00
  8080.000  2.56284e+00
  8085.000  2.58470e+00
  8090.000  2.51937e+00
  8095.000  2.50693e+00
  8100.000  2.52008e+00
  8105.000  2.51804e+00
  8110.000  2.50890e+00
  8115.000  2.48313e+00
  8120.000  2.50082e+00
  8125.000  2.51170e+00
  8130.000  2.51077e+00
  8135.000  2.53443e+00
  8140.000  2.52819e+00
  8145.000  2.50200e+00
  8150.000  2.49162e+00
  8155.000  2.48907e+00
  8160.000  2.44985e+00
  8165.000  2.52065e+00
  8170.000  2.54577e+00
  8175.000  2.50296e+00
  8180.000  2.45999e+00
  8185.000  2.49162e+00
  8190.000  2.53292e+00
  8195.000  2.47452e+00
  8200.000  2.44198e+00
  8205.000  2.48792e+00
  8210.000  2.58788e+00
  8215.000  2.63664e+00
  8220.000  2.62228e+00
  8225.000  2.50136e+00
  8230.000  2.43649e+00
  8235.000  2.54325e+00
  8240.000  2.66694e+00
  8245.000  2.74788e+00
  8250.000  2.71081e+00
  8255.000  2.67056e+00
  8260.000  2.69478e+00
  8265.000  2.73166e+00
  8270.000  2.75228e+00
  8275.000  2.71057e+00
  8280.000  2.65446e+00
  8285.000  2.63706e+00
  8290.000  2.65461e+00
  8295.000  2.67318e+00
  8300.000  2.65597e+00
  8305.000  2.57888e+00
  8310.000  2.58653e+00
  8315.000  2.63697e+00
  8320.000  2.65776e+00
  8325.000  2.63679e+00
  8330.000  2.62195e+00
  8335.000  2.66202e+00
  8340.000  2.69743e+00
  8345.000  2.65380e+00
  8350.000  2.64600e+00
  8355.000  2.68554e+00
  8360.000  2.68830e+00
  8365.000  2.71746e+00
  8370.000  2.72802e+00
  8375.000  2.69992e+00
  8380.000  2.65163e+00
  8385.000  2.59766e+00
  8390.000  2.63958e+00
  8395.000  2.68415e+00
  8400.000  2.74559e+00
  8405.000  2.78666e+00
  8410.000  2.75979e+00
  8415.000  2.72657e+00
  8420.000  2.68024e+00
  8425.000  2.64181e+00
  8430.000  2.61042e+00
  8435.000  2.47048e+00
  8440.000  2.48654e+00
  8445.000  2.53073e+00
  8450.000  2.56452e+00
  8455.000  2.56793e+00
  8460.000  2.57359e+00
  8465.000  2.46346e+00
  8470.000  2.47501e+00
  8475.000  2.58774e+00
  8480.000  2.66425e+00
  8485.000  2.72698e+00
  8490.000  2.63223e+00
  8495.000  2.22194e+00
  8500.000  2.14702e+00
  8505.000  2.43106e+00
  8510.000  2.56231e+00
  8515.000  2.46754e+00
  8520.000  2.43251e+00
  8525.000  2.46082e+00
  8530.000  2.43652e+00
  8535.000  2.19840e+00
  8540.000  1.79747e+00
  8545.000  1.87394e+00
  8550.000  2.20255e+00
  8555.000  2.43490e+00
  8560.000  2.54829e+00
  8565.000  2.57293e+00
  8570.000  2.55317e+00
  8575.000  2.55355e+00
  8580.000  2.55836e+00
  8585.000  2.58187e+00
  8590.000  2.60689e+00
  8595.000  2.59429e+00
  8600.000  2.62248e+00
  8605.000  2.65602e+00
  8610.000  2.66830e+00
  8615.000  2.69236e+00
  8620.000  2.69669e+00
  8625.000  2.74197e+00
  8630.000  2.77473e+00
  8635.000  2.79768e+00
  8640.000  2.80191e+00
  8645.000  2.76253e+00
  8650.000  2.70279e+00
  8655.000  2.55344e+00
  8660.000  2.17534e+00
  8665.000  2.14304e+00
  8670.000  2.28390e+00
  8675.000  2.44584e+00
  8680.000  2.61714e+00
  8685.000  2.59516e+00
  8690.000  2.60206e+00
  8695.000  2.82530e+00
  8700.000  2.79455e+00
  8705.000  2.81775e+00
  8710.000  2.82940e+00
  8715.000  2.85291e+00
  8720.000  2.89722e+00
  8725.000  2.89194e+00
  8730.000  2.84550e+00
  8735.000  2.83290e+00
  8740.000  2.84194e+00
  8745.000  2.85939e+00
  8750.000  2.85713e+00
  8755.000  2.86485e+00
  8760.000  2.83578e+00
  8765.000  2.80564e+00
  8770.000  2.79441e+00
  8775.000  2.84447e+00
  8780.000  2.90135e+00
  8785.000  2.93829e+00
  8790.000  2.90658e+00
  8795.000  2.88916e+00
  8800.000  2.81831e+00
  8805.000  2.66730e+00
  8810.000  2.83057e+00
  8815.000  2.93362e+00
  8820.000  2.84370e+00
  8825.000  2.85043e+00
  8830.000  2.95496e+00
  8835.000  2.87909e+00
  8840.000  2.89182e+00
  8845.000  2.96815e+00
  8850.000  3.02368e+00
  8855.000  2.99903e+00
  8860.000  2.87214e+00
  8865.000  2.78936e+00
  8870.000  2.80766e+00
  8875.000  2.80311e+00
  8880.000  2.83482e+00
  8885.000  2.88475e+00
  8890.000  2.88420e+00
  8895.000  2.89537e+00
  8900.000  2.91970e+00
  8905.000  2.93982e+00
  8910.000  2.93080e+00
  8915.000  2.90374e+00
  8920.000  2.86082e+00
  8925.000  2.87621e+00
  8930.000  2.87920e+00
  8935.000  2.92052e+00
  8940.000  2.85402e+00
  8945.000  2.81663e+00
  8950.000  2.94263e+00
  8955.000  2.99335e+00
  8960.000  2.93256e+00
  8965.000  2.90402e+00
  8970.000  2.86081e+00
  8975.000  2.88891e+00
  8980.000  2.91219e+00
  8985.000  2.77301e+00
  8990.000  2.82118e+00
  8995.000  2.85628e+00
  9000.000  2.82851e+00
  9005.000  2.81452e+00
  9010.000  2.69082e+00
  9015.000  2.69014e+00
  9020.000  2.74958e+00
  9025.000  2.82474e+00
  9030.000  3.01572e+00
  9035.000  3.08470e+00
  9040.000  3.11260e+00
  9045.000  3.13708e+00
  9050.000  3.11627e+00
  9055.000  3.07495e+00
  9060.000  2.99693e+00
  9065.000  2.95179e+00
  9070.000  2.86372e+00
  9075.000  2.86139e+00
  9080.000  2.77378e+00
  9085.000  2.59298e+00
  9090.000  2.67213e+00
  9095.000  2.80322e+00
  9100.000  2.78004e+00
  9105.000  2.74820e+00
  9110.000  2.75426e+00
  9115.000  2.68306e+00
  9120.000  2.77590e+00
  9125.000  2.79443e+00
  9130.000  2.71710e+00
  9135.000  2.62490e+00
  9140.000  2.50778e+00
  9145.000  2.50487e+00
  9150.000  2.43887e+00
  9155.000  2.42877e+00
  9160.000  2.49518e+00
  9165.000  2.33874e+00
  9170.000  2.18301e+00
  9175.000  2.30191e+00
  9180.000  2.37647e+00
  9185.000  2.39837e+00
  9190.000  2.33774e+00
  9195.000  2.34896e+00
  9200.000  2.38248e+00
  9205.000  2.35616e+00
  9210.000  2.34309e+00
  9215.000  2.34738e+00
  9220.000  2.39830e+00
  9225.000  2.38499e+00
  9230.000  2.39007e+00
  9235.000  2.37958e+00
  9240.000  2.38663e+00
  9245.000  2.36216e+00
  9250.000  2.40793e+00
  9255.000  2.43482e+00
  9260.000  2.45101e+00
  9265.000  2.48936e+00
  9270.000  2.51161e+00
  9275.000  2.45792e+00
  9280.000  2.45192e+00
  9285.000  2.45371e+00
  9290.000  2.44303e+00
  9295.000  2.44820e+00
  9300.000  2.47997e+00
  9305.000  2.44417e+00
  9310.000  2.41442e+00
  9315.000  2.33433e+00
  9320.000  2.37034e+00
  9325.000  2.39252e+00
  9330.000  2.40368e+00
  9335.000  2.35311e+00
  9340.000  2.25686e+00
  9345.000  2.34365e+00
  9350.000  2.35427e+00
  9355.000  2.28491e+00
  9360.000  2.40073e+00
  9365.000  2.37730e+00
  9370.000  2.39468e+00
  9375.000  2.42288e+00
  9380.000  2.45237e+00
  9385.000  2.56142e+00
  9390.000  2.65957e+00
  9395.000  2.68528e+00
  9400.000  2.68181e+00
  9405.000  2.61668e+00
  9410.000  2.57039e+00
  9415.000  2.56463e+00
  9420.000  2.57866e+00
  9425.000  2.47452e+00
  9430.000  2.50528e+00
  9435.000  2.45259e+00
  9440.000  2.35963e+00
  9445.000  2.43892e+00
  9450.000  2.49249e+00
  9455.000  2.47214e+00
  9460.000  2.45908e+00
  9465.000  2.53691e+00
  9470.000  2.55862e+00
  9475.000  2.53816e+00
  9480.000  2.48657e+00
  9485.000  2.61044e+00
  9490.000  2.57774e+00
  9495.000  2.47334e+00
  9500.000  2.51247e+00
  9505.000  2.64623e+00
  9510.000  2.63592e+00
  9515.000  2.52710e+00
  9520.000  2.48804e+00
  9525.000  2.55501e+00
  9530.000  2.58941e+00
  9535.000  2.61371e+00
  9540.000  2.53930e+00
  9545.000  2.49134e+00
  9550.000  2.52952e+00
  9555.000  2.52066e+00
  9560.000  2.53012e+00
  9565.000  2.48225e+00
  9570.000  2.52413e+00
  9575.000  2.57040e+00
  9580.000  2.52893e+00
  9585.000  2.51951e+00
  9590.000  2.52896e+00
  9595.000  2.52510e+00
  9600.000  2.53790e+00
  9605.000  2.55597e+00
  9610.000  2.61064e+00
  9615.000  2.56042e+00
  9620.000  2.52025e+00
  9625.000  2.55777e+00
  9630.000  2.54405e+00
  9635.000  2.47150e+00
  9640.000  2.46648e+00
  9645.000  2.45855e+00
  9650.000  2.46718e+00
  9655.000  2.49287e+00
  9660.000  2.45322e+00
  9665.000  2.47605e+00
  9670.000  2.46696e+00
  9675.000  2.47935e+00
  9680.000  2.54058e+00
  9685.000  2.51431e+00
  9690.000  2.51180e+00
  9695.000  2.55547e+00
  9700.000  2.53022e+00
  9705.000  2.47653e+00
  9710.000  2.55592e+00
  9715.000  2.51638e+00
  9720.000  2.54045e+00
  9725.000  2.46736e+00
  9730.000  2.46734e+00
  9735.000  2.50401e+00
  9740.000  2.51038e+00
  9745.000  2.50076e+00
  9750.000  2.54043e+00
  9755.000  2.52645e+00
  9760.000  2.57378e+00
  9765.000  2.53187e+00
  9770.000  2.54214e+00
  9775.000  2.56748e+00
  9780.000  2.49772e+00
  9785.000  2.52234e+00
  9790.000  2.55913e+00
  9795.000  2.59659e+00
  9800.000  2.61879e+00
  9805.000  2.66826e+00
  9810.000  2.64806e+00
  9815.000  2.63402e+00
  9820.000  2.65509e+00
  9825.000  2.59294e+00
  9830.000  2.63750e+00
  9835.000  2.64777e+00
  9840.000  2.67017e+00
  9845.000  2.70874e+00
  9850.000  2.71629e+00
  9855.000  2.71317e+00
  9860.000  2.65818e+00
  9865.000  2.70128e+00
  9870.000  2.70030e+00
  9875.000  2.70870e+00
  9880.000  2.66182e+00
  9885.000  2.70977e+00
  9890.000  2.71239e+00
  9895.000  2.67605e+00
  9900.000  2.67321e+00
  9905.000  2.68295e+00
  9910.000  2.66512e+00
  9915.000  2.69342e+00
  9920.000  2.69500e+00
  9925.000  2.64096e+00
  9930.000  2.69088e+00
  9935.000  2.71413e+00
  9940.000  2.71181e+00
  9945.000  2.70429e+00
  9950.000  2.66086e+00
  9955.000  2.71937e+00
  9960.000  2.67467e+00
  9965.000  2.72701e+00
  9970.000  2.77977e+00
  9975.000  2.74173e+00
  9980.000  2.70589e+00
  9985.000  2.72345e+00
  9990.000  2.76016e+00
  9995.000  2.73094e+00
 10000.000  2.70492e+00
 10005.000  2.76055e+00
 10010.000  2.78064e+00
 10015.000  2.76652e+00
 10020.000  2.74835e+00
 10025.000  2.79121e+00
 10030.000  2.72765e+00
 10035.000  2.72601e+00
 10040.000  2.80143e+00
 10045.000  2.65785e+00
 10050.000  2.69087e+00
 10055.000  2.65113e+00
 10060.000  2.76208e+00
 10065.000  2.65880e+00
 10070.000  2.73070e+00
 10075.000  2.73823e+00
 10080.000  2.71854e+00
 10085.000  2.68712e+00
 10090.000  2.70873e+00
 10095.000  2.74686e+00
 10100.000  2.77602e+00
 10105.000  2.76580e+00
 10110.000  2.79179e+00
 10115.000  2.72493e+00
 10120.000  2.70643e+00
 10125.000  2.79949e+00
 10130.000  2.80164e+00
 10135.000  2.74685e+00
 10140.000  2.72406e+00
 10145.000  2.72336e+00
 10150.000  2.72293e+00
 10155.000  2.72283e+00
 10160.000  2.72304e+00
 10165.000  2.72353e+00
 10170.000  2.72428e+00
 10175.000  2.72525e+00
 10180.000  2.72642e+00
 10185.000  2.72776e+00
 10190.000  2.72923e+00
 10195.000  2.73082e+00
 10200.000  2.73248e+00
 10205.000  2.73421e+00
 10210.000  2.73598e+00
 10215.000  2.73779e+00
 10220.000  2.73965e+00
 10225.000  2.74155e+00
 10230.000  2.74349e+00
 10235.000  2.74547e+00
 10240.000  2.74748e+00
 10245.000  2.74952e+00
 10250.000  2.75159e+00
 10255.000  2.75366e+00
 10260.000  2.75556e+00
 10265.000  2.75710e+00
 10270.000  2.75811e+00
 10275.000  2.75837e+00
 10280.000  2.75771e+00
 10285.000  2.75594e+00
 10290.000  2.75287e+00
 10295.000  2.74830e+00
 10300.000  2.74204e+00
 10305.000  2.75303e+00
 10310.000  2.74740e+00
 10315.000  2.74137e+00
 10320.000  2.73520e+00
 10325.000  2.72915e+00
 10330.000  2.72349e+00
 10335.000  2.71849e+00
 10340.000  2.71442e+00
 10345.000  2.71155e+00
 10350.000  2.71013e+00
 10355.000  2.71034e+00
 10360.000  2.71200e+00
 10365.000  2.71482e+00
 10370.000  2.71851e+00
 10375.000  2.72279e+00
 10380.000  2.72737e+00
 10385.000  2.73197e+00
 10390.000  2.73631e+00
 10395.000  2.74010e+00
 10400.000  2.73453e+00
 10405.000  2.73247e+00
 10410.000  2.73040e+00
 10415.000  2.72832e+00
 10420.000  2.72624e+00
 10425.000  2.72414e+00
 10430.000  2.72204e+00
 10435.000  2.71993e+00
 10440.000  2.71781e+00
 10445.000  2.71568e+00
 10450.000  2.71355e+00
 10455.000  2.71141e+00
 10460.000  2.70925e+00
 10465.000  2.70709e+00
 10470.000  2.70493e+00
 10475.000  2.70275e+00
 10480.000  2.70057e+00
 10485.000  2.69838e+00
 10490.000  2.69618e+00
 10495.000  2.69397e+00
 10500.000  2.69175e+00
