# pickles/g5v  |  Pickles 1998, PASP 110, 863
# columns: wavelength_Angstrom  flam_erg_s_cm2_A (absolute scale arbitrary - ETC renormalizes)
  1150.000  3.38600e-03
  1155.000  2.43200e-03
  1160.000  1.23400e-03
  1165.000  7.88000e-04
  1170.000  8.76000e-04
  1175.000  8.54000e-04
  1180.000  4.25000e-04
  1185.000  3.63000e-04
  1190.000  8.40000e-05
  1195.000  1.13700e-03
  1200.000  4.13300e-03
  1205.000  2.85030e-02
  1210.000  7.89160e-02
  1215.000  9.13860e-02
  1220.000  4.10030e-02
  1225.000  5.98600e-03
  1230.000  7.16000e-04
  1235.000  4.89000e-04
  1240.000  5.01000e-04
  1245.000  3.93000e-04
  1250.000  2.39000e-04
  1255.000  1.34000e-04
  1260.000  1.50000e-04
  1265.000  1.46000e-04
  1270.000  1.53000e-04
  1275.000  2.39000e-04
  1280.000  3.07000e-04
  1285.000  2.54000e-04
  1290.000  1.72000e-04
  1295.000  1.96000e-04
  1300.000  4.43000e-04
  1305.000  5.97000e-04
  1310.000  2.53000e-04
  1315.000  1.22000e-04
  1320.000  1.01000e-04
  1325.000  1.50000e-04
  1330.000  3.73000e-04
  1335.000  7.48000e-04
  1340.000  2.64000e-04
  1345.000  5.80000e-05
  1350.000  1.20000e-05
  1355.000  1.29000e-04
  1360.000  1.83000e-04
  1365.000  1.64000e-04
  1370.000  1.19000e-04
  1375.000  1.46000e-04
  1380.000  1.20000e-04
  1385.000  1.08000e-04
  1390.000  2.46000e-04
  1395.000  4.19000e-04
  1400.000  3.59000e-04
  1405.000  3.95000e-04
  1410.000  2.36000e-04
  1415.000  1.27000e-04
  1420.000  1.31000e-04
  1425.000  2.17000e-04
  1430.000  2.83000e-04
  1435.000  1.81000e-04
  1440.000  2.15000e-04
  1445.000  3.14000e-04
  1450.000  3.47000e-04
  1455.000  3.03000e-04
  1460.000  1.62000e-04
  1465.000  2.77000e-04
  1470.000  4.31000e-04
  1475.000  2.99000e-04
  1480.000  2.25000e-04
  1485.000  4.65000e-04
  1490.000  5.17000e-04
  1495.000  4.89000e-04
  1500.000  3.63000e-04
  1505.000  2.96000e-04
  1510.000  3.91000e-04
  1515.000  3.33000e-04
  1520.000  3.39000e-04
  1525.000  3.48000e-04
  1530.000  6.00000e-04
  1535.000  5.58000e-04
  1540.000  4.35000e-04
  1545.000  1.05600e-03
  1550.000  1.25800e-03
  1555.000  5.09000e-04
  1560.000  3.27000e-04
  1565.000  3.50000e-04
  1570.000  2.70000e-04
  1575.000  3.74000e-04
  1580.000  4.20000e-04
  1585.000  3.43000e-04
  1590.000  2.30000e-04
  1595.000  2.59000e-04
  1600.000  3.48000e-04
  1605.000  3.45000e-04
  1610.000  2.75000e-04
  1615.000  2.87000e-04
  1620.000  2.77000e-04
  1625.000  3.94000e-04
  1630.000  5.17000e-04
  1635.000  6.60000e-04
  1640.000  7.62000e-04
  1645.000  4.27000e-04
  1650.000  4.85000e-04
  1655.000  9.45000e-04
  1660.000  9.61000e-04
  1665.000  5.76000e-04
  1670.000  5.00000e-04
  1675.000  4.32000e-04
  1680.000  4.63000e-04
  1685.000  4.80000e-04
  1690.000  5.40000e-04
  1695.000  5.95000e-04
  1700.000  6.74000e-04
  1705.000  7.34000e-04
  1710.000  6.82000e-04
  1715.000  7.23000e-04
  1720.000  6.71000e-04
  1725.000  6.70000e-04
  1730.000  7.36000e-04
  1735.000  7.97000e-04
  1740.000  8.38000e-04
  1745.000  9.10000e-04
  1750.000  1.01900e-03
  1755.000  1.11400e-03
  1760.000  1.12600e-03
  1765.000  1.07500e-03
  1770.000  1.17800e-03
  1775.000  1.21800e-03
  1780.000  1.20200e-03
  1785.000  1.13100e-03
  1790.000  8.37000e-04
  1795.000  1.17000e-03
  1800.000  1.41400e-03
  1805.000  1.83900e-03
  1810.000  2.19000e-03
  1815.000  2.58300e-03
  1820.000  2.52900e-03
  1825.000  1.88400e-03
  1830.000  1.74200e-03
  1835.000  1.81900e-03
  1840.000  1.78100e-03
  1845.000  1.60700e-03
  1850.000  1.66600e-03
  1855.000  1.80100e-03
  1860.000  1.89500e-03
  1865.000  2.16300e-03
  1870.000  2.44500e-03
  1875.000  2.31700e-03
  1880.000  2.39800e-03
  1885.000  2.46000e-03
  1890.000  2.62900e-03
  1895.000  2.65000e-03
  1900.000  2.61900e-03
  1905.000  2.65000e-03
  1910.000  2.73000e-03
  1915.000  2.82100e-03
  1920.000  2.90900e-03
  1925.000  2.86200e-03
  1930.000  2.57100e-03
  1935.000  2.69200e-03
  1940.000  3.30500e-03
  1945.000  3.66400e-03
  1950.000  4.48900e-03
  1955.000  8.52600e-03
  1960.000  6.30700e-03
  1965.000  5.91700e-03
  1970.000  8.69400e-03
  1975.000  6.10100e-03
  1980.000  7.43400e-03
  1985.000  7.61000e-03
  1990.000  5.26800e-03
  1995.000  9.81700e-03
  2000.000  8.97700e-03
  2005.000  7.11900e-03
  2010.000  5.47600e-03
  2015.000  6.15900e-03
  2020.000  8.39900e-03
  2025.000  6.36000e-03
  2030.000  5.85400e-03
  2035.000  8.80100e-03
  2040.000  1.11890e-02
  2045.000  1.15440e-02
  2050.000  1.27560e-02
  2055.000  8.98200e-03
  2060.000  9.67200e-03
  2065.000  1.05170e-02
  2070.000  1.34350e-02
  2075.000  1.34180e-02
  2080.000  1.31080e-02
  2085.000  1.32560e-02
  2090.000  9.77000e-03
  2095.000  1.19030e-02
  2100.000  1.85070e-02
  2105.000  2.06930e-02
  2110.000  1.49220e-02
  2115.000  1.83590e-02
  2120.000  2.15110e-02
  2125.000  1.64340e-02
  2130.000  1.44650e-02
  2135.000  1.75370e-02
  2140.000  2.01130e-02
  2145.000  1.85650e-02
  2150.000  2.11470e-02
  2155.000  2.30410e-02
  2160.000  1.92270e-02
  2165.000  1.84640e-02
  2170.000  1.35540e-02
  2175.000  1.50070e-02
  2180.000  1.91660e-02
  2185.000  2.80260e-02
  2190.000  3.30040e-02
  2195.000  3.35980e-02
  2200.000  2.97090e-02
  2205.000  2.33710e-02
  2210.000  2.06420e-02
  2215.000  2.01710e-02
  2220.000  2.52120e-02
  2225.000  2.69200e-02
  2230.000  2.28570e-02
  2235.000  2.59550e-02
  2240.000  2.86160e-02
  2245.000  3.29650e-02
  2250.000  3.23760e-02
  2255.000  2.63050e-02
  2260.000  2.26010e-02
  2265.000  2.04510e-02
  2270.000  2.17610e-02
  2275.000  1.91900e-02
  2280.000  2.63240e-02
  2285.000  2.67850e-02
  2290.000  2.33850e-02
  2295.000  2.63880e-02
  2300.000  2.79740e-02
  2305.000  3.19360e-02
  2310.000  3.26930e-02
  2315.000  3.01390e-02
  2320.000  2.82910e-02
  2325.000  3.49740e-02
  2330.000  3.23930e-02
  2335.000  2.64240e-02
  2340.000  2.65760e-02
  2345.000  2.39130e-02
  2350.000  2.41970e-02
  2355.000  2.76700e-02
  2360.000  2.98960e-02
  2365.000  3.27780e-02
  2370.000  3.76700e-02
  2375.000  3.75400e-02
  2380.000  2.92210e-02
  2385.000  2.48950e-02
  2390.000  2.60980e-02
  2395.000  2.68970e-02
  2400.000  2.03250e-02
  2405.000  2.31210e-02
  2410.000  2.22480e-02
  2415.000  2.49080e-02
  2420.000  3.32070e-02
  2425.000  3.78740e-02
  2430.000  3.29480e-02
  2435.000  3.20800e-02
  2440.000  3.40340e-02
  2445.000  3.24310e-02
  2450.000  3.09670e-02
  2455.000  3.58210e-02
  2460.000  3.14690e-02
  2465.000  2.81160e-02
  2470.000  2.94880e-02
  2475.000  2.94090e-02
  2480.000  2.59060e-02
  2485.000  2.19230e-02
  2490.000  2.45020e-02
  2495.000  2.94530e-02
  2500.000  3.43470e-02
  2505.000  3.30090e-02
  2510.000  3.06580e-02
  2515.000  2.92570e-02
  2520.000  2.89900e-02
  2525.000  2.86600e-02
  2530.000  3.26990e-02
  2535.000  3.14600e-02
  2540.000  3.17620e-02
  2545.000  3.45340e-02
  2550.000  3.73840e-02
  2555.000  3.97100e-02
  2560.000  4.49770e-02
  2565.000  5.38300e-02
  2570.000  5.18890e-02
  2575.000  4.68830e-02
  2580.000  5.62770e-02
  2585.000  6.17100e-02
  2590.000  6.02990e-02
  2595.000  5.50970e-02
  2600.000  5.24590e-02
  2605.000  5.26870e-02
  2610.000  5.10750e-02
  2615.000  5.23870e-02
  2620.000  5.31260e-02
  2625.000  5.60490e-02
  2630.000  6.05230e-02
  2635.000  7.66810e-02
  2640.000  1.01154e-01
  2645.000  1.08174e-01
  2650.000  1.04751e-01
  2655.000  1.11304e-01
  2660.000  1.16292e-01
  2665.000  1.10502e-01
  2670.000  1.10242e-01
  2675.000  1.12677e-01
  2680.000  1.12362e-01
  2685.000  1.07777e-01
  2690.000  1.05758e-01
  2695.000  1.07947e-01
  2700.000  1.20456e-01
  2705.000  1.19606e-01
  2710.000  1.12691e-01
  2715.000  1.02452e-01
  2720.000  8.67350e-02
  2725.000  8.76310e-02
  2730.000  9.92480e-02
  2735.000  9.12560e-02
  2740.000  6.99140e-02
  2745.000  6.51880e-02
  2750.000  6.99890e-02
  2755.000  8.41900e-02
  2760.000  1.00493e-01
  2765.000  1.10414e-01
  2770.000  1.13408e-01
  2775.000  1.10549e-01
  2780.000  9.34810e-02
  2785.000  7.72560e-02
  2790.000  6.77730e-02
  2795.000  6.15730e-02
  2800.000  5.93100e-02
  2805.000  6.29270e-02
  2810.000  7.99940e-02
  2815.000  1.13465e-01
  2820.000  1.28644e-01
  2825.000  1.37018e-01
  2830.000  1.47558e-01
  2835.000  1.46842e-01
  2840.000  1.32913e-01
  2845.000  1.13446e-01
  2850.000  8.81330e-02
  2855.000  8.73340e-02
  2860.000  1.24779e-01
  2865.000  1.54245e-01
  2870.000  1.61761e-01
  2875.000  1.58707e-01
  2880.000  1.43122e-01
  2885.000  1.54251e-01
  2890.000  1.86831e-01
  2895.000  2.22036e-01
  2900.000  2.65604e-01
  2905.000  2.94514e-01
  2910.000  2.98259e-01
  2915.000  2.84907e-01
  2920.000  2.57356e-01
  2925.000  2.46612e-01
  2930.000  2.56434e-01
  2935.000  2.54571e-01
  2940.000  2.38128e-01
  2945.000  2.32933e-01
  2950.000  2.38386e-01
  2955.000  2.61427e-01
  2960.000  2.62299e-01
  2965.000  2.36709e-01
  2970.000  2.15031e-01
  2975.000  2.38911e-01
  2980.000  2.34699e-01
  2985.000  2.01381e-01
  2990.000  2.16512e-01
  2995.000  2.13190e-01
  3000.000  1.92364e-01
  3005.000  1.86111e-01
  3010.000  1.98393e-01
  3015.000  2.05163e-01
  3020.000  1.97293e-01
  3025.000  2.25995e-01
  3030.000  2.66395e-01
  3035.000  2.69042e-01
  3040.000  2.56655e-01
  3045.000  2.60510e-01
  3050.000  2.70472e-01
  3055.000  2.58566e-01
  3060.000  2.44171e-01
  3065.000  2.55186e-01
  3070.000  2.69582e-01
  3075.000  2.75997e-01
  3080.000  2.80212e-01
  3085.000  2.74211e-01
  3090.000  2.59278e-01
  3095.000  2.44303e-01
  3100.000  2.61771e-01
  3105.000  3.20750e-01
  3110.000  3.46896e-01
  3115.000  3.11096e-01
  3120.000  2.98821e-01
  3125.000  3.15384e-01
  3130.000  3.36131e-01
  3135.000  3.48017e-01
  3140.000  3.35313e-01
  3145.000  2.97349e-01
  3150.000  3.19066e-01
  3155.000  3.06723e-01
  3160.000  2.54660e-01
  3165.000  2.78508e-01
  3170.000  3.13909e-01
  3175.000  3.30629e-01
  3180.000  3.09646e-01
  3185.000  2.93801e-01
  3190.000  3.03311e-01
  3195.000  3.04204e-01
  3200.000  2.92702e-01
  3205.000  2.95665e-01
  3210.000  2.88407e-01
  3215.000  2.78643e-01
  3220.000  2.68278e-01
  3225.000  2.59103e-01
  3230.000  2.58282e-01
  3235.000  2.71104e-01
  3240.000  2.90005e-01
  3245.000  3.07088e-01
  3250.000  3.25990e-01
  3255.000  3.50627e-01
  3260.000  3.74511e-01
  3265.000  3.89332e-01
  3270.000  3.89896e-01
  3275.000  3.76917e-01
  3280.000  3.71631e-01
  3285.000  3.91610e-01
  3290.000  4.19253e-01
  3295.000  4.32915e-01
  3300.000  4.29936e-01
  3305.000  4.14669e-01
  3310.000  4.00514e-01
  3315.000  3.97987e-01
  3320.000  3.97016e-01
  3325.000  3.87494e-01
  3330.000  3.79759e-01
  3335.000  3.84837e-01
  3340.000  3.96040e-01
  3345.000  4.03554e-01
  3350.000  4.02766e-01
  3355.000  3.92208e-01
  3360.000  3.77790e-01
  3365.000  3.67303e-01
  3370.000  3.68685e-01
  3375.000  3.85840e-01
  3380.000  4.06412e-01
  3385.000  4.17979e-01
  3390.000  4.24115e-01
  3395.000  4.30126e-01
  3400.000  4.32261e-01
  3405.000  4.27469e-01
  3410.000  4.24571e-01
  3415.000  4.31121e-01
  3420.000  4.37734e-01
  3425.000  4.33214e-01
  3430.000  4.16065e-01
  3435.000  3.90278e-01
  3440.000  3.72082e-01
  3445.000  3.75420e-01
  3450.000  3.92859e-01
  3455.000  4.12058e-01
  3460.000  4.22410e-01
  3465.000  4.17606e-01
  3470.000  4.06777e-01
  3475.000  4.00105e-01
  3480.000  3.96517e-01
  3485.000  3.94176e-01
  3490.000  3.99420e-01
  3495.000  4.17845e-01
  3500.000  4.43906e-01
  3505.000  4.68004e-01
  3510.000  4.52975e-01
  3515.000  4.64855e-01
  3520.000  4.42014e-01
  3525.000  4.29689e-01
  3530.000  4.87678e-01
  3535.000  5.22392e-01
  3540.000  5.28410e-01
  3545.000  5.32130e-01
  3550.000  5.20827e-01
  3555.000  4.77754e-01
  3560.000  4.56572e-01
  3565.000  4.12484e-01
  3570.000  3.91492e-01
  3575.000  3.94166e-01
  3580.000  3.63176e-01
  3585.000  3.65704e-01
  3590.000  4.31383e-01
  3595.000  4.91936e-01
  3600.000  5.02058e-01
  3605.000  4.44913e-01
  3610.000  4.25137e-01
  3615.000  4.24149e-01
  3620.000  4.51029e-01
  3625.000  5.42445e-01
  3630.000  4.84635e-01
  3635.000  4.80196e-01
  3640.000  5.29951e-01
  3645.000  4.74807e-01
  3650.000  5.09522e-01
  3655.000  6.25897e-01
  3660.000  6.35087e-01
  3665.000  5.88457e-01
  3670.000  5.98586e-01
  3675.000  5.94509e-01
  3680.000  5.40397e-01
  3685.000  5.29629e-01
  3690.000  5.71241e-01
  3695.000  6.20410e-01
  3700.000  6.30368e-01
  3705.000  5.20973e-01
  3710.000  5.38600e-01
  3715.000  5.88791e-01
  3720.000  4.79304e-01
  3725.000  5.13412e-01
  3730.000  4.89832e-01
  3735.000  3.83781e-01
  3740.000  4.38882e-01
  3745.000  4.11908e-01
  3750.000  4.16762e-01
  3755.000  5.32040e-01
  3760.000  4.91729e-01
  3765.000  5.00570e-01
  3770.000  5.71179e-01
  3775.000  6.51598e-01
  3780.000  6.98796e-01
  3785.000  6.61979e-01
  3790.000  5.76761e-01
  3795.000  5.28043e-01
  3800.000  5.65098e-01
  3805.000  6.37960e-01
  3810.000  6.39782e-01
  3815.000  5.33520e-01
  3820.000  4.46786e-01
  3825.000  3.75553e-01
  3830.000  3.42589e-01
  3835.000  3.25299e-01
  3840.000  3.90568e-01
  3845.000  5.18216e-01
  3850.000  5.36922e-01
  3855.000  4.96902e-01
  3860.000  4.67175e-01
  3865.000  5.37154e-01
  3870.000  4.99915e-01
  3875.000  5.02732e-01
  3880.000  4.99194e-01
  3885.000  4.75553e-01
  3890.000  5.09875e-01
  3895.000  5.95964e-01
  3900.000  5.95432e-01
  3905.000  5.94276e-01
  3910.000  6.50641e-01
  3915.000  6.52812e-01
  3920.000  5.79023e-01
  3925.000  4.71200e-01
  3930.000  3.37703e-01
  3935.000  2.88152e-01
  3940.000  3.70961e-01
  3945.000  4.78525e-01
  3950.000  5.77042e-01
  3955.000  6.05280e-01
  3960.000  5.34769e-01
  3965.000  4.11635e-01
  3970.000  3.73458e-01
  3975.000  4.91209e-01
  3980.000  6.25900e-01
  3985.000  7.16475e-01
  3990.000  7.92461e-01
  3995.000  8.28249e-01
  4000.000  8.40898e-01
  4005.000  8.43147e-01
  4010.000  8.66640e-01
  4015.000  8.89515e-01
  4020.000  9.03170e-01
  4025.000  9.00373e-01
  4030.000  8.59303e-01
  4035.000  8.50784e-01
  4040.000  8.54548e-01
  4045.000  8.18972e-01
  4050.000  8.54215e-01
  4055.000  8.36134e-01
  4060.000  8.02101e-01
  4065.000  7.89570e-01
  4070.000  8.03693e-01
  4075.000  8.24623e-01
  4080.000  8.58612e-01
  4085.000  9.07607e-01
  4090.000  9.21100e-01
  4095.000  8.79099e-01
  4100.000  8.11903e-01
  4105.000  8.27658e-01
  4110.000  8.77185e-01
  4115.000  9.09794e-01
  4120.000  9.15654e-01
  4125.000  9.05125e-01
  4130.000  8.79607e-01
  4135.000  8.80947e-01
  4140.000  8.80841e-01
  4145.000  8.72019e-01
  4150.000  8.88649e-01
  4155.000  8.91075e-01
  4160.000  9.15795e-01
  4165.000  9.24555e-01
  4170.000  8.97744e-01
  4175.000  8.71970e-01
  4180.000  8.71989e-01
  4185.000  8.60047e-01
  4190.000  8.60672e-01
  4195.000  8.55291e-01
  4200.000  8.45420e-01
  4205.000  8.83052e-01
  4210.000  9.23513e-01
  4215.000  9.25928e-01
  4220.000  9.04599e-01
  4225.000  8.33209e-01
  4230.000  8.39289e-01
  4235.000  8.38246e-01
  4240.000  8.50680e-01
  4245.000  8.74097e-01
  4250.000  8.64624e-01
  4255.000  8.77501e-01
  4260.000  8.73003e-01
  4265.000  8.66747e-01
  4270.000  8.16398e-01
  4275.000  8.10356e-01
  4280.000  8.41793e-01
  4285.000  8.36705e-01
  4290.000  8.12066e-01
  4295.000  7.62555e-01
  4300.000  6.78326e-01
  4305.000  6.35510e-01
  4310.000  6.41548e-01
  4315.000  7.67064e-01
  4320.000  8.58400e-01
  4325.000  8.45344e-01
  4330.000  9.04314e-01
  4335.000  9.05090e-01
  4340.000  8.45142e-01
  4345.000  8.76937e-01
  4350.000  9.07018e-01
  4355.000  9.30861e-01
  4360.000  9.65259e-01
  4365.000  9.88472e-01
  4370.000  9.57937e-01
  4375.000  9.13365e-01
  4380.000  8.73368e-01
  4385.000  8.26303e-01
  4390.000  8.63078e-01
  4395.000  8.95479e-01
  4400.000  9.11942e-01
  4405.000  9.06815e-01
  4410.000  9.54223e-01
  4415.000  9.73239e-01
  4420.000  9.86536e-01
  4425.000  9.94714e-01
  4430.000  9.93066e-01
  4435.000  9.89904e-01
  4440.000  1.01597e+00
  4445.000  1.01669e+00
  4450.000  1.00991e+00
  4455.000  9.72977e-01
  4460.000  9.59453e-01
  4465.000  9.90673e-01
  4470.000  1.01272e+00
  4475.000  1.04706e+00
  4480.000  1.04942e+00
  4485.000  1.06736e+00
  4490.000  1.06940e+00
  4495.000  1.07248e+00
  4500.000  1.09756e+00
  4505.000  1.12832e+00
  4510.000  1.13254e+00
  4515.000  1.11506e+00
  4520.000  1.09684e+00
  4525.000  1.05155e+00
  4530.000  1.01772e+00
  4535.000  1.03422e+00
  4540.000  1.05881e+00
  4545.000  1.05002e+00
  4550.000  1.04510e+00
  4555.000  1.06926e+00
  4560.000  1.09837e+00
  4565.000  1.10053e+00
  4570.000  1.11455e+00
  4575.000  1.11751e+00
  4580.000  1.08950e+00
  4585.000  1.06654e+00
  4590.000  1.06256e+00
  4595.000  1.05789e+00
  4600.000  1.06893e+00
  4605.000  1.09529e+00
  4610.000  1.12016e+00
  4615.000  1.12865e+00
  4620.000  1.13775e+00
  4625.000  1.13091e+00
  4630.000  1.11628e+00
  4635.000  1.09319e+00
  4640.000  1.08323e+00
  4645.000  1.08726e+00
  4650.000  1.08298e+00
  4655.000  1.08057e+00
  4660.000  1.08122e+00
  4665.000  1.04625e+00
  4670.000  1.03344e+00
  4675.000  1.05514e+00
  4680.000  1.05672e+00
  4685.000  1.06742e+00
  4690.000  1.06679e+00
  4695.000  1.05833e+00
  4700.000  1.02981e+00
  4705.000  1.01028e+00
  4710.000  1.01794e+00
  4715.000  1.04552e+00
  4720.000  1.08302e+00
  4725.000  1.09084e+00
  4730.000  1.06321e+00
  4735.000  1.05207e+00
  4740.000  1.06063e+00
  4745.000  1.08711e+00
  4750.000  1.09797e+00
  4755.000  1.09897e+00
  4760.000  1.08541e+00
  4765.000  1.04896e+00
  4770.000  1.05585e+00
  4775.000  1.08416e+00
  4780.000  1.10062e+00
  4785.000  1.09550e+00
  4790.000  1.10486e+00
  4795.000  1.11889e+00
  4800.000  1.10311e+00
  4805.000  1.09511e+00
  4810.000  1.09849e+00
  4815.000  1.10515e+00
  4820.000  1.10180e+00
  4825.000  1.08762e+00
  4830.000  1.07281e+00
  4835.000  1.07144e+00
  4840.000  1.07243e+00
  4845.000  1.07120e+00
  4850.000  1.05567e+00
  4855.000  1.01227e+00
  4860.000  9.39377e-01
  4865.000  9.20268e-01
  4870.000  9.55449e-01
  4875.000  9.81216e-01
  4880.000  1.02430e+00
  4885.000  1.03820e+00
  4890.000  1.02305e+00
  4895.000  1.05450e+00
  4900.000  1.08056e+00
  4905.000  1.06527e+00
  4910.000  1.06411e+00
  4915.000  1.05318e+00
  4920.000  1.02667e+00
  4925.000  1.02550e+00
  4930.000  1.05996e+00
  4935.000  1.05699e+00
  4940.000  1.05440e+00
  4945.000  1.07580e+00
  4950.000  1.07980e+00
  4955.000  1.07875e+00
  4960.000  1.05926e+00
  4965.000  1.08407e+00
  4970.000  1.08239e+00
  4975.000  1.08421e+00
  4980.000  1.06616e+00
  4985.000  1.02345e+00
  4990.000  1.03515e+00
  4995.000  1.04415e+00
  5000.000  1.01299e+00
  5005.000  9.83458e-01
  5010.000  9.97649e-01
  5015.000  9.98632e-01
  5020.000  9.93711e-01
  5025.000  1.01282e+00
  5030.000  1.02477e+00
  5035.000  1.03121e+00
  5040.000  1.00497e+00
  5045.000  1.00449e+00
  5050.000  1.03001e+00
  5055.000  1.03763e+00
  5060.000  1.05977e+00
  5065.000  1.05725e+00
  5070.000  1.03145e+00
  5075.000  1.03272e+00
  5080.000  1.01999e+00
  5085.000  1.02562e+00
  5090.000  1.05312e+00
  5095.000  1.05795e+00
  5100.000  1.02877e+00
  5105.000  1.03040e+00
  5110.000  1.03283e+00
  5115.000  1.05382e+00
  5120.000  1.05960e+00
  5125.000  1.03870e+00
  5130.000  1.02308e+00
  5135.000  1.01665e+00
  5140.000  9.98961e-01
  5145.000  9.88649e-01
  5150.000  9.94916e-01
  5155.000  1.00202e+00
  5160.000  9.89286e-01
  5165.000  9.30022e-01
  5170.000  8.50093e-01
  5175.000  8.49072e-01
  5180.000  8.96991e-01
  5185.000  8.74782e-01
  5190.000  9.12281e-01
  5195.000  9.43136e-01
  5200.000  9.70918e-01
  5205.000  9.78998e-01
  5210.000  9.83675e-01
  5215.000  1.00319e+00
  5220.000  1.01933e+00
  5225.000  1.00925e+00
  5230.000  9.86090e-01
  5235.000  1.01122e+00
  5240.000  1.03804e+00
  5245.000  1.05135e+00
  5250.000  1.05451e+00
  5255.000  1.04525e+00
  5260.000  1.02760e+00
  5265.000  9.62293e-01
  5270.000  9.19521e-01
  5275.000  9.54173e-01
  5280.000  1.00032e+00
  5285.000  1.01548e+00
  5290.000  1.05376e+00
  5295.000  1.05277e+00
  5300.000  1.02941e+00
  5305.000  1.03813e+00
  5310.000  1.05517e+00
  5315.000  1.05950e+00
  5320.000  1.05328e+00
  5325.000  1.01259e+00
  5330.000  9.77226e-01
  5335.000  1.00950e+00
  5340.000  1.01565e+00
  5345.000  1.02445e+00
  5350.000  1.04015e+00
  5355.000  1.06054e+00
  5360.000  1.07034e+00
  5365.000  1.04171e+00
  5370.000  1.00687e+00
  5375.000  1.02186e+00
  5380.000  1.03613e+00
  5385.000  1.03710e+00
  5390.000  1.04147e+00
  5395.000  1.01025e+00
  5400.000  9.90886e-01
  5405.000  9.71512e-01
  5410.000  9.70002e-01
  5415.000  9.96623e-01
  5420.000  1.01600e+00
  5425.000  1.01414e+00
  5430.000  1.01117e+00
  5435.000  1.00996e+00
  5440.000  1.02117e+00
  5445.000  1.01511e+00
  5450.000  1.01670e+00
  5455.000  1.02900e+00
  5460.000  1.03616e+00
  5465.000  1.02433e+00
  5470.000  1.02090e+00
  5475.000  1.00708e+00
  5480.000  9.95648e-01
  5485.000  1.01638e+00
  5490.000  1.02258e+00
  5495.000  1.02563e+00
  5500.000  1.02289e+00
  5505.000  1.01662e+00
  5510.000  1.01664e+00
  5515.000  1.00841e+00
  5520.000  1.01610e+00
  5525.000  1.02036e+00
  5530.000  1.00422e+00
  5535.000  1.00708e+00
  5540.000  1.00949e+00
  5545.000  1.01331e+00
  5550.000  1.02818e+00
  5555.000  1.03604e+00
  5560.000  1.02504e+00
  5565.000  1.00816e+00
  5570.000  9.88359e-01
  5575.000  9.80567e-01
  5580.000  9.86976e-01
  5585.000  9.82803e-01
  5590.000  9.57116e-01
  5595.000  9.63371e-01
  5600.000  9.66984e-01
  5605.000  9.70641e-01
  5610.000  9.98677e-01
  5615.000  9.93835e-01
  5620.000  9.76632e-01
  5625.000  9.85386e-01
  5630.000  9.93390e-01
  5635.000  1.00613e+00
  5640.000  9.99161e-01
  5645.000  1.00052e+00
  5650.000  9.99925e-01
  5655.000  9.91111e-01
  5660.000  9.73625e-01
  5665.000  9.74333e-01
  5670.000  9.84260e-01
  5675.000  9.88102e-01
  5680.000  9.86732e-01
  5685.000  9.69552e-01
  5690.000  9.58650e-01
  5695.000  9.62644e-01
  5700.000  9.71591e-01
  5705.000  9.66654e-01
  5710.000  9.49011e-01
  5715.000  9.48463e-01
  5720.000  9.76436e-01
  5725.000  9.93202e-01
  5730.000  9.98750e-01
  5735.000  9.95889e-01
  5740.000  9.95292e-01
  5745.000  9.89813e-01
  5750.000  9.79508e-01
  5755.000  9.73664e-01
  5760.000  9.74554e-01
  5765.000  9.77460e-01
  5770.000  9.85779e-01
  5775.000  9.84188e-01
  5780.000  9.83016e-01
  5785.000  9.64312e-01
  5790.000  9.61482e-01
  5795.000  9.61836e-01
  5800.000  9.61677e-01
  5805.000  9.70768e-01
  5810.000  9.74140e-01
  5815.000  9.87069e-01
  5820.000  9.99683e-01
  5825.000  1.00075e+00
  5830.000  9.93739e-01
  5835.000  9.96893e-01
  5840.000  1.00014e+00
  5845.000  9.99425e-01
  5850.000  9.98034e-01
  5855.000  9.82698e-01
  5860.000  9.66634e-01
  5865.000  9.74817e-01
  5870.000  9.85563e-01
  5875.000  9.91005e-01
  5880.000  9.73053e-01
  5885.000  9.36378e-01
  5890.000  8.81683e-01
  5895.000  8.54280e-01
  5900.000  8.91685e-01
  5905.000  9.48058e-01
  5910.000  9.62703e-01
  5915.000  9.67457e-01
  5920.000  9.66658e-01
  5925.000  9.67083e-01
  5930.000  9.54111e-01
  5935.000  9.54169e-01
  5940.000  9.54643e-01
  5945.000  9.53910e-01
  5950.000  9.46775e-01
  5955.000  9.46080e-01
  5960.000  9.47762e-01
  5965.000  9.52398e-01
  5970.000  9.53739e-01
  5975.000  9.52320e-01
  5980.000  9.41695e-01
  5985.000  9.41834e-01
  5990.000  9.44600e-01
  5995.000  9.46946e-01
  6000.000  9.42658e-01
  6005.000  9.36677e-01
  6010.000  9.31962e-01
  6015.000  9.28250e-01
  6020.000  9.17488e-01
  6025.000  9.24887e-01
  6030.000  9.41869e-01
  6035.000  9.61056e-01
  6040.000  9.60928e-01
  6045.000  9.58291e-01
  6050.000  9.54535e-01
  6055.000  9.44231e-01
  6060.000  9.42481e-01
  6065.000  9.38100e-01
  6070.000  9.43420e-01
  6075.000  9.43766e-01
  6080.000  9.34119e-01
  6085.000  9.30318e-01
  6090.000  9.21822e-01
  6095.000  9.11159e-01
  6100.000  9.04445e-01
  6105.000  9.02734e-01
  6110.000  9.22403e-01
  6115.000  9.38468e-01
  6120.000  9.20409e-01
  6125.000  9.10654e-01
  6130.000  9.10667e-01
  6135.000  8.93654e-01
  6140.000  8.86410e-01
  6145.000  9.02032e-01
  6150.000  9.12984e-01
  6155.000  9.09168e-01
  6160.000  8.89070e-01
  6165.000  8.74223e-01
  6170.000  8.77639e-01
  6175.000  8.95512e-01
  6180.000  9.15187e-01
  6185.000  9.19759e-01
  6190.000  9.10791e-01
  6195.000  9.12988e-01
  6200.000  9.23786e-01
  6205.000  9.23742e-01
  6210.000  9.25323e-01
  6215.000  9.12369e-01
  6220.000  9.06072e-01
  6225.000  9.09787e-01
  6230.000  9.04350e-01
  6235.000  9.01056e-01
  6240.000  9.05099e-01
  6245.000  8.94153e-01
  6250.000  8.93206e-01
  6255.000  8.85677e-01
  6260.000  8.86051e-01
  6265.000  8.91308e-01
  6270.000  9.01156e-01
  6275.000  8.99750e-01
  6280.000  8.83636e-01
  6285.000  8.91028e-01
  6290.000  9.00743e-01
  6295.000  8.97827e-01
  6300.000  8.89093e-01
  6305.000  8.87745e-01
  6310.000  8.94035e-01
  6315.000  8.76703e-01
  6320.000  8.66534e-01
  6325.000  8.85130e-01
  6330.000  8.93572e-01
  6335.000  8.90646e-01
  6340.000  8.80544e-01
  6345.000  8.85842e-01
  6350.000  8.87078e-01
  6355.000  8.84810e-01
  6360.000  8.77594e-01
  6365.000  8.77174e-01
  6370.000  8.87422e-01
  6375.000  8.94104e-01
  6380.000  8.92545e-01
  6385.000  8.88121e-01
  6390.000  8.90027e-01
  6395.000  8.86817e-01
  6400.000  8.72807e-01
  6405.000  8.69151e-01
  6410.000  8.63673e-01
  6415.000  8.59059e-01
  6420.000  8.59446e-01
  6425.000  8.64185e-01
  6430.000  8.74146e-01
  6435.000  8.70175e-01
  6440.000  8.66781e-01
  6445.000  8.68221e-01
  6450.000  8.61996e-01
  6455.000  8.57338e-01
  6460.000  8.58576e-01
  6465.000  8.52936e-01
  6470.000  8.59553e-01
  6475.000  8.61120e-01
  6480.000  8.63465e-01
  6485.000  8.58218e-01
  6490.000  8.48471e-01
  6495.000  8.21770e-01
  6500.000  8.26512e-01
  6505.000  8.56926e-01
  6510.000  8.74140e-01
  6515.000  8.77585e-01
  6520.000  8.75540e-01
  6525.000  8.72476e-01
  6530.000  8.67472e-01
  6535.000  8.64455e-01
  6540.000  8.64876e-01
  6545.000  8.57731e-01
  6550.000  8.42441e-01
  6555.000  8.17994e-01
  6560.000  7.59838e-01
  6565.000  7.12194e-01
  6570.000  7.71071e-01
  6575.000  8.16145e-01
  6580.000  8.41115e-01
  6585.000  8.49893e-01
  6590.000  8.47488e-01
  6595.000  8.36237e-01
  6600.000  8.47239e-01
  6605.000  8.51696e-01
  6610.000  8.49732e-01
  6615.000  8.54605e-01
  6620.000  8.57984e-01
  6625.000  8.54146e-01
  6630.000  8.42666e-01
  6635.000  8.32312e-01
  6640.000  8.32085e-01
  6645.000  8.29274e-01
  6650.000  8.33869e-01
  6655.000  8.39792e-01
  6660.000  8.39682e-01
  6665.000  8.32606e-01
  6670.000  8.35568e-01
  6675.000  8.30653e-01
  6680.000  8.21589e-01
  6685.000  8.30051e-01
  6690.000  8.36992e-01
  6695.000  8.36440e-01
  6700.000  8.36255e-01
  6705.000  8.34413e-01
  6710.000  8.22638e-01
  6715.000  8.10314e-01
  6720.000  8.02397e-01
  6725.000  8.10217e-01
  6730.000  8.17231e-01
  6735.000  8.23493e-01
  6740.000  8.25562e-01
  6745.000  8.22077e-01
  6750.000  8.15919e-01
  6755.000  8.14757e-01
  6760.000  8.18565e-01
  6765.000  8.21717e-01
  6770.000  8.17980e-01
  6775.000  8.20958e-01
  6780.000  8.22925e-01
  6785.000  8.19767e-01
  6790.000  8.20374e-01
  6795.000  8.22278e-01
  6800.000  8.21460e-01
  6805.000  8.17508e-01
  6810.000  8.12503e-01
  6815.000  8.11154e-01
  6820.000  8.09925e-01
  6825.000  8.09021e-01
  6830.000  8.02739e-01
  6835.000  7.98601e-01
  6840.000  7.98557e-01
  6845.000  7.95328e-01
  6850.000  7.97618e-01
  6855.000  8.04420e-01
  6860.000  8.12145e-01
  6865.000  8.16876e-01
  6870.000  8.17052e-01
  6875.000  8.13846e-01
  6880.000  8.10225e-01
  6885.000  8.08691e-01
  6890.000  8.09792e-01
  6895.000  8.12282e-01
  6900.000  8.14014e-01
  6905.000  8.13304e-01
  6910.000  8.09838e-01
  6915.000  8.04696e-01
  6920.000  7.99922e-01
  6925.000  7.96149e-01
  6930.000  7.93725e-01
  6935.000  7.92215e-01
  6940.000  7.90870e-01
  6945.000  7.89438e-01
  6950.000  7.88449e-01
  6955.000  7.88589e-01
  6960.000  7.90351e-01
  6965.000  7.92889e-01
  6970.000  7.94878e-01
  6975.000  7.86610e-01
  6980.000  7.72784e-01
  6985.000  7.81283e-01
  6990.000  7.83906e-01
  6995.000  7.84956e-01
  7000.000  7.81404e-01
  7005.000  7.77387e-01
  7010.000  7.78004e-01
  7015.000  7.75988e-01
  7020.000  7.67591e-01
  7025.000  7.62701e-01
  7030.000  7.62084e-01
  7035.000  7.63219e-01
  7040.000  7.65363e-01
  7045.000  7.73035e-01
  7050.000  7.76006e-01
  7055.000  7.75849e-01
  7060.000  7.72811e-01
  7065.000  7.73589e-01
  7070.000  7.75691e-01
  7075.000  7.85530e-01
  7080.000  7.90487e-01
  7085.000  7.79346e-01
  7090.000  7.71761e-01
  7095.000  7.71025e-01
  7100.000  7.74118e-01
  7105.000  7.74045e-01
  7110.000  7.74169e-01
  7115.000  7.75313e-01
  7120.000  7.75506e-01
  7125.000  7.75246e-01
  7130.000  7.75392e-01
  7135.000  7.74393e-01
  7140.000  7.79544e-01
  7145.000  7.76670e-01
  7150.000  7.68524e-01
  7155.000  7.71668e-01
  7160.000  7.77810e-01
  7165.000  7.68112e-01
  7170.000  7.62224e-01
  7175.000  7.62712e-01
  7180.000  7.56618e-01
  7185.000  7.45589e-01
  7190.000  7.33533e-01
  7195.000  7.39714e-01
  7200.000  7.38702e-01
  7205.000  7.30401e-01
  7210.000  7.43073e-01
  7215.000  7.74250e-01
  7220.000  7.78473e-01
  7225.000  7.74139e-01
  7230.000  7.74093e-01
  7235.000  7.57995e-01
  7240.000  7.54270e-01
  7245.000  7.50502e-01
  7250.000  7.57951e-01
  7255.000  7.45528e-01
  7260.000  7.61857e-01
  7265.000  7.48726e-01
  7270.000  7.54404e-01
  7275.000  7.46236e-01
  7280.000  7.32212e-01
  7285.000  7.44437e-01
  7290.000  7.20624e-01
  7295.000  7.20154e-01
  7300.000  7.45821e-01
  7305.000  7.42203e-01
  7310.000  7.36005e-01
  7315.000  7.37509e-01
  7320.000  7.41535e-01
  7325.000  7.46298e-01
  7330.000  7.41410e-01
  7335.000  7.47397e-01
  7340.000  7.55181e-01
  7345.000  7.55814e-01
  7350.000  7.46996e-01
  7355.000  7.39803e-01
  7360.000  7.36694e-01
  7365.000  7.37851e-01
  7370.000  7.38711e-01
  7375.000  7.42115e-01
  7380.000  7.38365e-01
  7385.000  7.28381e-01
  7390.000  7.10542e-01
  7395.000  7.17389e-01
  7400.000  7.26805e-01
  7405.000  7.24209e-01
  7410.000  7.17113e-01
  7415.000  7.12633e-01
  7420.000  7.16935e-01
  7425.000  7.16111e-01
  7430.000  7.26346e-01
  7435.000  7.28697e-01
  7440.000  7.31013e-01
  7445.000  7.17266e-01
  7450.000  7.14954e-01
  7455.000  7.26362e-01
  7460.000  7.29347e-01
  7465.000  7.22727e-01
  7470.000  7.29635e-01
  7475.000  7.26952e-01
  7480.000  7.22981e-01
  7485.000  7.20943e-01
  7490.000  7.20048e-01
  7495.000  7.03099e-01
  7500.000  7.06205e-01
  7505.000  7.16820e-01
  7510.000  7.04748e-01
  7515.000  7.00619e-01
  7520.000  7.14478e-01
  7525.000  7.07510e-01
  7530.000  7.08180e-01
  7535.000  7.07987e-01
  7540.000  7.15243e-01
  7545.000  7.09545e-01
  7550.000  7.10797e-01
  7555.000  7.09639e-01
  7560.000  7.08245e-01
  7565.000  7.07095e-01
  7570.000  7.06312e-01
  7575.000  7.05101e-01
  7580.000  7.03893e-01
  7585.000  7.03202e-01
  7590.000  7.02289e-01
  7595.000  7.01450e-01
  7600.000  7.00652e-01
  7605.000  7.00121e-01
  7610.000  6.99426e-01
  7615.000  6.98792e-01
  7620.000  6.98142e-01
  7625.000  6.97486e-01
  7630.000  6.96822e-01
  7635.000  6.96152e-01
  7640.000  6.95475e-01
  7645.000  6.94793e-01
  7650.000  6.94106e-01
  7655.000  6.93416e-01
  7660.000  6.92723e-01
  7665.000  6.92029e-01
  7670.000  6.91312e-01
  7675.000  6.90367e-01
  7680.000  6.89285e-01
  7685.000  6.88498e-01
  7690.000  6.88152e-01
  7695.000  6.87403e-01
  7700.000  6.86317e-01
  7705.000  6.85321e-01
  7710.000  6.84119e-01
  7715.000  6.83338e-01
  7720.000  6.82710e-01
  7725.000  6.81982e-01
  7730.000  6.81636e-01
  7735.000  6.86889e-01
  7740.000  6.88439e-01
  7745.000  6.79381e-01
  7750.000  6.67895e-01
  7755.000  6.79904e-01
  7760.000  6.84459e-01
  7765.000  6.81828e-01
  7770.000  6.84360e-01
  7775.000  6.73832e-01
  7780.000  6.69246e-01
  7785.000  6.70739e-01
  7790.000  6.78057e-01
  7795.000  6.77806e-01
  7800.000  6.71721e-01
  7805.000  6.68026e-01
  7810.000  6.73153e-01
  7815.000  6.70191e-01
  7820.000  6.78823e-01
  7825.000  6.77616e-01
  7830.000  6.71727e-01
  7835.000  6.56857e-01
  7840.000  6.62882e-01
  7845.000  6.67278e-01
  7850.000  6.62566e-01
  7855.000  6.64310e-01
  7860.000  6.69037e-01
  7865.000  6.66608e-01
  7870.000  6.65547e-01
  7875.000  6.62714e-01
  7880.000  6.65490e-01
  7885.000  6.64277e-01
  7890.000  6.70253e-01
  7895.000  6.67791e-01
  7900.000  6.64378e-01
  7905.000  6.61911e-01
  7910.000  6.61423e-01
  7915.000  6.54259e-01
  7920.000  6.46186e-01
  7925.000  6.50077e-01
  7930.000  6.49666e-01
  7935.000  6.33830e-01
  7940.000  6.32017e-01
  7945.000  6.31258e-01
  7950.000  6.33969e-01
  7955.000  6.49657e-01
  7960.000  6.44872e-01
  7965.000  6.46691e-01
  7970.000  6.49905e-01
  7975.000  6.50616e-01
  7980.000  6.51257e-01
  7985.000  6.48143e-01
  7990.000  6.47101e-01
  7995.000  6.47750e-01
  8000.000  6.33141e-01
  8005.000  6.29748e-01
  8010.000  6.37374e-01
  8015.000  6.40206e-01
  8020.000  6.42179e-01
  8025.000  6.36714e-01
  8030.000  6.27239e-01
  8035.000  6.38745e-01
  8040.000  6.38837e-01
  8045.000  6.34958e-01
  8050.000  6.25359e-01
  8055.000  6.32596e-01
  8060.000  6.38638e-01
  8065.000  6.45525e-01
  8070.000  6.37479e-01
  8075.000  6.35032e-01
  8080.000  6.34518e-01
  8085.000  6.37519e-01
  8090.000  6.28856e-01
  8095.000  6.29035e-01
  8100.000  6.26527e-01
  8105.000  6.35287e-01
  8110.000  6.41971e-01
  8115.000  6.38656e-01
  8120.000  6.44688e-01
  8125.000  6.40897e-01
  8130.000  6.41993e-01
  8135.000  6.29665e-01
  8140.000  6.31776e-01
  8145.000  6.24593e-01
  8150.000  6.22149e-01
  8155.000  6.18540e-01
  8160.000  6.13551e-01
  8165.000  5.98897e-01
  8170.000  6.05514e-01
  8175.000  6.21695e-01
  8180.000  6.04342e-01
  8185.000  6.04282e-01
  8190.000  6.06922e-01
  8195.000  6.03007e-01
  8200.000  5.97244e-01
  8205.000  6.25505e-01
  8210.000  6.35198e-01
  8215.000  6.24005e-01
  8220.000  6.20460e-01
  8225.000  6.02265e-01
  8230.000  5.73734e-01
  8235.000  5.74880e-01
  8240.000  6.25204e-01
  8245.000  6.21119e-01
  8250.000  6.27757e-01
  8255.000  6.26914e-01
  8260.000  6.16772e-01
  8265.000  6.22738e-01
  8270.000  6.26126e-01
  8275.000  6.17280e-01
  8280.000  6.06417e-01
  8285.000  6.09543e-01
  8290.000  6.09253e-01
  8295.000  6.02947e-01
  8300.000  6.05324e-01
  8305.000  6.05677e-01
  8310.000  6.00274e-01
  8315.000  5.98676e-01
  8320.000  5.99761e-01
  8325.000  5.99487e-01
  8330.000  5.93589e-01
  8335.000  5.85438e-01
  8340.000  5.85915e-01
  8345.000  5.99654e-01
  8350.000  5.97424e-01
  8355.000  6.00431e-01
  8360.000  6.03189e-01
  8365.000  6.00428e-01
  8370.000  5.98793e-01
  8375.000  6.05182e-01
  8380.000  6.00225e-01
  8385.000  6.00065e-01
  8390.000  5.94525e-01
  8395.000  6.01690e-01
  8400.000  5.98619e-01
  8405.000  5.96329e-01
  8410.000  5.98844e-01
  8415.000  5.96285e-01
  8420.000  5.93763e-01
  8425.000  5.84946e-01
  8430.000  5.90140e-01
  8435.000  5.89717e-01
  8440.000  5.81031e-01
  8445.000  5.88211e-01
  8450.000  5.88027e-01
  8455.000  5.93240e-01
  8460.000  5.95128e-01
  8465.000  5.89015e-01
  8470.000  5.80841e-01
  8475.000  5.73586e-01
  8480.000  5.88200e-01
  8485.000  5.86646e-01
  8490.000  5.87954e-01
  8495.000  5.69764e-01
  8500.000  5.34258e-01
  8505.000  5.41589e-01
  8510.000  5.71121e-01
  8515.000  5.70328e-01
  8520.000  5.64658e-01
  8525.000  5.71350e-01
  8530.000  5.67286e-01
  8535.000  5.50944e-01
  8540.000  5.04130e-01
  8545.000  4.50633e-01
  8550.000  4.99490e-01
  8555.000  5.49597e-01
  8560.000  5.59394e-01
  8565.000  5.68341e-01
  8570.000  5.70014e-01
  8575.000  5.69584e-01
  8580.000  5.65217e-01
  8585.000  5.67813e-01
  8590.000  5.66993e-01
  8595.000  5.64843e-01
  8600.000  5.62026e-01
  8605.000  5.67370e-01
  8610.000  5.63527e-01
  8615.000  5.61887e-01
  8620.000  5.64967e-01
  8625.000  5.73018e-01
  8630.000  5.65244e-01
  8635.000  5.72256e-01
  8640.000  5.68547e-01
  8645.000  5.69415e-01
  8650.000  5.55230e-01
  8655.000  5.50616e-01
  8660.000  5.23078e-01
  8665.000  4.65025e-01
  8670.000  4.99390e-01
  8675.000  5.40699e-01
  8680.000  5.50092e-01
  8685.000  5.53910e-01
  8690.000  5.50348e-01
  8695.000  5.56292e-01
  8700.000  5.55092e-01
  8705.000  5.66094e-01
  8710.000  5.69971e-01
  8715.000  5.61842e-01
  8720.000  5.66665e-01
  8725.000  5.69212e-01
  8730.000  5.62632e-01
  8735.000  5.51202e-01
  8740.000  5.50831e-01
  8745.000  5.55231e-01
  8750.000  5.54566e-01
  8755.000  5.48936e-01
  8760.000  5.52976e-01
  8765.000  5.54739e-01
  8770.000  5.58031e-01
  8775.000  5.52373e-01
  8780.000  5.52451e-01
  8785.000  5.54695e-01
  8790.000  5.54900e-01
  8795.000  5.45267e-01
  8800.000  5.44946e-01
  8805.000  5.41871e-01
  8810.000  5.27502e-01
  8815.000  5.43902e-01
  8820.000  5.43254e-01
  8825.000  5.42592e-01
  8830.000  5.43794e-01
  8835.000  5.46890e-01
  8840.000  5.46368e-01
  8845.000  5.44893e-01
  8850.000  5.44198e-01
  8855.000  5.45287e-01
  8860.000  5.43949e-01
  8865.000  5.27865e-01
  8870.000  5.25485e-01
  8875.000  5.36309e-01
  8880.000  5.36314e-01
  8885.000  5.43154e-01
  8890.000  5.39171e-01
  8895.000  5.37987e-01
  8900.000  5.42233e-01
  8905.000  5.41641e-01
  8910.000  5.43391e-01
  8915.000  5.42283e-01
  8920.000  5.36059e-01
  8925.000  5.39698e-01
  8930.000  5.35160e-01
  8935.000  5.39016e-01
  8940.000  5.41180e-01
  8945.000  5.44271e-01
  8950.000  5.37289e-01
  8955.000  5.30422e-01
  8960.000  5.34966e-01
  8965.000  5.24616e-01
  8970.000  5.22711e-01
  8975.000  5.22097e-01
  8980.000  5.25118e-01
  8985.000  5.18687e-01
  8990.000  4.90093e-01
  8995.000  4.98087e-01
  9000.000  5.13944e-01
  9005.000  4.98350e-01
  9010.000  5.01037e-01
  9015.000  4.96347e-01
  9020.000  4.98220e-01
  9025.000  4.99765e-01
  9030.000  5.23240e-01
  9035.000  5.43270e-01
  9040.000  5.59131e-01
  9045.000  5.52607e-01
  9050.000  5.50876e-01
  9055.000  5.44676e-01
  9060.000  5.44277e-01
  9065.000  5.20671e-01
  9070.000  5.14279e-01
  9075.000  5.00684e-01
  9080.000  5.04272e-01
  9085.000  5.01475e-01
  9090.000  4.96037e-01
  9095.000  4.98141e-01
  9100.000  5.05278e-01
  9105.000  5.09415e-01
  9110.000  5.14484e-01
  9115.000  5.26985e-01
  9120.000  4.97368e-01
  9125.000  5.34331e-01
  9130.000  5.19366e-01
  9135.000  5.01167e-01
  9140.000  5.03780e-01
  9145.000  5.23032e-01
  9150.000  5.13478e-01
  9155.000  4.88104e-01
  9160.000  4.89130e-01
  9165.000  5.10495e-01
  9170.000  5.08494e-01
  9175.000  4.89027e-01
  9180.000  4.95588e-01
  9185.000  5.09046e-01
  9190.000  5.14629e-01
  9195.000  5.18955e-01
  9200.000  5.17064e-01
  9205.000  5.22546e-01
  9210.000  5.20687e-01
  9215.000  5.13364e-01
  9220.000  5.10637e-01
  9225.000  5.14507e-01
  9230.000  5.10125e-01
  9235.000  5.10202e-01
  9240.000  5.09128e-01
  9245.000  5.05207e-01
  9250.000  5.01277e-01
  9255.000  5.05411e-01
  9260.000  5.03873e-01
  9265.000  5.10423e-01
  9270.000  5.21493e-01
  9275.000  5.23118e-01
  9280.000  5.18662e-01
  9285.000  5.14751e-01
  9290.000  5.10855e-01
  9295.000  5.01511e-01
  9300.000  4.87625e-01
  9305.000  4.75038e-01
  9310.000  4.62424e-01
  9315.000  4.45733e-01
  9320.000  4.33479e-01
  9325.000  4.43072e-01
  9330.000  4.61798e-01
  9335.000  4.58952e-01
  9340.000  4.50476e-01
  9345.000  4.38092e-01
  9350.000  4.61897e-01
  9355.000  4.58567e-01
  9360.000  4.39534e-01
  9365.000  4.74833e-01
  9370.000  4.56578e-01
  9375.000  4.62370e-01
  9380.000  4.74200e-01
  9385.000  4.84199e-01
  9390.000  5.17184e-01
  9395.000  5.50843e-01
  9400.000  5.42376e-01
  9405.000  5.25773e-01
  9410.000  5.07344e-01
  9415.000  4.92695e-01
  9420.000  4.82646e-01
  9425.000  4.79477e-01
  9430.000  4.44857e-01
  9435.000  4.58441e-01
  9440.000  4.51072e-01
  9445.000  4.28005e-01
  9450.000  4.74137e-01
  9455.000  4.73717e-01
  9460.000  4.60147e-01
  9465.000  4.73203e-01
  9470.000  4.80345e-01
  9475.000  4.82840e-01
  9480.000  4.68783e-01
  9485.000  4.68837e-01
  9490.000  4.86190e-01
  9495.000  4.67784e-01
  9500.000  4.47111e-01
  9505.000  4.57290e-01
  9510.000  4.96645e-01
  9515.000  4.92748e-01
  9520.000  4.75900e-01
  9525.000  4.69232e-01
  9530.000  4.69546e-01
  9535.000  4.89931e-01
  9540.000  4.80360e-01
  9545.000  4.69627e-01
  9550.000  4.70467e-01
  9555.000  4.65178e-01
  9560.000  4.58243e-01
  9565.000  4.63820e-01
  9570.000  4.64510e-01
  9575.000  4.76940e-01
  9580.000  4.75733e-01
  9585.000  4.66434e-01
  9590.000  4.69648e-01
  9595.000  4.58165e-01
  9600.000  4.72278e-01
  9605.000  4.76570e-01
  9610.000  4.79595e-01
  9615.000  4.82668e-01
  9620.000  4.73898e-01
  9625.000  4.64848e-01
  9630.000  4.63136e-01
  9635.000  4.79230e-01
  9640.000  4.65542e-01
  9645.000  4.68815e-01
  9650.000  4.68752e-01
  9655.000  4.75827e-01
  9660.000  4.68576e-01
  9665.000  4.67056e-01
  9670.000  4.69302e-01
  9675.000  4.81907e-01
  9680.000  4.86478e-01
  9685.000  4.82560e-01
  9690.000  4.84830e-01
  9695.000  4.82115e-01
  9700.000  4.78946e-01
  9705.000  4.78170e-01
  9710.000  4.84899e-01
  9715.000  4.78058e-01
  9720.000  4.68918e-01
  9725.000  4.64233e-01
  9730.000  4.61304e-01
  9735.000  4.56525e-01
  9740.000  4.55850e-01
  9745.000  4.59866e-01
  9750.000  4.65210e-01
  9755.000  4.59608e-01
  9760.000  4.58574e-01
  9765.000  4.59363e-01
  9770.000  4.66876e-01
  9775.000  4.72656e-01
  9780.000  4.64603e-01
  9785.000  4.51999e-01
  9790.000  4.58093e-01
  9795.000  4.65359e-01
  9800.000  4.54391e-01
  9805.000  4.60156e-01
  9810.000  4.70872e-01
  9815.000  4.69913e-01
  9820.000  4.60344e-01
  9825.000  4.57249e-01
  9830.000  4.65758e-01
  9835.000  4.66590e-01
  9840.000  4.61172e-01
  9845.000  4.66865e-01
  9850.000  4.57917e-01
  9855.000  4.56355e-01
  9860.000  4.71173e-01
  9865.000  4.60398e-01
  9870.000  4.51389e-01
  9875.000  4.48715e-01
  9880.000  4.60118e-01
  9885.000  4.50408e-01
  9890.000  4.50774e-01
  9895.000  4.52374e-01
  9900.000  4.58200e-01
  9905.000  4.65742e-01
  9910.000  4.49234e-01
  9915.000  4.46683e-01
  9920.000  4.48785e-01
  9925.000  4.51152e-01
  9930.000  4.56819e-01
  9935.000  4.52330e-01
  9940.000  4.42409e-01
  9945.000  4.50958e-01
  9950.000  4.64527e-01
  9955.000  4.54676e-01
  9960.000  4.53537e-01
  9965.000  4.57605e-01
  9970.000  4.58258e-01
  9975.000  4.45064e-01
  9980.000  4.44409e-01
  9985.000  4.49714e-01
  9990.000  4.54418e-01
  9995.000  4.51537e-01
 10000.000  4.61475e-01
 10005.000  4.48861e-01
 10010.000  4.48782e-01
 10015.000  4.57195e-01
 10020.000  4.65492e-01
 10025.000  4.26595e-01
 10030.000  4.43174e-01
 10035.000  4.59507e-01
 10040.000  4.45583e-01
 10045.000  4.34642e-01
 10050.000  4.21480e-01
 10055.000  4.37176e-01
 10060.000  4.29118e-01
 10065.000  4.35156e-01
 10070.000  4.30976e-01
 10075.000  4.35551e-01
 10080.000  4.40331e-01
 10085.000  4.51618e-01
 10090.000  4.44224e-01
 10095.000  4.31561e-01
 10100.000  4.19774e-01
 10105.000  4.55379e-01
 10110.000  4.32543e-01
 10115.000  4.09353e-01
 10120.000  4.35648e-01
 10125.000  4.35898e-01
 10130.000  4.50596e-01
 10135.000  4.34805e-01
 10140.000  4.30043e-01
 10145.000  4.30866e-01
 10150.000  4.35193e-01
 10155.000  4.25656e-01
 10160.000  4.25336e-01
 10165.000  4.06843e-01
 10170.000  4.28673e-01
 10175.000  4.38379e-01
 10180.000  4.30083e-01
 10185.000  4.30360e-01
 10190.000  4.29337e-01
 10195.000  4.27186e-01
 10200.000  4.24074e-01
 10205.000  4.20253e-01
 10210.000  4.16301e-01
 10215.000  4.12878e-01
 10220.000  4.10642e-01
 10225.000  4.10035e-01
 10230.000  4.10621e-01
 10235.000  4.11747e-01
 10240.000  4.12758e-01
 10245.000  4.13189e-01
 10250.000  4.13321e-01
 10255.000  4.13624e-01
 10260.000  4.14570e-01
 10265.000  4.16406e-01
 10270.000  4.18501e-01
 10275.000  4.20001e-01
 10280.000  4.20054e-01
 10285.000  4.18142e-01
 10290.000  4.15091e-01
 10295.000  4.12065e-01
 10300.000  4.10225e-01
 10305.000  4.14041e-01
 10310.000  4.14490e-01
 10315.000  4.14974e-01
 10320.000  4.14923e-01
 10325.000  4.13976e-01
 10330.000  4.12602e-01
 10335.000  4.11480e-01
 10340.000  4.11287e-01
 10345.000  4.12457e-01
 10350.000  4.14446e-01
 10355.000  4.16467e-01
 10360.000  4.17731e-01
 10365.000  4.17659e-01
 10370.000  4.16495e-01
 10375.000  4.14693e-01
 10380.000  4.12704e-01
 10385.000  4.10906e-01
 10390.000  4.09364e-01
 10395.000  4.08070e-01
 10400.000  4.07015e-01
 10405.000  4.06188e-01
 10410.000  4.05591e-01
 10415.000  4.05225e-01
 10420.000  4.05089e-01
 10425.000  4.05173e-01
 10430.000  4.05413e-01
 10435.000  4.05734e-01
 10440.000  4.06059e-01
 10445.000  4.06328e-01
 10450.000  4.06529e-01
 10455.000  4.06665e-01
 10460.000  4.06740e-01
 10465.000  4.06745e-01
 10470.000  4.06613e-01
 10475.000  4.06268e-01
 10480.000  4.05633e-01
 10485.000  4.04662e-01
 10490.000  4.03440e-01
 10495.000  4.02086e-01
 10500.000  4.00717e-01
