# pickles/m2v  |  Pickles 1998, PASP 110, 863
# columns: wavelength_Angstrom  flam_erg_s_cm2_A (absolute scale arbitrary - ETC renormalizes)
  1150.000  0.00000e+00
  1155.000  0.00000e+00
  1160.000  0.00000e+00
  1165.000  0.00000e+00
  1170.000  0.00000e+00
  1175.000  0.00000e+00
  1180.000  0.00000e+00
  1185.000  0.00000e+00
  1190.000  0.00000e+00
  1195.000  0.00000e+00
  1200.000  0.00000e+00
  1205.000  0.00000e+00
  1210.000  0.00000e+00
  1215.000  0.00000e+00
  1220.000  0.00000e+00
  1225.000  0.00000e+00
  1230.000  0.00000e+00
  1235.000  0.00000e+00
  1240.000  0.00000e+00
  1245.000  0.00000e+00
  1250.000  0.00000e+00
  1255.000  0.00000e+00
  1260.000  0.00000e+00
  1265.000  0.00000e+00
  1270.000  0.00000e+00
  1275.000  0.00000e+00
  1280.000  0.00000e+00
  1285.000  0.00000e+00
  1290.000  0.00000e+00
  1295.000  0.00000e+00
  1300.000  0.00000e+00
  1305.000  0.00000e+00
  1310.000  0.00000e+00
  1315.000  0.00000e+00
  1320.000  0.00000e+00
  1325.000  0.00000e+00
  1330.000  0.00000e+00
  1335.000  0.00000e+00
  1340.000  0.00000e+00
  1345.000  0.00000e+00
  1350.000  0.00000e+00
  1355.000  0.00000e+00
  1360.000  0.00000e+00
  1365.000  0.00000e+00
  1370.000  0.00000e+00
  1375.000  0.00000e+00
  1380.000  0.00000e+00
  1385.000  0.00000e+00
  1390.000  0.00000e+00
  1395.000  0.00000e+00
  1400.000  0.00000e+00
  1405.000  0.00000e+00
  1410.000  0.00000e+00
  1415.000  0.00000e+00
  1420.000  0.00000e+00
  1425.000  0.00000e+00
  1430.000  0.00000e+00
  1435.000  0.00000e+00
  1440.000  0.00000e+00
  1445.000  0.00000e+00
  1450.000  0.00000e+00
  1455.000  0.00000e+00
  1460.000  0.00000e+00
  1465.000  0.00000e+00
  1470.000  0.00000e+00
  1475.000  0.00000e+00
  1480.000  0.00000e+00
  1485.000  0.00000e+00
  1490.000  0.00000e+00
  1495.000  0.00000e+00
  1500.000  0.00000e+00
  1505.000  0.00000e+00
  1510.000  0.00000e+00
  1515.000  0.00000e+00
  1520.000  0.00000e+00
  1525.000  0.00000e+00
  1530.000  0.00000e+00
  1535.000  0.00000e+00
  1540.000  0.00000e+00
  1545.000  0.00000e+00
  1550.000  0.00000e+00
  1555.000  0.00000e+00
  1560.000  0.00000e+00
  1565.000  0.00000e+00
  1570.000  0.00000e+00
  1575.000  0.00000e+00
  1580.000  0.00000e+00
  1585.000  0.00000e+00
  1590.000  0.00000e+00
  1595.000  0.00000e+00
  1600.000  0.00000e+00
  1605.000  0.00000e+00
  1610.000  0.00000e+00
  1615.000  0.00000e+00
  1620.000  0.00000e+00
  1625.000  0.00000e+00
  1630.000  0.00000e+00
  1635.000  0.00000e+00
  1640.000  0.00000e+00
  1645.000  0.00000e+00
  1650.000  0.00000e+00
  1655.000  0.00000e+00
  1660.000  0.00000e+00
  1665.000  0.00000e+00
  1670.000  0.00000e+00
  1675.000  0.00000e+00
  1680.000  0.00000e+00
  1685.000  0.00000e+00
  1690.000  0.00000e+00
  1695.000  0.00000e+00
  1700.000  0.00000e+00
  1705.000  0.00000e+00
  1710.000  0.00000e+00
  1715.000  0.00000e+00
  1720.000  0.00000e+00
  1725.000  0.00000e+00
  1730.000  0.00000e+00
  1735.000  0.00000e+00
  1740.000  0.00000e+00
  1745.000  0.00000e+00
  1750.000  0.00000e+00
  1755.000  0.00000e+00
  1760.000  0.00000e+00
  1765.000  0.00000e+00
  1770.000  0.00000e+00
  1775.000  0.00000e+00
  1780.000  0.00000e+00
  1785.000  0.00000e+00
  1790.000  0.00000e+00
  1795.000  0.00000e+00
  1800.000  0.00000e+00
  1805.000  0.00000e+00
  1810.000  0.00000e+00
  1815.000  0.00000e+00
  1820.000  0.00000e+00
  1825.000  0.00000e+00
  1830.000  0.00000e+00
  1835.000  0.00000e+00
  1840.000  0.00000e+00
  1845.000  0.00000e+00
  1850.000  0.00000e+00
  1855.000  0.00000e+00
  1860.000  0.00000e+00
  1865.000  0.00000e+00
  1870.000  0.00000e+00
  1875.000  0.00000e+00
  1880.000  0.00000e+00
  1885.000  0.00000e+00
  1890.000  0.00000e+00
  1895.000  0.00000e+00
  1900.000  0.00000e+00
  1905.000  0.00000e+00
  1910.000  0.00000e+00
  1915.000  0.00000e+00
  1920.000  0.00000e+00
  1925.000  0.00000e+00
  1930.000  0.00000e+00
  1935.000  0.00000e+00
  1940.000  0.00000e+00
  1945.000  0.00000e+00
  1950.000  0.00000e+00
  1955.000  0.00000e+00
  1960.000  0.00000e+00
  1965.000  0.00000e+00
  1970.000  0.00000e+00
  1975.000  0.00000e+00
  1980.000  0.00000e+00
  1985.000  0.00000e+00
  1990.000  0.00000e+00
  1995.000  0.00000e+00
  2000.000  0.00000e+00
  2005.000  0.00000e+00
  2010.000  0.00000e+00
  2015.000  0.00000e+00
  2020.000  0.00000e+00
  2025.000  0.00000e+00
  2030.000  0.00000e+00
  2035.000  0.00000e+00
  2040.000  0.00000e+00
  2045.000  0.00000e+00
  2050.000  0.00000e+00
  2055.000  0.00000e+00
  2060.000  0.00000e+00
  2065.000  0.00000e+00
  2070.000  0.00000e+00
  2075.000  0.00000e+00
  2080.000  0.00000e+00
  2085.000  0.00000e+00
  2090.000  0.00000e+00
  2095.000  0.00000e+00
  2100.000  0.00000e+00
  2105.000  0.00000e+00
  2110.000  0.00000e+00
  2115.000  0.00000e+00
  2120.000  0.00000e+00
  2125.000  0.00000e+00
  2130.000  0.00000e+00
  2135.000  0.00000e+00
  2140.000  0.00000e+00
  2145.000  0.00000e+00
  2150.000  0.00000e+00
  2155.000  0.00000e+00
  2160.000  0.00000e+00
  2165.000  0.00000e+00
  2170.000  0.00000e+00
  2175.000  0.00000e+00
  2180.000  0.00000e+00
  2185.000  0.00000e+00
  2190.000  0.00000e+00
  2195.000  0.00000e+00
  2200.000  0.00000e+00
  2205.000  0.00000e+00
  2210.000  0.00000e+00
  2215.000  0.00000e+00
  2220.000  0.00000e+00
  2225.000  0.00000e+00
  2230.000  0.00000e+00
  2235.000  0.00000e+00
  2240.000  0.00000e+00
  2245.000  0.00000e+00
  2250.000  0.00000e+00
  2255.000  0.00000e+00
  2260.000  0.00000e+00
  2265.000  0.00000e+00
  2270.000  0.00000e+00
  2275.000  0.00000e+00
  2280.000  0.00000e+00
  2285.000  0.00000e+00
  2290.000  0.00000e+00
  2295.000  0.00000e+00
  2300.000  0.00000e+00
  2305.000  0.00000e+00
  2310.000  0.00000e+00
  2315.000  0.00000e+00
  2320.000  0.00000e+00
  2325.000  0.00000e+00
  2330.000  0.00000e+00
  2335.000  0.00000e+00
  2340.000  0.00000e+00
  2345.000  0.00000e+00
  2350.000  0.00000e+00
  2355.000  0.00000e+00
  2360.000  0.00000e+00
  2365.000  0.00000e+00
  2370.000  0.00000e+00
  2375.000  0.00000e+00
  2380.000  0.00000e+00
  2385.000  0.00000e+00
  2390.000  0.00000e+00
  2395.000  0.00000e+00
  2400.000  0.00000e+00
  2405.000  0.00000e+00
  2410.000  0.00000e+00
  2415.000  0.00000e+00
  2420.000  0.00000e+00
  2425.000  0.00000e+00
  2430.000  0.00000e+00
  2435.000  0.00000e+00
  2440.000  0.00000e+00
  2445.000  0.00000e+00
  2450.000  0.00000e+00
  2455.000  0.00000e+00
  2460.000  0.00000e+00
  2465.000  0.00000e+00
  2470.000  0.00000e+00
  2475.000  0.00000e+00
  2480.000  0.00000e+00
  2485.000  0.00000e+00
  2490.000  0.00000e+00
  2495.000  0.00000e+00
  2500.000  0.00000e+00
  2505.000  0.00000e+00
  2510.000  0.00000e+00
  2515.000  0.00000e+00
  2520.000  0.00000e+00
  2525.000  0.00000e+00
  2530.000  0.00000e+00
  2535.000  0.00000e+00
  2540.000  0.00000e+00
  2545.000  0.00000e+00
  2550.000  0.00000e+00
  2555.000  0.00000e+00
  2560.000  0.00000e+00
  2565.000  0.00000e+00
  2570.000  0.00000e+00
  2575.000  0.00000e+00
  2580.000  0.00000e+00
  2585.000  0.00000e+00
  2590.000  0.00000e+00
  2595.000  0.00000e+00
  2600.000  0.00000e+00
  2605.000  0.00000e+00
  2610.000  0.00000e+00
  2615.000  0.00000e+00
  2620.000  0.00000e+00
  2625.000  0.00000e+00
  2630.000  0.00000e+00
  2635.000  0.00000e+00
  2640.000  0.00000e+00
  2645.000  0.00000e+00
  2650.000  0.00000e+00
  2655.000  0.00000e+00
  2660.000  0.00000e+00
  2665.000  0.00000e+00
  2670.000  0.00000e+00
  2675.000  0.00000e+00
  2680.000  0.00000e+00
  2685.000  0.00000e+00
  2690.000  0.00000e+00
  2695.000  0.00000e+00
  2700.000  0.00000e+00
  2705.000  0.00000e+00
  2710.000  0.00000e+00
  2715.000  0.00000e+00
  2720.000  0.00000e+00
  2725.000  0.00000e+00
  2730.000  0.00000e+00
  2735.000  0.00000e+00
  2740.000  0.00000e+00
  2745.000  0.00000e+00
  2750.000  0.00000e+00
  2755.000  1.00000e-06
  2760.000  2.00000e-06
  2765.000  4.00000e-06
  2770.000  5.00000e-06
  2775.000  6.00000e-06
  2780.000  6.00000e-06
  2785.000  6.00000e-06
  2790.000  5.00000e-06
  2795.000  3.00000e-06
  2800.000  0.00000e+00
  2805.000  0.00000e+00
  2810.000  0.00000e+00
  2815.000  0.00000e+00
  2820.000  0.00000e+00
  2825.000  0.00000e+00
  2830.000  0.00000e+00
  2835.000  0.00000e+00
  2840.000  0.00000e+00
  2845.000  0.00000e+00
  2850.000  0.00000e+00
  2855.000  1.60000e-05
  2860.000  3.40000e-05
  2865.000  5.20000e-05
  2870.000  6.80000e-05
  2875.000  8.10000e-05
  2880.000  8.60000e-05
  2885.000  8.30000e-05
  2890.000  6.90000e-05
  2895.000  4.20000e-05
  2900.000  0.00000e+00
  2905.000  0.00000e+00
  2910.000  0.00000e+00
  2915.000  0.00000e+00
  2920.000  0.00000e+00
  2925.000  0.00000e+00
  2930.000  0.00000e+00
  2935.000  0.00000e+00
  2940.000  0.00000e+00
  2945.000  0.00000e+00
  2950.000  0.00000e+00
  2955.000  2.21000e-04
  2960.000  5.01000e-04
  2965.000  8.31000e-04
  2970.000  1.20300e-03
  2975.000  1.61000e-03
  2980.000  2.04400e-03
  2985.000  2.49800e-03
  2990.000  2.96300e-03
  2995.000  3.43100e-03
  3000.000  3.89600e-03
  3005.000  4.35000e-03
  3010.000  4.79200e-03
  3015.000  5.22100e-03
  3020.000  5.63600e-03
  3025.000  6.03600e-03
  3030.000  6.42100e-03
  3035.000  6.79000e-03
  3040.000  7.14200e-03
  3045.000  7.47600e-03
  3050.000  7.79200e-03
  3055.000  8.09100e-03
  3060.000  8.38200e-03
  3065.000  8.67500e-03
  3070.000  8.98100e-03
  3075.000  9.31100e-03
  3080.000  9.67500e-03
  3085.000  1.00840e-02
  3090.000  1.05490e-02
  3095.000  1.10800e-02
  3100.000  1.16880e-02
  3105.000  1.23810e-02
  3110.000  1.31550e-02
  3115.000  1.40020e-02
  3120.000  1.49170e-02
  3125.000  1.58920e-02
  3130.000  1.69200e-02
  3135.000  1.79950e-02
  3140.000  1.91090e-02
  3145.000  2.02560e-02
  3150.000  2.14290e-02
  3155.000  2.26180e-02
  3160.000  3.17470e-02
  3165.000  3.07580e-02
  3170.000  2.99430e-02
  3175.000  2.95060e-02
  3180.000  2.97080e-02
  3185.000  3.06900e-02
  3190.000  3.20340e-02
  3195.000  3.30870e-02
  3200.000  3.53910e-02
  3205.000  3.10710e-02
  3210.000  2.76240e-02
  3215.000  2.88490e-02
  3220.000  3.11210e-02
  3225.000  3.05580e-02
  3230.000  2.96800e-02
  3235.000  3.14720e-02
  3240.000  3.43640e-02
  3245.000  3.63560e-02
  3250.000  3.82730e-02
  3255.000  4.12020e-02
  3260.000  4.44400e-02
  3265.000  4.71170e-02
  3270.000  4.94780e-02
  3275.000  5.16760e-02
  3280.000  5.23670e-02
  3285.000  5.06290e-02
  3290.000  4.87070e-02
  3295.000  4.91350e-02
  3300.000  5.24220e-02
  3305.000  5.79710e-02
  3310.000  6.27850e-02
  3315.000  6.43390e-02
  3320.000  6.44120e-02
  3325.000  6.53580e-02
  3330.000  6.75370e-02
  3335.000  7.04430e-02
  3340.000  7.20860e-02
  3345.000  7.09100e-02
  3350.000  6.85620e-02
  3355.000  6.69230e-02
  3360.000  6.56010e-02
  3365.000  6.41860e-02
  3370.000  6.44710e-02
  3375.000  6.80010e-02
  3380.000  7.31160e-02
  3385.000  7.75470e-02
  3390.000  7.97750e-02
  3395.000  7.91140e-02
  3400.000  7.74410e-02
  3405.000  7.71550e-02
  3410.000  8.01720e-02
  3415.000  8.68820e-02
  3420.000  9.20500e-02
  3425.000  9.08270e-02
  3430.000  8.55400e-02
  3435.000  7.99800e-02
  3440.000  7.66380e-02
  3445.000  7.69940e-02
  3450.000  7.98150e-02
  3455.000  8.31470e-02
  3460.000  8.48840e-02
  3465.000  8.39610e-02
  3470.000  8.36180e-02
  3475.000  8.66840e-02
  3480.000  9.00250e-02
  3485.000  9.05390e-02
  3490.000  9.12220e-02
  3495.000  9.51280e-02
  3500.000  9.94600e-02
  3505.000  1.00832e-01
  3510.000  1.02665e-01
  3515.000  9.64260e-02
  3520.000  9.24720e-02
  3525.000  9.09540e-02
  3530.000  9.88570e-02
  3535.000  1.14555e-01
  3540.000  1.26857e-01
  3545.000  1.30409e-01
  3550.000  1.26531e-01
  3555.000  1.18594e-01
  3560.000  1.08976e-01
  3565.000  9.65930e-02
  3570.000  8.47830e-02
  3575.000  7.74970e-02
  3580.000  7.25470e-02
  3585.000  7.43430e-02
  3590.000  8.25460e-02
  3595.000  9.19270e-02
  3600.000  9.73060e-02
  3605.000  9.27400e-02
  3610.000  9.03230e-02
  3615.000  9.96110e-02
  3620.000  1.06673e-01
  3625.000  1.12592e-01
  3630.000  1.10428e-01
  3635.000  1.06736e-01
  3640.000  1.08837e-01
  3645.000  1.04780e-01
  3650.000  1.05446e-01
  3655.000  1.18437e-01
  3660.000  1.33217e-01
  3665.000  1.39593e-01
  3670.000  1.35828e-01
  3675.000  1.28942e-01
  3680.000  1.23305e-01
  3685.000  1.22545e-01
  3690.000  1.28849e-01
  3695.000  1.38168e-01
  3700.000  1.37367e-01
  3705.000  1.23253e-01
  3710.000  1.17324e-01
  3715.000  1.14589e-01
  3720.000  9.78850e-02
  3725.000  9.17170e-02
  3730.000  9.08010e-02
  3735.000  8.11800e-02
  3740.000  7.85180e-02
  3745.000  7.94850e-02
  3750.000  8.71510e-02
  3755.000  1.05841e-01
  3760.000  1.18395e-01
  3765.000  1.28235e-01
  3770.000  1.45459e-01
  3775.000  1.60686e-01
  3780.000  1.64191e-01
  3785.000  1.56318e-01
  3790.000  1.45802e-01
  3795.000  1.41964e-01
  3800.000  1.46582e-01
  3805.000  1.54560e-01
  3810.000  1.50493e-01
  3815.000  1.31813e-01
  3820.000  1.09638e-01
  3825.000  9.79470e-02
  3830.000  1.01421e-01
  3835.000  1.10792e-01
  3840.000  1.23596e-01
  3845.000  1.41195e-01
  3850.000  1.44253e-01
  3855.000  1.27122e-01
  3860.000  1.17043e-01
  3865.000  1.32489e-01
  3870.000  1.46645e-01
  3875.000  1.43493e-01
  3880.000  1.38366e-01
  3885.000  1.36348e-01
  3890.000  1.41226e-01
  3895.000  1.46811e-01
  3900.000  1.48122e-01
  3905.000  1.57015e-01
  3910.000  1.69558e-01
  3915.000  1.70640e-01
  3920.000  1.52844e-01
  3925.000  1.29670e-01
  3930.000  1.11063e-01
  3935.000  1.06289e-01
  3940.000  1.12477e-01
  3945.000  1.23710e-01
  3950.000  1.45594e-01
  3955.000  1.46094e-01
  3960.000  1.18031e-01
  3965.000  1.06133e-01
  3970.000  1.27632e-01
  3975.000  1.68258e-01
  3980.000  2.02020e-01
  3985.000  2.20555e-01
  3990.000  2.31403e-01
  3995.000  2.37706e-01
  4000.000  2.44748e-01
  4005.000  2.55970e-01
  4010.000  2.68254e-01
  4015.000  2.77085e-01
  4020.000  2.74464e-01
  4025.000  2.63022e-01
  4030.000  2.46235e-01
  4035.000  2.48554e-01
  4040.000  2.66860e-01
  4045.000  2.68525e-01
  4050.000  2.80122e-01
  4055.000  2.92998e-01
  4060.000  2.83211e-01
  4065.000  2.68847e-01
  4070.000  2.65207e-01
  4075.000  2.68265e-01
  4080.000  2.80267e-01
  4085.000  2.97450e-01
  4090.000  3.00123e-01
  4095.000  2.83669e-01
  4100.000  2.69950e-01
  4105.000  2.69970e-01
  4110.000  2.71520e-01
  4115.000  2.75764e-01
  4120.000  2.88079e-01
  4125.000  2.96857e-01
  4130.000  2.91168e-01
  4135.000  2.85957e-01
  4140.000  2.84417e-01
  4145.000  2.85998e-01
  4150.000  3.02619e-01
  4155.000  3.19386e-01
  4160.000  3.27270e-01
  4165.000  3.21487e-01
  4170.000  3.08423e-01
  4175.000  3.06676e-01
  4180.000  3.15766e-01
  4185.000  3.17930e-01
  4190.000  3.15319e-01
  4195.000  3.08496e-01
  4200.000  2.95287e-01
  4205.000  2.90731e-01
  4210.000  2.82389e-01
  4215.000  2.47410e-01
  4220.000  1.86262e-01
  4225.000  1.29847e-01
  4230.000  1.30138e-01
  4235.000  1.81031e-01
  4240.000  2.28148e-01
  4245.000  2.47806e-01
  4250.000  2.41222e-01
  4255.000  2.34471e-01
  4260.000  2.51436e-01
  4265.000  2.69585e-01
  4270.000  2.63178e-01
  4275.000  2.56927e-01
  4280.000  2.72394e-01
  4285.000  2.74682e-01
  4290.000  2.65550e-01
  4295.000  2.68681e-01
  4300.000  2.69440e-01
  4305.000  2.74287e-01
  4310.000  2.97232e-01
  4315.000  3.23733e-01
  4320.000  3.36901e-01
  4325.000  3.45981e-01
  4330.000  3.64235e-01
  4335.000  3.75562e-01
  4340.000  3.74262e-01
  4345.000  3.76446e-01
  4350.000  3.71142e-01
  4355.000  3.62665e-01
  4360.000  3.70497e-01
  4365.000  3.84819e-01
  4370.000  3.88543e-01
  4375.000  3.77663e-01
  4380.000  3.60096e-01
  4385.000  3.59108e-01
  4390.000  3.84996e-01
  4395.000  4.07389e-01
  4400.000  4.05580e-01
  4405.000  3.93920e-01
  4410.000  4.07941e-01
  4415.000  4.33818e-01
  4420.000  4.40766e-01
  4425.000  4.29055e-01
  4430.000  4.23646e-01
  4435.000  4.33194e-01
  4440.000  4.61881e-01
  4445.000  4.87571e-01
  4450.000  4.73228e-01
  4455.000  4.35535e-01
  4460.000  4.42337e-01
  4465.000  4.90931e-01
  4470.000  5.32109e-01
  4475.000  5.51111e-01
  4480.000  5.54877e-01
  4485.000  5.60504e-01
  4490.000  5.68429e-01
  4495.000  5.73536e-01
  4500.000  5.89304e-01
  4505.000  6.04261e-01
  4510.000  5.97074e-01
  4515.000  5.89793e-01
  4520.000  5.89554e-01
  4525.000  5.71029e-01
  4530.000  5.33253e-01
  4535.000  5.25192e-01
  4540.000  5.72298e-01
  4545.000  5.99445e-01
  4550.000  5.97469e-01
  4555.000  6.19041e-01
  4560.000  6.65710e-01
  4565.000  7.00086e-01
  4570.000  7.08396e-01
  4575.000  6.96238e-01
  4580.000  6.70079e-01
  4585.000  6.53749e-01
  4590.000  6.57930e-01
  4595.000  6.70713e-01
  4600.000  6.73927e-01
  4605.000  6.83985e-01
  4610.000  7.08979e-01
  4615.000  7.27628e-01
  4620.000  7.26141e-01
  4625.000  7.03976e-01
  4630.000  6.82446e-01
  4635.000  6.71504e-01
  4640.000  6.66397e-01
  4645.000  6.62340e-01
  4650.000  6.54373e-01
  4655.000  6.69673e-01
  4660.000  7.12515e-01
  4665.000  7.01261e-01
  4670.000  6.53416e-01
  4675.000  6.50889e-01
  4680.000  6.50338e-01
  4685.000  6.49568e-01
  4690.000  6.69101e-01
  4695.000  6.84994e-01
  4700.000  6.89976e-01
  4705.000  6.86513e-01
  4710.000  6.84900e-01
  4715.000  6.81156e-01
  4720.000  6.79845e-01
  4725.000  6.79617e-01
  4730.000  6.80033e-01
  4735.000  6.79107e-01
  4740.000  6.74083e-01
  4745.000  6.84942e-01
  4750.000  6.98318e-01
  4755.000  6.83049e-01
  4760.000  6.21443e-01
  4765.000  5.46421e-01
  4770.000  5.10776e-01
  4775.000  4.97327e-01
  4780.000  4.89329e-01
  4785.000  5.09549e-01
  4790.000  5.56811e-01
  4795.000  6.04396e-01
  4800.000  6.26998e-01
  4805.000  6.16024e-01
  4810.000  5.94557e-01
  4815.000  5.95732e-01
  4820.000  6.04947e-01
  4825.000  6.04011e-01
  4830.000  6.04625e-01
  4835.000  6.18989e-01
  4840.000  6.27923e-01
  4845.000  6.24460e-01
  4850.000  6.29296e-01
  4855.000  6.33363e-01
  4860.000  6.38439e-01
  4865.000  6.45200e-01
  4870.000  6.48933e-01
  4875.000  6.52792e-01
  4880.000  6.61883e-01
  4885.000  6.69850e-01
  4890.000  6.84952e-01
  4895.000  7.09520e-01
  4900.000  7.25829e-01
  4905.000  7.47546e-01
  4910.000  7.73705e-01
  4915.000  7.63564e-01
  4920.000  7.42158e-01
  4925.000  7.65644e-01
  4930.000  8.02349e-01
  4935.000  7.97679e-01
  4940.000  7.84615e-01
  4945.000  8.12324e-01
  4950.000  8.20624e-01
  4955.000  7.22323e-01
  4960.000  6.09545e-01
  4965.000  5.90937e-01
  4970.000  6.28121e-01
  4975.000  6.56797e-01
  4980.000  6.42776e-01
  4985.000  6.28568e-01
  4990.000  6.38387e-01
  4995.000  6.37482e-01
  5000.000  6.15005e-01
  5005.000  5.88430e-01
  5010.000  5.74046e-01
  5015.000  5.74618e-01
  5020.000  5.89044e-01
  5025.000  6.06206e-01
  5030.000  6.21527e-01
  5035.000  6.19977e-01
  5040.000  6.09825e-01
  5045.000  6.27091e-01
  5050.000  6.42786e-01
  5055.000  6.40228e-01
  5060.000  6.39635e-01
  5065.000  6.28506e-01
  5070.000  6.19176e-01
  5075.000  6.25562e-01
  5080.000  6.25115e-01
  5085.000  6.24907e-01
  5090.000  6.38376e-01
  5095.000  6.43504e-01
  5100.000  6.23035e-01
  5105.000  6.01297e-01
  5110.000  6.16950e-01
  5115.000  6.47186e-01
  5120.000  6.46177e-01
  5125.000  6.18458e-01
  5130.000  6.16576e-01
  5135.000  6.51201e-01
  5140.000  6.70651e-01
  5145.000  6.54259e-01
  5150.000  6.26977e-01
  5155.000  6.39167e-01
  5160.000  6.89851e-01
  5165.000  6.51263e-01
  5170.000  5.20678e-01
  5175.000  4.52728e-01
  5180.000  4.61350e-01
  5185.000  5.14198e-01
  5190.000  5.97594e-01
  5195.000  6.58170e-01
  5200.000  6.55080e-01
  5205.000  5.84270e-01
  5210.000  5.83272e-01
  5215.000  7.15043e-01
  5220.000  8.26116e-01
  5225.000  8.45857e-01
  5230.000  8.59410e-01
  5235.000  8.94565e-01
  5240.000  9.00920e-01
  5245.000  8.72993e-01
  5250.000  8.53772e-01
  5255.000  8.68386e-01
  5260.000  8.48759e-01
  5265.000  7.73632e-01
  5270.000  7.50219e-01
  5275.000  8.25263e-01
  5280.000  8.98601e-01
  5285.000  9.31323e-01
  5290.000  9.52083e-01
  5295.000  9.34526e-01
  5300.000  9.16439e-01
  5305.000  9.47257e-01
  5310.000  9.75621e-01
  5315.000  9.83921e-01
  5320.000  9.70410e-01
  5325.000  9.20672e-01
  5330.000  8.91019e-01
  5335.000  9.19049e-01
  5340.000  9.39581e-01
  5345.000  9.42233e-01
  5350.000  9.68995e-01
  5355.000  1.01232e+00
  5360.000  1.02870e+00
  5365.000  1.00870e+00
  5370.000  9.81903e-01
  5375.000  1.00483e+00
  5380.000  1.05746e+00
  5385.000  1.08125e+00
  5390.000  1.06269e+00
  5395.000  1.02746e+00
  5400.000  1.01250e+00
  5405.000  9.98774e-01
  5410.000  1.00026e+00
  5415.000  1.05015e+00
  5420.000  1.09969e+00
  5425.000  1.09441e+00
  5430.000  1.04990e+00
  5435.000  1.03968e+00
  5440.000  1.07276e+00
  5445.000  1.04011e+00
  5450.000  9.27433e-01
  5455.000  8.56893e-01
  5460.000  8.64069e-01
  5465.000  9.03021e-01
  5470.000  9.37501e-01
  5475.000  9.45947e-01
  5480.000  9.54704e-01
  5485.000  9.80416e-01
  5490.000  1.00247e+00
  5495.000  9.93563e-01
  5500.000  9.47569e-01
  5505.000  9.18425e-01
  5510.000  9.10822e-01
  5515.000  9.17416e-01
  5520.000  9.64492e-01
  5525.000  1.00307e+00
  5530.000  1.00676e+00
  5535.000  1.00665e+00
  5540.000  1.01510e+00
  5545.000  1.02645e+00
  5550.000  1.04297e+00
  5555.000  1.05534e+00
  5560.000  1.05012e+00
  5565.000  1.03100e+00
  5570.000  1.02948e+00
  5575.000  1.04938e+00
  5580.000  1.06026e+00
  5585.000  1.03069e+00
  5590.000  9.90567e-01
  5595.000  9.54330e-01
  5600.000  9.20183e-01
  5605.000  9.34921e-01
  5610.000  9.74706e-01
  5615.000  9.78388e-01
  5620.000  9.70140e-01
  5625.000  9.75694e-01
  5630.000  9.81529e-01
  5635.000  9.92335e-01
  5640.000  1.00428e+00
  5645.000  1.01895e+00
  5650.000  1.05124e+00
  5655.000  1.07553e+00
  5660.000  1.06277e+00
  5665.000  1.03717e+00
  5670.000  1.02866e+00
  5675.000  1.04372e+00
  5680.000  1.06738e+00
  5685.000  1.07554e+00
  5690.000  1.08361e+00
  5695.000  1.10139e+00
  5700.000  1.10363e+00
  5705.000  1.10804e+00
  5710.000  1.11787e+00
  5715.000  1.12972e+00
  5720.000  1.14382e+00
  5725.000  1.14535e+00
  5730.000  1.14901e+00
  5735.000  1.16981e+00
  5740.000  1.18827e+00
  5745.000  1.21028e+00
  5750.000  1.23705e+00
  5755.000  1.24453e+00
  5760.000  1.20599e+00
  5765.000  1.15822e+00
  5770.000  1.15097e+00
  5775.000  1.16226e+00
  5780.000  1.16961e+00
  5785.000  1.17909e+00
  5790.000  1.20377e+00
  5795.000  1.24206e+00
  5800.000  1.27817e+00
  5805.000  1.27079e+00
  5810.000  1.24436e+00
  5815.000  1.18649e+00
  5820.000  1.16231e+00
  5825.000  1.16490e+00
  5830.000  1.18842e+00
  5835.000  1.19775e+00
  5840.000  1.20277e+00
  5845.000  1.19756e+00
  5850.000  1.14344e+00
  5855.000  1.08691e+00
  5860.000  1.05482e+00
  5865.000  1.04239e+00
  5870.000  1.02534e+00
  5875.000  9.97321e-01
  5880.000  9.27822e-01
  5885.000  7.84860e-01
  5890.000  5.55455e-01
  5895.000  4.83793e-01
  5900.000  5.97082e-01
  5905.000  8.07541e-01
  5910.000  9.00244e-01
  5915.000  9.48781e-01
  5920.000  9.58936e-01
  5925.000  9.64945e-01
  5930.000  9.95223e-01
  5935.000  1.02104e+00
  5940.000  1.05194e+00
  5945.000  1.06905e+00
  5950.000  1.05270e+00
  5955.000  1.02786e+00
  5960.000  1.02220e+00
  5965.000  1.04114e+00
  5970.000  1.05708e+00
  5975.000  1.06321e+00
  5980.000  1.07233e+00
  5985.000  1.09629e+00
  5990.000  1.11605e+00
  5995.000  1.15067e+00
  6000.000  1.16403e+00
  6005.000  1.12470e+00
  6010.000  1.14107e+00
  6015.000  1.15948e+00
  6020.000  1.17043e+00
  6025.000  1.19492e+00
  6030.000  1.22209e+00
  6035.000  1.23035e+00
  6040.000  1.22294e+00
  6045.000  1.25160e+00
  6050.000  1.27457e+00
  6055.000  1.26741e+00
  6060.000  1.26134e+00
  6065.000  1.25664e+00
  6070.000  1.27721e+00
  6075.000  1.29036e+00
  6080.000  1.28810e+00
  6085.000  1.27509e+00
  6090.000  1.28683e+00
  6095.000  1.30720e+00
  6100.000  1.27503e+00
  6105.000  1.23219e+00
  6110.000  1.29252e+00
  6115.000  1.30692e+00
  6120.000  1.22778e+00
  6125.000  1.18173e+00
  6130.000  1.29979e+00
  6135.000  1.32496e+00
  6140.000  1.31951e+00
  6145.000  1.35194e+00
  6150.000  1.32903e+00
  6155.000  1.25905e+00
  6160.000  1.12943e+00
  6165.000  1.00998e+00
  6170.000  1.03510e+00
  6175.000  1.08227e+00
  6180.000  1.11391e+00
  6185.000  1.08860e+00
  6190.000  1.03461e+00
  6195.000  1.02010e+00
  6200.000  1.03939e+00
  6205.000  1.05701e+00
  6210.000  1.05239e+00
  6215.000  9.95400e-01
  6220.000  9.55674e-01
  6225.000  9.32675e-01
  6230.000  9.25819e-01
  6235.000  9.47334e-01
  6240.000  9.58460e-01
  6245.000  9.66504e-01
  6250.000  9.98269e-01
  6255.000  1.01338e+00
  6260.000  1.02082e+00
  6265.000  1.05332e+00
  6270.000  1.07469e+00
  6275.000  1.07710e+00
  6280.000  1.07708e+00
  6285.000  1.11681e+00
  6290.000  1.15494e+00
  6295.000  1.16833e+00
  6300.000  1.19423e+00
  6305.000  1.22603e+00
  6310.000  1.26546e+00
  6315.000  1.29273e+00
  6320.000  1.31205e+00
  6325.000  1.32919e+00
  6330.000  1.34800e+00
  6335.000  1.36380e+00
  6340.000  1.38016e+00
  6345.000  1.40040e+00
  6350.000  1.40738e+00
  6355.000  1.39065e+00
  6360.000  1.35150e+00
  6365.000  1.34002e+00
  6370.000  1.34734e+00
  6375.000  1.34365e+00
  6380.000  1.30150e+00
  6385.000  1.27930e+00
  6390.000  1.30265e+00
  6395.000  1.35467e+00
  6400.000  1.40425e+00
  6405.000  1.44315e+00
  6410.000  1.47622e+00
  6415.000  1.48009e+00
  6420.000  1.47883e+00
  6425.000  1.48816e+00
  6430.000  1.50110e+00
  6435.000  1.49308e+00
  6440.000  1.47821e+00
  6445.000  1.52208e+00
  6450.000  1.53214e+00
  6455.000  1.55060e+00
  6460.000  1.55878e+00
  6465.000  1.54359e+00
  6470.000  1.58683e+00
  6475.000  1.60600e+00
  6480.000  1.61966e+00
  6485.000  1.59701e+00
  6490.000  1.58486e+00
  6495.000  1.53970e+00
  6500.000  1.55200e+00
  6505.000  1.62879e+00
  6510.000  1.66449e+00
  6515.000  1.67746e+00
  6520.000  1.68773e+00
  6525.000  1.71002e+00
  6530.000  1.72049e+00
  6535.000  1.72740e+00
  6540.000  1.73577e+00
  6545.000  1.71055e+00
  6550.000  1.68017e+00
  6555.000  1.65723e+00
  6560.000  1.64552e+00
  6565.000  1.62350e+00
  6570.000  1.62873e+00
  6575.000  1.62292e+00
  6580.000  1.64586e+00
  6585.000  1.66111e+00
  6590.000  1.65894e+00
  6595.000  1.63560e+00
  6600.000  1.63670e+00
  6605.000  1.63422e+00
  6610.000  1.62695e+00
  6615.000  1.62149e+00
  6620.000  1.60714e+00
  6625.000  1.58004e+00
  6630.000  1.56787e+00
  6635.000  1.56714e+00
  6640.000  1.55750e+00
  6645.000  1.55016e+00
  6650.000  1.51569e+00
  6655.000  1.47287e+00
  6660.000  1.45349e+00
  6665.000  1.45402e+00
  6670.000  1.47063e+00
  6675.000  1.45689e+00
  6680.000  1.40859e+00
  6685.000  1.36742e+00
  6690.000  1.36480e+00
  6695.000  1.36351e+00
  6700.000  1.36653e+00
  6705.000  1.37700e+00
  6710.000  1.36273e+00
  6715.000  1.31166e+00
  6720.000  1.26032e+00
  6725.000  1.25983e+00
  6730.000  1.27017e+00
  6735.000  1.28491e+00
  6740.000  1.29228e+00
  6745.000  1.28016e+00
  6750.000  1.25463e+00
  6755.000  1.25341e+00
  6760.000  1.27039e+00
  6765.000  1.27817e+00
  6770.000  1.27594e+00
  6775.000  1.27878e+00
  6780.000  1.26467e+00
  6785.000  1.22389e+00
  6790.000  1.20722e+00
  6795.000  1.20673e+00
  6800.000  1.20766e+00
  6805.000  1.22072e+00
  6810.000  1.21264e+00
  6815.000  1.21189e+00
  6820.000  1.20369e+00
  6825.000  1.21246e+00
  6830.000  1.21999e+00
  6835.000  1.22552e+00
  6840.000  1.27054e+00
  6845.000  1.27446e+00
  6850.000  1.27737e+00
  6855.000  1.27995e+00
  6860.000  1.28287e+00
  6865.000  1.28683e+00
  6870.000  1.29256e+00
  6875.000  1.30077e+00
  6880.000  1.31220e+00
  6885.000  1.32727e+00
  6890.000  1.34506e+00
  6895.000  1.36436e+00
  6900.000  1.38395e+00
  6905.000  1.40284e+00
  6910.000  1.42107e+00
  6915.000  1.43892e+00
  6920.000  1.45664e+00
  6925.000  1.47433e+00
  6930.000  1.49127e+00
  6935.000  1.50656e+00
  6940.000  1.51929e+00
  6945.000  1.52890e+00
  6950.000  1.53613e+00
  6955.000  1.54212e+00
  6960.000  1.54795e+00
  6965.000  1.55447e+00
  6970.000  1.56145e+00
  6975.000  1.54865e+00
  6980.000  1.54963e+00
  6985.000  1.56406e+00
  6990.000  1.56844e+00
  6995.000  1.56909e+00
  7000.000  1.58768e+00
  7005.000  1.59992e+00
  7010.000  1.61611e+00
  7015.000  1.64109e+00
  7020.000  1.65824e+00
  7025.000  1.67022e+00
  7030.000  1.69929e+00
  7035.000  1.73058e+00
  7040.000  1.75502e+00
  7045.000  1.79155e+00
  7050.000  1.77975e+00
  7055.000  1.66882e+00
  7060.000  1.57668e+00
  7065.000  1.56193e+00
  7070.000  1.58285e+00
  7075.000  1.59805e+00
  7080.000  1.59063e+00
  7085.000  1.55421e+00
  7090.000  1.45513e+00
  7095.000  1.42070e+00
  7100.000  1.43149e+00
  7105.000  1.45227e+00
  7110.000  1.47477e+00
  7115.000  1.48648e+00
  7120.000  1.48893e+00
  7125.000  1.41737e+00
  7130.000  1.30796e+00
  7135.000  1.30458e+00
  7140.000  1.36622e+00
  7145.000  1.38626e+00
  7150.000  1.39562e+00
  7155.000  1.45181e+00
  7160.000  1.47600e+00
  7165.000  1.47696e+00
  7170.000  1.49132e+00
  7175.000  1.49391e+00
  7180.000  1.50206e+00
  7185.000  1.51497e+00
  7190.000  1.51426e+00
  7195.000  1.53466e+00
  7200.000  1.51413e+00
  7205.000  1.49776e+00
  7210.000  1.52906e+00
  7215.000  1.57691e+00
  7220.000  1.60804e+00
  7225.000  1.62606e+00
  7230.000  1.63568e+00
  7235.000  1.63338e+00
  7240.000  1.64981e+00
  7245.000  1.65662e+00
  7250.000  1.68941e+00
  7255.000  1.70402e+00
  7260.000  1.73503e+00
  7265.000  1.74574e+00
  7270.000  1.76654e+00
  7275.000  1.77285e+00
  7280.000  1.79274e+00
  7285.000  1.82396e+00
  7290.000  1.82557e+00
  7295.000  1.83860e+00
  7300.000  1.86854e+00
  7305.000  1.86640e+00
  7310.000  1.88066e+00
  7315.000  1.89782e+00
  7320.000  1.90493e+00
  7325.000  1.89377e+00
  7330.000  1.89133e+00
  7335.000  1.92200e+00
  7340.000  1.94179e+00
  7345.000  1.88220e+00
  7350.000  1.89346e+00
  7355.000  1.88296e+00
  7360.000  1.87551e+00
  7365.000  1.90389e+00
  7370.000  1.93933e+00
  7375.000  1.96172e+00
  7380.000  1.96912e+00
  7385.000  1.97391e+00
  7390.000  1.97111e+00
  7395.000  1.97197e+00
  7400.000  1.96808e+00
  7405.000  1.97629e+00
  7410.000  1.99571e+00
  7415.000  1.99338e+00
  7420.000  1.99621e+00
  7425.000  1.99777e+00
  7430.000  2.01120e+00
  7435.000  2.02233e+00
  7440.000  2.02571e+00
  7445.000  2.01280e+00
  7450.000  2.01220e+00
  7455.000  2.03219e+00
  7460.000  2.02928e+00
  7465.000  2.01248e+00
  7470.000  2.03625e+00
  7475.000  2.04450e+00
  7480.000  2.05231e+00
  7485.000  2.05383e+00
  7490.000  2.04460e+00
  7495.000  2.03491e+00
  7500.000  2.05252e+00
  7505.000  2.06086e+00
  7510.000  2.04911e+00
  7515.000  2.05254e+00
  7520.000  2.06160e+00
  7525.000  2.06077e+00
  7530.000  2.05778e+00
  7535.000  2.06855e+00
  7540.000  2.08502e+00
  7545.000  2.08993e+00
  7550.000  2.06690e+00
  7555.000  2.06208e+00
  7560.000  2.05740e+00
  7565.000  2.05291e+00
  7570.000  2.06139e+00
  7575.000  2.05673e+00
  7580.000  2.05246e+00
  7585.000  2.04864e+00
  7590.000  2.04534e+00
  7595.000  2.04263e+00
  7600.000  2.04058e+00
  7605.000  2.03923e+00
  7610.000  2.03842e+00
  7615.000  2.03796e+00
  7620.000  2.03765e+00
  7625.000  2.03729e+00
  7630.000  2.03670e+00
  7635.000  2.03567e+00
  7640.000  2.03401e+00
  7645.000  2.03154e+00
  7650.000  2.02804e+00
  7655.000  2.02341e+00
  7660.000  2.01780e+00
  7665.000  2.01146e+00
  7670.000  2.00463e+00
  7675.000  1.99755e+00
  7680.000  1.99046e+00
  7685.000  1.98360e+00
  7690.000  1.97721e+00
  7695.000  1.97153e+00
  7700.000  1.96680e+00
  7705.000  1.96320e+00
  7710.000  1.96064e+00
  7715.000  1.95896e+00
  7720.000  1.95802e+00
  7725.000  1.95642e+00
  7730.000  1.95508e+00
  7735.000  1.97246e+00
  7740.000  1.97471e+00
  7745.000  1.95316e+00
  7750.000  1.91591e+00
  7755.000  1.91661e+00
  7760.000  1.93354e+00
  7765.000  1.94127e+00
  7770.000  1.95484e+00
  7775.000  1.97071e+00
  7780.000  1.97573e+00
  7785.000  1.95814e+00
  7790.000  1.95578e+00
  7795.000  1.97344e+00
  7800.000  1.97852e+00
  7805.000  1.99539e+00
  7810.000  2.00966e+00
  7815.000  2.01849e+00
  7820.000  2.01362e+00
  7825.000  1.99854e+00
  7830.000  1.98013e+00
  7835.000  1.96484e+00
  7840.000  1.98025e+00
  7845.000  2.00183e+00
  7850.000  2.01379e+00
  7855.000  2.01912e+00
  7860.000  2.02583e+00
  7865.000  2.03321e+00
  7870.000  2.03820e+00
  7875.000  2.04245e+00
  7880.000  2.05488e+00
  7885.000  2.06683e+00
  7890.000  2.06953e+00
  7895.000  2.07706e+00
  7900.000  2.07925e+00
  7905.000  2.06882e+00
  7910.000  2.05523e+00
  7915.000  2.05403e+00
  7920.000  2.06534e+00
  7925.000  2.07563e+00
  7930.000  2.08377e+00
  7935.000  2.09855e+00
  7940.000  2.08674e+00
  7945.000  2.07994e+00
  7950.000  2.08283e+00
  7955.000  2.11211e+00
  7960.000  2.10867e+00
  7965.000  2.12585e+00
  7970.000  2.13939e+00
  7975.000  2.13702e+00
  7980.000  2.12791e+00
  7985.000  2.13643e+00
  7990.000  2.13708e+00
  7995.000  2.13084e+00
  8000.000  2.12061e+00
  8005.000  2.13386e+00
  8010.000  2.14664e+00
  8015.000  2.15338e+00
  8020.000  2.15723e+00
  8025.000  2.14271e+00
  8030.000  2.14530e+00
  8035.000  2.16312e+00
  8040.000  2.16819e+00
  8045.000  2.15732e+00
  8050.000  2.15713e+00
  8055.000  2.17950e+00
  8060.000  2.18514e+00
  8065.000  2.18096e+00
  8070.000  2.17311e+00
  8075.000  2.17495e+00
  8080.000  2.18240e+00
  8085.000  2.17742e+00
  8090.000  2.17006e+00
  8095.000  2.16464e+00
  8100.000  2.14604e+00
  8105.000  2.15398e+00
  8110.000  2.16734e+00
  8115.000  2.15326e+00
  8120.000  2.15900e+00
  8125.000  2.17421e+00
  8130.000  2.16694e+00
  8135.000  2.14895e+00
  8140.000  2.14488e+00
  8145.000  2.12795e+00
  8150.000  2.10949e+00
  8155.000  2.09294e+00
  8160.000  2.07464e+00
  8165.000  2.04856e+00
  8170.000  2.06802e+00
  8175.000  2.05947e+00
  8180.000  2.01251e+00
  8185.000  1.95051e+00
  8190.000  1.98268e+00
  8195.000  1.94826e+00
  8200.000  1.96902e+00
  8205.000  2.05852e+00
  8210.000  2.08906e+00
  8215.000  2.08955e+00
  8220.000  2.08294e+00
  8225.000  2.06841e+00
  8230.000  2.05551e+00
  8235.000  2.09766e+00
  8240.000  2.13530e+00
  8245.000  2.14895e+00
  8250.000  2.17144e+00
  8255.000  2.16606e+00
  8260.000  2.16172e+00
  8265.000  2.17128e+00
  8270.000  2.14112e+00
  8275.000  2.10661e+00
  8280.000  2.09205e+00
  8285.000  2.08580e+00
  8290.000  2.08317e+00
  8295.000  2.08515e+00
  8300.000  2.10161e+00
  8305.000  2.09720e+00
  8310.000  2.09702e+00
  8315.000  2.10189e+00
  8320.000  2.10058e+00
  8325.000  2.09143e+00
  8330.000  2.07815e+00
  8335.000  2.08841e+00
  8340.000  2.09282e+00
  8345.000  2.10114e+00
  8350.000  2.10441e+00
  8355.000  2.09573e+00
  8360.000  2.10013e+00
  8365.000  2.09332e+00
  8370.000  2.11350e+00
  8375.000  2.11968e+00
  8380.000  2.10301e+00
  8385.000  2.09469e+00
  8390.000  2.09854e+00
  8395.000  2.13642e+00
  8400.000  2.13756e+00
  8405.000  2.16128e+00
  8410.000  2.14394e+00
  8415.000  2.12310e+00
  8420.000  2.12969e+00
  8425.000  2.11228e+00
  8430.000  2.07772e+00
  8435.000  2.02016e+00
  8440.000  2.02725e+00
  8445.000  2.11211e+00
  8450.000  2.11434e+00
  8455.000  2.09848e+00
  8460.000  2.10208e+00
  8465.000  2.09863e+00
  8470.000  2.06892e+00
  8475.000  2.09916e+00
  8480.000  2.12440e+00
  8485.000  2.13066e+00
  8490.000  2.11440e+00
  8495.000  2.04879e+00
  8500.000  1.96543e+00
  8505.000  2.05346e+00
  8510.000  2.09749e+00
  8515.000  2.05485e+00
  8520.000  2.05419e+00
  8525.000  2.08839e+00
  8530.000  2.08880e+00
  8535.000  2.03883e+00
  8540.000  1.87086e+00
  8545.000  1.77524e+00
  8550.000  1.97624e+00
  8555.000  2.09293e+00
  8560.000  2.12302e+00
  8565.000  2.13264e+00
  8570.000  2.13534e+00
  8575.000  2.14054e+00
  8580.000  2.14191e+00
  8585.000  2.13864e+00
  8590.000  2.14883e+00
  8595.000  2.14861e+00
  8600.000  2.14992e+00
  8605.000  2.16297e+00
  8610.000  2.16374e+00
  8615.000  2.15412e+00
  8620.000  2.15691e+00
  8625.000  2.16226e+00
  8630.000  2.16381e+00
  8635.000  2.16246e+00
  8640.000  2.16740e+00
  8645.000  2.16553e+00
  8650.000  2.15720e+00
  8655.000  2.10744e+00
  8660.000  1.96425e+00
  8665.000  1.87783e+00
  8670.000  2.05064e+00
  8675.000  2.11237e+00
  8680.000  2.11187e+00
  8685.000  2.10208e+00
  8690.000  2.03782e+00
  8695.000  2.07888e+00
  8700.000  2.13483e+00
  8705.000  2.15429e+00
  8710.000  2.14984e+00
  8715.000  2.14238e+00
  8720.000  2.14366e+00
  8725.000  2.15486e+00
  8730.000  2.15645e+00
  8735.000  2.14894e+00
  8740.000  2.14291e+00
  8745.000  2.16386e+00
  8750.000  2.16605e+00
  8755.000  2.15950e+00
  8760.000  2.15044e+00
  8765.000  2.14613e+00
  8770.000  2.13561e+00
  8775.000  2.13291e+00
  8780.000  2.14673e+00
  8785.000  2.16672e+00
  8790.000  2.16800e+00
  8795.000  2.15645e+00
  8800.000  2.14295e+00
  8805.000  2.06541e+00
  8810.000  2.06088e+00
  8815.000  2.14636e+00
  8820.000  2.14497e+00
  8825.000  2.09839e+00
  8830.000  2.12543e+00
  8835.000  2.15899e+00
  8840.000  2.15697e+00
  8845.000  2.15604e+00
  8850.000  2.16262e+00
  8855.000  2.16503e+00
  8860.000  2.14161e+00
  8865.000  2.11662e+00
  8870.000  2.10532e+00
  8875.000  2.10088e+00
  8880.000  2.12437e+00
  8885.000  2.13628e+00
  8890.000  2.13797e+00
  8895.000  2.13534e+00
  8900.000  2.13729e+00
  8905.000  2.16052e+00
  8910.000  2.15050e+00
  8915.000  2.14759e+00
  8920.000  2.14722e+00
  8925.000  2.12011e+00
  8930.000  2.11318e+00
  8935.000  2.11097e+00
  8940.000  2.10622e+00
  8945.000  2.09414e+00
  8950.000  2.08059e+00
  8955.000  2.07898e+00
  8960.000  2.08597e+00
  8965.000  2.07119e+00
  8970.000  2.07261e+00
  8975.000  2.07524e+00
  8980.000  2.06397e+00
  8985.000  2.05944e+00
  8990.000  2.01569e+00
  8995.000  2.05408e+00
  9000.000  2.03965e+00
  9005.000  2.04865e+00
  9010.000  2.06878e+00
  9015.000  2.07410e+00
  9020.000  2.08984e+00
  9025.000  2.10811e+00
  9030.000  2.13229e+00
  9035.000  2.18179e+00
  9040.000  2.19586e+00
  9045.000  2.19487e+00
  9050.000  2.18452e+00
  9055.000  2.16192e+00
  9060.000  2.14183e+00
  9065.000  2.11344e+00
  9070.000  2.08338e+00
  9075.000  2.08732e+00
  9080.000  2.10026e+00
  9085.000  2.09652e+00
  9090.000  2.09482e+00
  9095.000  2.13388e+00
  9100.000  2.15156e+00
  9105.000  2.15484e+00
  9110.000  2.17027e+00
  9115.000  2.17226e+00
  9120.000  2.14089e+00
  9125.000  2.15136e+00
  9130.000  2.14104e+00
  9135.000  2.11626e+00
  9140.000  2.12276e+00
  9145.000  2.14282e+00
  9150.000  2.12052e+00
  9155.000  2.09580e+00
  9160.000  2.12036e+00
  9165.000  2.14838e+00
  9170.000  2.15877e+00
  9175.000  2.15109e+00
  9180.000  2.18843e+00
  9185.000  2.20773e+00
  9190.000  2.22698e+00
  9195.000  2.24517e+00
  9200.000  2.25324e+00
  9205.000  2.24706e+00
  9210.000  2.24162e+00
  9215.000  2.23968e+00
  9220.000  2.24255e+00
  9225.000  2.24645e+00
  9230.000  2.24604e+00
  9235.000  2.23429e+00
  9240.000  2.24303e+00
  9245.000  2.23637e+00
  9250.000  2.22978e+00
  9255.000  2.22216e+00
  9260.000  2.21203e+00
  9265.000  2.19885e+00
  9270.000  2.18357e+00
  9275.000  2.16748e+00
  9280.000  2.15191e+00
  9285.000  2.13782e+00
  9290.000  2.12484e+00
  9295.000  2.11226e+00
  9300.000  2.09937e+00
  9305.000  2.08629e+00
  9310.000  2.07646e+00
  9315.000  2.07413e+00
  9320.000  2.08359e+00
  9325.000  2.10694e+00
  9330.000  2.13772e+00
  9335.000  2.16728e+00
  9340.000  2.18702e+00
  9345.000  2.19093e+00
  9350.000  2.18364e+00
  9355.000  2.17236e+00
  9360.000  2.16433e+00
  9365.000  2.16526e+00
  9370.000  2.17489e+00
  9375.000  2.19149e+00
  9380.000  2.21329e+00
  9385.000  2.23777e+00
  9390.000  2.25918e+00
  9395.000  2.27100e+00
  9400.000  2.26670e+00
  9405.000  2.24237e+00
  9410.000  2.20468e+00
  9415.000  2.16288e+00
  9420.000  2.12625e+00
  9425.000  2.10230e+00
  9430.000  2.09138e+00
  9435.000  2.09206e+00
  9440.000  2.10293e+00
  9445.000  2.12189e+00
  9450.000  2.14420e+00
  9455.000  2.16444e+00
  9460.000  2.17721e+00
  9465.000  2.17870e+00
  9470.000  2.17145e+00
  9475.000  2.15958e+00
  9480.000  2.14723e+00
  9485.000  2.13770e+00
  9490.000  2.13102e+00
  9495.000  2.12637e+00
  9500.000  2.12295e+00
  9505.000  2.12027e+00
  9510.000  2.11904e+00
  9515.000  2.12027e+00
  9520.000  2.12499e+00
  9525.000  2.13361e+00
  9530.000  2.14404e+00
  9535.000  2.15357e+00
  9540.000  2.15950e+00
  9545.000  2.15997e+00
  9550.000  2.15658e+00
  9555.000  2.15177e+00
  9560.000  2.14799e+00
  9565.000  2.14700e+00
  9570.000  2.14767e+00
  9575.000  2.14813e+00
  9580.000  2.14654e+00
  9585.000  2.14178e+00
  9590.000  2.13568e+00
  9595.000  2.13081e+00
  9600.000  2.12972e+00
  9605.000  2.13400e+00
  9610.000  2.14125e+00
  9615.000  2.14806e+00
  9620.000  2.15104e+00
  9625.000  2.14797e+00
  9630.000  2.14141e+00
  9635.000  2.13504e+00
  9640.000  2.13259e+00
  9645.000  2.13675e+00
  9650.000  2.14620e+00
  9655.000  2.15859e+00
  9660.000  2.17158e+00
  9665.000  2.18302e+00
  9670.000  2.19141e+00
  9675.000  2.19541e+00
  9680.000  2.19369e+00
  9685.000  2.18559e+00
  9690.000  2.17320e+00
  9695.000  2.15926e+00
  9700.000  2.14655e+00
  9705.000  2.13724e+00
  9710.000  2.13117e+00
  9715.000  2.12761e+00
  9720.000  2.12583e+00
  9725.000  2.12522e+00
  9730.000  2.12569e+00
  9735.000  2.12728e+00
  9740.000  2.13002e+00
  9745.000  2.13389e+00
  9750.000  2.13857e+00
  9755.000  2.14365e+00
  9760.000  2.14872e+00
  9765.000  2.15340e+00
  9770.000  2.15752e+00
  9775.000  2.16092e+00
  9780.000  2.16348e+00
  9785.000  2.16525e+00
  9790.000  2.16716e+00
  9795.000  2.17033e+00
  9800.000  2.17588e+00
  9805.000  2.18436e+00
  9810.000  2.19399e+00
  9815.000  2.20241e+00
  9820.000  2.20726e+00
  9825.000  2.20690e+00
  9830.000  2.20252e+00
  9835.000  2.19605e+00
  9840.000  2.18941e+00
  9845.000  2.18401e+00
  9850.000  2.17934e+00
  9855.000  2.17444e+00
  9860.000  2.16860e+00
  9865.000  2.16126e+00
  9870.000  2.15228e+00
  9875.000  2.14160e+00
  9880.000  2.12915e+00
  9885.000  2.11506e+00
  9890.000  2.10019e+00
  9895.000  2.08559e+00
  9900.000  2.07229e+00
  9905.000  2.06129e+00
  9910.000  2.05344e+00
  9915.000  2.04953e+00
  9920.000  2.05037e+00
  9925.000  2.05618e+00
  9930.000  2.06491e+00
  9935.000  2.07394e+00
  9940.000  2.08063e+00
  9945.000  2.08310e+00
  9950.000  2.08239e+00
  9955.000  2.08030e+00
  9960.000  2.07873e+00
  9965.000  2.07912e+00
  9970.000  2.08097e+00
  9975.000  2.08331e+00
  9980.000  2.08515e+00
  9985.000  2.08588e+00
  9990.000  2.08629e+00
  9995.000  2.08752e+00
 10000.000  2.09071e+00
 10005.000  2.09648e+00
 10010.000  2.10318e+00
 10015.000  2.10863e+00
 10020.000  2.11066e+00
 10025.000  2.10790e+00
 10030.000  2.10233e+00
 10035.000  2.09676e+00
 10040.000  2.09398e+00
 10045.000  2.09602e+00
 10050.000  2.10186e+00
 10055.000  2.10970e+00
 10060.000  2.11773e+00
 10065.000  2.12446e+00
 10070.000  2.12953e+00
 10075.000  2.13287e+00
 10080.000  2.13444e+00
 10085.000  2.13427e+00
 10090.000  2.13283e+00
 10095.000  2.13071e+00
 10100.000  2.12849e+00
 10105.000  2.12656e+00
 10110.000  2.12468e+00
 10115.000  2.12238e+00
 10120.000  2.11924e+00
 10125.000  2.11507e+00
 10130.000  2.11075e+00
 10135.000  2.10739e+00
 10140.000  2.10614e+00
 10145.000  2.10763e+00
 10150.000  2.11064e+00
 10155.000  2.11344e+00
 10160.000  2.11431e+00
 10165.000  2.11203e+00
 10170.000  2.10746e+00
 10175.000  2.10194e+00
 10180.000  2.09682e+00
 10185.000  2.09318e+00
 10190.000  2.09103e+00
 10195.000  2.09012e+00
 10200.000  2.09017e+00
 10205.000  2.09095e+00
 10210.000  2.09231e+00
 10215.000  2.09411e+00
 10220.000  2.09621e+00
 10225.000  2.09833e+00
 10230.000  2.09958e+00
 10235.000  2.09893e+00
 10240.000  2.09532e+00
 10245.000  2.08825e+00
 10250.000  2.07928e+00
 10255.000  2.07051e+00
 10260.000  2.06402e+00
 10265.000  2.06129e+00
 10270.000  2.06145e+00
 10275.000  2.06303e+00
 10280.000  2.06456e+00
 10285.000  2.06482e+00
 10290.000  2.06359e+00
 10295.000  2.06087e+00
 10300.000  2.05670e+00
 10305.000  2.06353e+00
 10310.000  2.06001e+00
 10315.000  2.05657e+00
 10320.000  2.05360e+00
 10325.000  2.05144e+00
 10330.000  2.05005e+00
 10335.000  2.04933e+00
 10340.000  2.04917e+00
 10345.000  2.04946e+00
 10350.000  2.05010e+00
 10355.000  2.05098e+00
 10360.000  2.05197e+00
 10365.000  2.05294e+00
 10370.000  2.05371e+00
 10375.000  2.05413e+00
 10380.000  2.05401e+00
 10385.000  2.05332e+00
 10390.000  2.05256e+00
 10395.000  2.05236e+00
 10400.000  2.05336e+00
 10405.000  2.05594e+00
 10410.000  2.05943e+00
 10415.000  2.06293e+00
 10420.000  2.06553e+00
 10425.000  2.06659e+00
 10430.000  2.06657e+00
 10435.000  2.06621e+00
 10440.000  2.06626e+00
 10445.000  2.06720e+00
 10450.000  2.06858e+00
 10455.000  2.06968e+00
 10460.000  2.06982e+00
 10465.000  2.06852e+00
 10470.000  2.06607e+00
 10475.000  2.06295e+00
 10480.000  2.05966e+00
 10485.000  2.05667e+00
 10490.000  2.05434e+00
 10495.000  2.05301e+00
 10500.000  2.05304e+00
