# pickles/b0v  |  Pickles 1998, PASP 110, 863
# columns: wavelength_Angstrom  flam_erg_s_cm2_A (absolute scale arbitrary - ETC renormalizes)
  1150.000  1.68676e+02
  1155.000  1.33074e+02
  1160.000  1.13737e+02
  1165.000  1.11827e+02
  1170.000  9.99580e+01
  1175.000  7.95156e+01
  1180.000  8.66606e+01
  1185.000  9.65308e+01
  1190.000  8.92227e+01
  1195.000  7.94014e+01
  1200.000  7.98823e+01
  1205.000  7.32266e+01
  1210.000  5.82626e+01
  1215.000  3.36950e+01
  1220.000  5.30254e+01
  1225.000  8.37074e+01
  1230.000  9.09660e+01
  1235.000  9.39704e+01
  1240.000  9.31654e+01
  1245.000  8.99245e+01
  1250.000  8.65484e+01
  1255.000  8.70898e+01
  1260.000  8.98497e+01
  1265.000  9.40268e+01
  1270.000  9.34236e+01
  1275.000  9.28718e+01
  1280.000  9.25436e+01
  1285.000  9.05341e+01
  1290.000  9.13557e+01
  1295.000  8.61021e+01
  1300.000  8.06711e+01
  1305.000  8.38673e+01
  1310.000  9.21272e+01
  1315.000  8.90502e+01
  1320.000  8.81005e+01
  1325.000  8.36841e+01
  1330.000  8.45018e+01
  1335.000  7.80606e+01
  1340.000  7.69396e+01
  1345.000  7.67582e+01
  1350.000  7.68921e+01
  1355.000  7.74456e+01
  1360.000  7.52023e+01
  1365.000  7.46105e+01
  1370.000  7.41002e+01
  1375.000  7.17466e+01
  1380.000  7.03727e+01
  1385.000  6.67045e+01
  1390.000  5.99430e+01
  1395.000  5.01030e+01
  1400.000  5.27390e+01
  1405.000  5.43122e+01
  1410.000  6.00125e+01
  1415.000  6.14530e+01
  1420.000  5.93056e+01
  1425.000  5.69556e+01
  1430.000  5.57796e+01
  1435.000  5.92967e+01
  1440.000  5.85410e+01
  1445.000  5.81282e+01
  1450.000  5.76370e+01
  1455.000  5.63316e+01
  1460.000  5.59113e+01
  1465.000  5.58783e+01
  1470.000  5.63468e+01
  1475.000  5.65831e+01
  1480.000  5.58787e+01
  1485.000  5.58924e+01
  1490.000  5.70508e+01
  1495.000  5.48751e+01
  1500.000  5.12709e+01
  1505.000  5.05747e+01
  1510.000  5.15881e+01
  1515.000  5.11341e+01
  1520.000  5.19892e+01
  1525.000  4.82213e+01
  1530.000  4.40279e+01
  1535.000  4.23120e+01
  1540.000  4.20033e+01
  1545.000  3.59083e+01
  1550.000  3.06139e+01
  1555.000  3.84977e+01
  1560.000  4.18294e+01
  1565.000  4.06956e+01
  1570.000  4.14367e+01
  1575.000  4.21186e+01
  1580.000  4.16306e+01
  1585.000  4.31225e+01
  1590.000  4.29729e+01
  1595.000  4.09505e+01
  1600.000  4.02136e+01
  1605.000  3.85830e+01
  1610.000  3.66257e+01
  1615.000  3.69619e+01
  1620.000  3.64266e+01
  1625.000  3.64481e+01
  1630.000  3.62438e+01
  1635.000  3.66423e+01
  1640.000  3.58838e+01
  1645.000  3.71147e+01
  1650.000  3.90983e+01
  1655.000  3.70943e+01
  1660.000  3.55989e+01
  1665.000  3.63585e+01
  1670.000  3.54295e+01
  1675.000  3.56431e+01
  1680.000  3.72564e+01
  1685.000  3.70120e+01
  1690.000  3.54641e+01
  1695.000  3.55133e+01
  1700.000  3.52825e+01
  1705.000  3.48234e+01
  1710.000  3.51369e+01
  1715.000  3.41501e+01
  1720.000  3.13602e+01
  1725.000  3.12574e+01
  1730.000  3.29012e+01
  1735.000  3.40965e+01
  1740.000  3.35294e+01
  1745.000  3.35381e+01
  1750.000  3.28586e+01
  1755.000  3.32397e+01
  1760.000  3.41244e+01
  1765.000  3.39699e+01
  1770.000  3.35065e+01
  1775.000  3.29912e+01
  1780.000  3.28085e+01
  1785.000  3.18923e+01
  1790.000  2.91749e+01
  1795.000  2.99397e+01
  1800.000  3.15084e+01
  1805.000  3.07941e+01
  1810.000  3.05653e+01
  1815.000  3.10030e+01
  1820.000  3.10794e+01
  1825.000  3.10615e+01
  1830.000  3.13210e+01
  1835.000  3.11991e+01
  1840.000  2.97819e+01
  1845.000  2.84685e+01
  1850.000  2.81013e+01
  1855.000  2.79031e+01
  1860.000  2.80012e+01
  1865.000  2.82554e+01
  1870.000  2.78227e+01
  1875.000  2.76004e+01
  1880.000  2.74589e+01
  1885.000  2.60155e+01
  1890.000  2.52599e+01
  1895.000  2.53894e+01
  1900.000  2.56125e+01
  1905.000  2.52098e+01
  1910.000  2.49447e+01
  1915.000  2.44038e+01
  1920.000  2.32411e+01
  1925.000  2.29106e+01
  1930.000  2.38830e+01
  1935.000  2.48636e+01
  1940.000  2.45203e+01
  1945.000  2.46782e+01
  1950.000  2.43895e+01
  1955.000  2.37217e+01
  1960.000  2.24889e+01
  1965.000  2.23042e+01
  1970.000  2.26573e+01
  1975.000  2.28881e+01
  1980.000  2.29775e+01
  1985.000  2.26871e+01
  1990.000  2.19232e+01
  1995.000  2.15061e+01
  2000.000  2.13173e+01
  2005.000  2.16954e+01
  2010.000  2.13611e+01
  2015.000  2.16601e+01
  2020.000  2.19006e+01
  2025.000  2.22294e+01
  2030.000  2.20972e+01
  2035.000  2.20507e+01
  2040.000  2.17838e+01
  2045.000  2.14812e+01
  2050.000  2.16666e+01
  2055.000  2.04693e+01
  2060.000  1.86503e+01
  2065.000  1.94263e+01
  2070.000  2.06817e+01
  2075.000  2.09904e+01
  2080.000  2.03986e+01
  2085.000  2.05910e+01
  2090.000  2.04784e+01
  2095.000  1.98541e+01
  2100.000  1.90811e+01
  2105.000  1.93306e+01
  2110.000  1.93482e+01
  2115.000  1.99089e+01
  2120.000  1.97197e+01
  2125.000  1.94826e+01
  2130.000  2.03709e+01
  2135.000  1.94277e+01
  2140.000  1.92948e+01
  2145.000  1.94195e+01
  2150.000  1.87578e+01
  2155.000  1.86909e+01
  2160.000  1.87313e+01
  2165.000  1.82407e+01
  2170.000  1.82294e+01
  2175.000  1.78612e+01
  2180.000  1.79144e+01
  2185.000  1.75349e+01
  2190.000  1.77373e+01
  2195.000  1.79986e+01
  2200.000  1.78520e+01
  2205.000  1.74068e+01
  2210.000  1.68417e+01
  2215.000  1.66436e+01
  2220.000  1.63476e+01
  2225.000  1.59345e+01
  2230.000  1.57612e+01
  2235.000  1.60470e+01
  2240.000  1.63582e+01
  2245.000  1.61175e+01
  2250.000  1.57568e+01
  2255.000  1.56103e+01
  2260.000  1.58356e+01
  2265.000  1.58194e+01
  2270.000  1.53972e+01
  2275.000  1.51930e+01
  2280.000  1.54843e+01
  2285.000  1.53848e+01
  2290.000  1.50386e+01
  2295.000  1.48937e+01
  2300.000  1.41584e+01
  2305.000  1.39539e+01
  2310.000  1.46340e+01
  2315.000  1.47789e+01
  2320.000  1.49322e+01
  2325.000  1.45673e+01
  2330.000  1.46517e+01
  2335.000  1.50007e+01
  2340.000  1.42263e+01
  2345.000  1.40158e+01
  2350.000  1.40153e+01
  2355.000  1.43238e+01
  2360.000  1.47553e+01
  2365.000  1.44866e+01
  2370.000  1.42416e+01
  2375.000  1.42069e+01
  2380.000  1.36382e+01
  2385.000  1.34225e+01
  2390.000  1.30606e+01
  2395.000  1.31212e+01
  2400.000  1.32057e+01
  2405.000  1.37257e+01
  2410.000  1.34593e+01
  2415.000  1.32606e+01
  2420.000  1.32983e+01
  2425.000  1.28464e+01
  2430.000  1.32558e+01
  2435.000  1.36514e+01
  2440.000  1.35449e+01
  2445.000  1.28219e+01
  2450.000  1.29986e+01
  2455.000  1.33840e+01
  2460.000  1.33149e+01
  2465.000  1.36675e+01
  2470.000  1.30262e+01
  2475.000  1.24180e+01
  2480.000  1.26475e+01
  2485.000  1.28615e+01
  2490.000  1.29996e+01
  2495.000  1.27183e+01
  2500.000  1.29064e+01
  2505.000  1.28224e+01
  2510.000  1.25986e+01
  2515.000  1.18822e+01
  2520.000  1.21817e+01
  2525.000  1.19628e+01
  2530.000  1.24534e+01
  2535.000  1.28028e+01
  2540.000  1.20350e+01
  2545.000  1.18590e+01
  2550.000  1.20489e+01
  2555.000  1.21553e+01
  2560.000  1.20152e+01
  2565.000  1.18615e+01
  2570.000  1.18566e+01
  2575.000  1.23356e+01
  2580.000  1.08940e+01
  2585.000  1.01715e+01
  2590.000  1.10019e+01
  2595.000  1.14938e+01
  2600.000  1.19908e+01
  2605.000  1.13942e+01
  2610.000  1.15334e+01
  2615.000  1.20000e+01
  2620.000  1.17869e+01
  2625.000  1.16942e+01
  2630.000  1.17308e+01
  2635.000  1.18058e+01
  2640.000  1.18983e+01
  2645.000  1.15082e+01
  2650.000  1.14033e+01
  2655.000  1.13761e+01
  2660.000  1.10016e+01
  2665.000  1.06343e+01
  2670.000  1.07274e+01
  2675.000  1.08968e+01
  2680.000  1.07369e+01
  2685.000  1.05892e+01
  2690.000  1.08478e+01
  2695.000  1.04272e+01
  2700.000  9.83882e+00
  2705.000  9.91388e+00
  2710.000  1.04046e+01
  2715.000  1.01422e+01
  2720.000  1.00227e+01
  2725.000  9.67118e+00
  2730.000  9.87252e+00
  2735.000  9.89618e+00
  2740.000  9.82178e+00
  2745.000  9.66878e+00
  2750.000  1.02651e+01
  2755.000  1.00095e+01
  2760.000  9.93548e+00
  2765.000  1.04539e+01
  2770.000  9.92239e+00
  2775.000  9.47779e+00
  2780.000  9.33081e+00
  2785.000  9.09906e+00
  2790.000  8.80877e+00
  2795.000  8.95326e+00
  2800.000  8.57403e+00
  2805.000  8.53050e+00
  2810.000  8.89069e+00
  2815.000  9.17546e+00
  2820.000  9.41978e+00
  2825.000  9.19893e+00
  2830.000  8.54656e+00
  2835.000  8.48912e+00
  2840.000  8.86315e+00
  2845.000  8.76188e+00
  2850.000  8.54681e+00
  2855.000  8.27183e+00
  2860.000  8.45893e+00
  2865.000  8.66453e+00
  2870.000  8.54661e+00
  2875.000  8.39694e+00
  2880.000  8.51687e+00
  2885.000  8.44105e+00
  2890.000  8.40472e+00
  2895.000  8.50619e+00
  2900.000  8.50809e+00
  2905.000  8.26590e+00
  2910.000  8.13102e+00
  2915.000  8.09604e+00
  2920.000  8.04674e+00
  2925.000  8.07880e+00
  2930.000  8.15956e+00
  2935.000  8.13554e+00
  2940.000  8.01028e+00
  2945.000  8.03167e+00
  2950.000  7.85318e+00
  2955.000  7.88557e+00
  2960.000  8.04073e+00
  2965.000  7.88982e+00
  2970.000  7.87737e+00
  2975.000  7.66467e+00
  2980.000  7.73593e+00
  2985.000  7.70909e+00
  2990.000  7.51039e+00
  2995.000  7.51997e+00
  3000.000  7.61262e+00
  3005.000  7.53855e+00
  3010.000  7.53367e+00
  3015.000  7.38417e+00
  3020.000  7.26431e+00
  3025.000  7.05540e+00
  3030.000  6.83387e+00
  3035.000  7.02256e+00
  3040.000  7.06259e+00
  3045.000  7.04076e+00
  3050.000  7.07312e+00
  3055.000  7.08550e+00
  3060.000  6.88345e+00
  3065.000  6.78152e+00
  3070.000  6.88093e+00
  3075.000  6.77326e+00
  3080.000  6.85588e+00
  3085.000  6.95988e+00
  3090.000  6.90140e+00
  3095.000  6.90253e+00
  3100.000  6.80044e+00
  3105.000  6.94044e+00
  3110.000  6.71619e+00
  3115.000  6.53468e+00
  3120.000  6.45696e+00
  3125.000  6.66912e+00
  3130.000  6.74427e+00
  3135.000  6.83391e+00
  3140.000  6.79283e+00
  3145.000  6.65551e+00
  3150.000  6.60785e+00
  3155.000  6.48517e+00
  3160.000  6.35105e+00
  3165.000  6.42554e+00
  3170.000  6.43056e+00
  3175.000  6.48661e+00
  3180.000  6.16458e+00
  3185.000  6.06068e+00
  3190.000  6.17410e+00
  3195.000  6.13147e+00
  3200.000  6.23626e+00
  3205.000  6.28185e+00
  3210.000  6.26850e+00
  3215.000  6.12992e+00
  3220.000  6.00328e+00
  3225.000  6.02829e+00
  3230.000  6.15137e+00
  3235.000  6.27491e+00
  3240.000  6.31824e+00
  3245.000  6.23457e+00
  3250.000  6.09559e+00
  3255.000  5.99025e+00
  3260.000  5.95795e+00
  3265.000  5.99559e+00
  3270.000  5.97950e+00
  3275.000  5.81312e+00
  3280.000  5.62889e+00
  3285.000  5.57006e+00
  3290.000  5.59394e+00
  3295.000  5.62256e+00
  3300.000  5.62269e+00
  3305.000  5.58350e+00
  3310.000  5.53903e+00
  3315.000  5.52447e+00
  3320.000  5.53487e+00
  3325.000  5.55567e+00
  3330.000  5.57400e+00
  3335.000  5.57670e+00
  3340.000  5.54757e+00
  3345.000  5.48238e+00
  3350.000  5.42757e+00
  3355.000  5.42302e+00
  3360.000  5.43151e+00
  3365.000  5.40495e+00
  3370.000  5.32897e+00
  3375.000  5.21554e+00
  3380.000  5.14829e+00
  3385.000  5.19179e+00
  3390.000  5.26260e+00
  3395.000  5.26901e+00
  3400.000  5.23409e+00
  3405.000  5.20012e+00
  3410.000  5.17136e+00
  3415.000  5.14316e+00
  3420.000  5.11315e+00
  3425.000  5.07847e+00
  3430.000  5.03190e+00
  3435.000  4.97287e+00
  3440.000  4.93191e+00
  3445.000  4.93360e+00
  3450.000  4.94787e+00
  3455.000  4.94210e+00
  3460.000  4.92822e+00
  3465.000  4.92126e+00
  3470.000  4.90407e+00
  3475.000  4.86064e+00
  3480.000  4.81163e+00
  3485.000  4.78048e+00
  3490.000  4.76510e+00
  3495.000  4.75421e+00
  3500.000  4.72510e+00
  3505.000  4.66404e+00
  3510.000  4.59072e+00
  3515.000  4.61590e+00
  3520.000  4.62690e+00
  3525.000  4.60559e+00
  3530.000  4.56286e+00
  3535.000  4.54233e+00
  3540.000  4.54062e+00
  3545.000  4.50804e+00
  3550.000  4.43427e+00
  3555.000  4.44324e+00
  3560.000  4.41779e+00
  3565.000  4.36327e+00
  3570.000  4.31329e+00
  3575.000  4.27018e+00
  3580.000  4.19996e+00
  3585.000  4.15554e+00
  3590.000  4.13339e+00
  3595.000  4.15028e+00
  3600.000  4.13643e+00
  3605.000  4.09414e+00
  3610.000  4.03850e+00
  3615.000  4.02783e+00
  3620.000  4.04940e+00
  3625.000  4.01295e+00
  3630.000  3.94672e+00
  3635.000  3.95611e+00
  3640.000  3.98678e+00
  3645.000  4.00806e+00
  3650.000  4.02597e+00
  3655.000  4.08731e+00
  3660.000  4.09096e+00
  3665.000  4.00087e+00
  3670.000  3.96160e+00
  3675.000  3.91688e+00
  3680.000  3.92992e+00
  3685.000  3.94193e+00
  3690.000  3.94574e+00
  3695.000  3.89049e+00
  3700.000  3.80750e+00
  3705.000  3.72903e+00
  3710.000  3.80003e+00
  3715.000  3.85256e+00
  3720.000  3.85788e+00
  3725.000  3.84337e+00
  3730.000  3.87912e+00
  3735.000  3.85925e+00
  3740.000  3.93265e+00
  3745.000  3.85196e+00
  3750.000  3.69828e+00
  3755.000  3.76500e+00
  3760.000  3.84799e+00
  3765.000  3.83788e+00
  3770.000  3.65649e+00
  3775.000  3.83799e+00
  3780.000  4.15618e+00
  3785.000  4.23937e+00
  3790.000  4.09572e+00
  3795.000  3.77145e+00
  3800.000  3.78127e+00
  3805.000  4.10815e+00
  3810.000  4.31232e+00
  3815.000  4.28713e+00
  3820.000  4.23112e+00
  3825.000  4.25149e+00
  3830.000  3.95696e+00
  3835.000  3.63888e+00
  3840.000  3.86227e+00
  3845.000  4.18640e+00
  3850.000  4.27527e+00
  3855.000  4.29775e+00
  3860.000  4.28756e+00
  3865.000  4.21437e+00
  3870.000  4.13241e+00
  3875.000  4.07779e+00
  3880.000  3.86740e+00
  3885.000  3.51068e+00
  3890.000  3.34325e+00
  3895.000  3.69005e+00
  3900.000  3.97199e+00
  3905.000  4.05133e+00
  3910.000  4.05225e+00
  3915.000  4.03505e+00
  3920.000  3.95000e+00
  3925.000  3.87378e+00
  3930.000  3.86996e+00
  3935.000  3.79287e+00
  3940.000  3.87432e+00
  3945.000  3.88587e+00
  3950.000  3.86500e+00
  3955.000  3.79062e+00
  3960.000  3.58460e+00
  3965.000  3.18794e+00
  3970.000  2.95844e+00
  3975.000  3.23930e+00
  3980.000  3.52808e+00
  3985.000  3.63084e+00
  3990.000  3.67072e+00
  3995.000  3.65448e+00
  4000.000  3.60617e+00
  4005.000  3.57786e+00
  4010.000  3.54946e+00
  4015.000  3.54528e+00
  4020.000  3.43500e+00
  4025.000  3.27382e+00
  4030.000  3.32361e+00
  4035.000  3.42913e+00
  4040.000  3.44881e+00
  4045.000  3.46965e+00
  4050.000  3.49849e+00
  4055.000  3.46745e+00
  4060.000  3.44840e+00
  4065.000  3.41602e+00
  4070.000  3.31160e+00
  4075.000  3.31372e+00
  4080.000  3.32567e+00
  4085.000  3.27176e+00
  4090.000  3.14659e+00
  4095.000  2.93420e+00
  4100.000  2.65355e+00
  4105.000  2.71930e+00
  4110.000  2.98761e+00
  4115.000  3.10020e+00
  4120.000  3.15091e+00
  4125.000  3.18744e+00
  4130.000  3.19575e+00
  4135.000  3.16694e+00
  4140.000  3.11825e+00
  4145.000  3.05309e+00
  4150.000  3.06924e+00
  4155.000  3.07223e+00
  4160.000  3.07148e+00
  4165.000  3.08218e+00
  4170.000  3.03529e+00
  4175.000  3.02321e+00
  4180.000  3.00500e+00
  4185.000  2.95575e+00
  4190.000  2.93122e+00
  4195.000  2.90175e+00
  4200.000  2.86295e+00
  4205.000  2.89185e+00
  4210.000  2.90533e+00
  4215.000  2.89381e+00
  4220.000  2.90181e+00
  4225.000  2.90871e+00
  4230.000  2.86428e+00
  4235.000  2.87137e+00
  4240.000  2.85594e+00
  4245.000  2.82160e+00
  4250.000  2.80978e+00
  4255.000  2.79140e+00
  4260.000  2.76594e+00
  4265.000  2.78063e+00
  4270.000  2.77731e+00
  4275.000  2.73864e+00
  4280.000  2.75489e+00
  4285.000  2.75962e+00
  4290.000  2.75461e+00
  4295.000  2.76789e+00
  4300.000  2.74955e+00
  4305.000  2.70911e+00
  4310.000  2.69254e+00
  4315.000  2.66825e+00
  4320.000  2.64262e+00
  4325.000  2.62014e+00
  4330.000  2.51120e+00
  4335.000  2.30772e+00
  4340.000  2.08905e+00
  4345.000  2.18081e+00
  4350.000  2.38550e+00
  4355.000  2.51044e+00
  4360.000  2.55444e+00
  4365.000  2.55384e+00
  4370.000  2.54251e+00
  4375.000  2.52333e+00
  4380.000  2.51769e+00
  4385.000  2.45039e+00
  4390.000  2.40950e+00
  4395.000  2.48208e+00
  4400.000  2.48187e+00
  4405.000  2.45278e+00
  4410.000  2.41950e+00
  4415.000  2.37679e+00
  4420.000  2.35921e+00
  4425.000  2.31675e+00
  4430.000  2.27771e+00
  4435.000  2.28389e+00
  4440.000  2.31018e+00
  4445.000  2.33737e+00
  4450.000  2.34607e+00
  4455.000  2.35508e+00
  4460.000  2.33534e+00
  4465.000  2.24659e+00
  4470.000  2.12428e+00
  4475.000  2.16133e+00
  4480.000  2.23856e+00
  4485.000  2.27023e+00
  4490.000  2.29415e+00
  4495.000  2.28572e+00
  4500.000  2.26635e+00
  4505.000  2.24981e+00
  4510.000  2.23748e+00
  4515.000  2.21637e+00
  4520.000  2.23607e+00
  4525.000  2.21202e+00
  4530.000  2.18563e+00
  4535.000  2.15677e+00
  4540.000  2.13306e+00
  4545.000  2.14964e+00
  4550.000  2.14489e+00
  4555.000  2.15957e+00
  4560.000  2.16226e+00
  4565.000  2.15181e+00
  4570.000  2.12559e+00
  4575.000  2.12370e+00
  4580.000  2.12235e+00
  4585.000  2.10829e+00
  4590.000  2.07033e+00
  4595.000  2.06277e+00
  4600.000  2.07048e+00
  4605.000  2.06005e+00
  4610.000  2.02816e+00
  4615.000  2.02124e+00
  4620.000  2.03570e+00
  4625.000  2.01532e+00
  4630.000  1.98146e+00
  4635.000  1.96386e+00
  4640.000  1.92928e+00
  4645.000  1.88878e+00
  4650.000  1.86732e+00
  4655.000  1.92671e+00
  4660.000  1.94557e+00
  4665.000  1.94835e+00
  4670.000  1.96187e+00
  4675.000  1.92046e+00
  4680.000  1.87805e+00
  4685.000  1.83153e+00
  4690.000  1.86500e+00
  4695.000  1.89151e+00
  4700.000  1.88125e+00
  4705.000  1.86538e+00
  4710.000  1.83644e+00
  4715.000  1.83535e+00
  4720.000  1.84284e+00
  4725.000  1.83742e+00
  4730.000  1.82732e+00
  4735.000  1.82503e+00
  4740.000  1.81993e+00
  4745.000  1.80770e+00
  4750.000  1.79174e+00
  4755.000  1.77996e+00
  4760.000  1.76667e+00
  4765.000  1.76315e+00
  4770.000  1.76213e+00
  4775.000  1.74981e+00
  4780.000  1.75065e+00
  4785.000  1.75665e+00
  4790.000  1.76783e+00
  4795.000  1.75990e+00
  4800.000  1.74168e+00
  4805.000  1.72551e+00
  4810.000  1.70452e+00
  4815.000  1.69434e+00
  4820.000  1.69505e+00
  4825.000  1.69379e+00
  4830.000  1.68531e+00
  4835.000  1.70234e+00
  4840.000  1.68527e+00
  4845.000  1.65341e+00
  4850.000  1.57898e+00
  4855.000  1.43999e+00
  4860.000  1.31416e+00
  4865.000  1.38635e+00
  4870.000  1.51474e+00
  4875.000  1.55611e+00
  4880.000  1.56940e+00
  4885.000  1.56335e+00
  4890.000  1.58178e+00
  4895.000  1.58503e+00
  4900.000  1.58817e+00
  4905.000  1.57748e+00
  4910.000  1.56573e+00
  4915.000  1.55370e+00
  4920.000  1.49448e+00
  4925.000  1.50522e+00
  4930.000  1.56180e+00
  4935.000  1.55965e+00
  4940.000  1.56468e+00
  4945.000  1.56749e+00
  4950.000  1.56005e+00
  4955.000  1.55116e+00
  4960.000  1.54224e+00
  4965.000  1.53101e+00
  4970.000  1.52848e+00
  4975.000  1.51526e+00
  4980.000  1.51294e+00
  4985.000  1.50340e+00
  4990.000  1.50702e+00
  4995.000  1.51147e+00
  5000.000  1.49376e+00
  5005.000  1.48068e+00
  5010.000  1.47360e+00
  5015.000  1.45347e+00
  5020.000  1.45394e+00
  5025.000  1.45675e+00
  5030.000  1.45085e+00
  5035.000  1.44435e+00
  5040.000  1.44207e+00
  5045.000  1.41717e+00
  5050.000  1.41062e+00
  5055.000  1.42229e+00
  5060.000  1.41799e+00
  5065.000  1.42096e+00
  5070.000  1.42113e+00
  5075.000  1.41196e+00
  5080.000  1.40448e+00
  5085.000  1.38864e+00
  5090.000  1.38109e+00
  5095.000  1.37623e+00
  5100.000  1.37989e+00
  5105.000  1.37970e+00
  5110.000  1.37058e+00
  5115.000  1.36524e+00
  5120.000  1.35600e+00
  5125.000  1.35383e+00
  5130.000  1.34511e+00
  5135.000  1.35010e+00
  5140.000  1.34949e+00
  5145.000  1.33148e+00
  5150.000  1.32757e+00
  5155.000  1.31463e+00
  5160.000  1.31097e+00
  5165.000  1.31264e+00
  5170.000  1.31027e+00
  5175.000  1.31189e+00
  5180.000  1.31165e+00
  5185.000  1.30059e+00
  5190.000  1.29276e+00
  5195.000  1.29510e+00
  5200.000  1.28851e+00
  5205.000  1.27588e+00
  5210.000  1.27251e+00
  5215.000  1.26447e+00
  5220.000  1.26228e+00
  5225.000  1.26498e+00
  5230.000  1.25515e+00
  5235.000  1.25250e+00
  5240.000  1.25065e+00
  5245.000  1.24428e+00
  5250.000  1.23122e+00
  5255.000  1.22605e+00
  5260.000  1.22936e+00
  5265.000  1.21855e+00
  5270.000  1.21240e+00
  5275.000  1.20962e+00
  5280.000  1.21127e+00
  5285.000  1.20563e+00
  5290.000  1.20054e+00
  5295.000  1.20341e+00
  5300.000  1.20538e+00
  5305.000  1.18953e+00
  5310.000  1.18213e+00
  5315.000  1.18003e+00
  5320.000  1.18040e+00
  5325.000  1.18389e+00
  5330.000  1.17574e+00
  5335.000  1.16936e+00
  5340.000  1.16497e+00
  5345.000  1.16632e+00
  5350.000  1.16733e+00
  5355.000  1.15860e+00
  5360.000  1.14761e+00
  5365.000  1.14245e+00
  5370.000  1.13660e+00
  5375.000  1.12925e+00
  5380.000  1.12998e+00
  5385.000  1.12554e+00
  5390.000  1.11940e+00
  5395.000  1.11485e+00
  5400.000  1.11179e+00
  5405.000  1.09725e+00
  5410.000  1.07265e+00
  5415.000  1.07865e+00
  5420.000  1.09668e+00
  5425.000  1.09591e+00
  5430.000  1.09572e+00
  5435.000  1.08720e+00
  5440.000  1.07966e+00
  5445.000  1.06856e+00
  5450.000  1.06001e+00
  5455.000  1.05785e+00
  5460.000  1.06155e+00
  5465.000  1.05861e+00
  5470.000  1.05474e+00
  5475.000  1.05450e+00
  5480.000  1.04537e+00
  5485.000  1.03662e+00
  5490.000  1.03282e+00
  5495.000  1.03992e+00
  5500.000  1.04601e+00
  5505.000  1.03902e+00
  5510.000  1.03524e+00
  5515.000  1.02917e+00
  5520.000  1.02491e+00
  5525.000  1.01752e+00
  5530.000  1.01183e+00
  5535.000  1.00301e+00
  5540.000  9.96676e-01
  5545.000  9.99812e-01
  5550.000  1.00690e+00
  5555.000  1.00888e+00
  5560.000  1.00218e+00
  5565.000  9.97924e-01
  5570.000  9.97829e-01
  5575.000  1.00301e+00
  5580.000  9.90811e-01
  5585.000  9.75578e-01
  5590.000  9.69025e-01
  5595.000  9.72292e-01
  5600.000  9.67970e-01
  5605.000  9.70631e-01
  5610.000  9.68551e-01
  5615.000  9.63653e-01
  5620.000  9.60898e-01
  5625.000  9.59937e-01
  5630.000  9.48398e-01
  5635.000  9.47054e-01
  5640.000  9.48366e-01
  5645.000  9.41377e-01
  5650.000  9.36741e-01
  5655.000  9.30753e-01
  5660.000  9.32053e-01
  5665.000  9.26977e-01
  5670.000  9.21496e-01
  5675.000  9.19316e-01
  5680.000  9.17220e-01
  5685.000  9.16677e-01
  5690.000  9.15542e-01
  5695.000  9.05766e-01
  5700.000  8.95869e-01
  5705.000  8.90287e-01
  5710.000  8.96826e-01
  5715.000  8.92395e-01
  5720.000  8.85162e-01
  5725.000  8.88847e-01
  5730.000  8.82125e-01
  5735.000  8.76316e-01
  5740.000  8.67954e-01
  5745.000  8.68228e-01
  5750.000  8.73487e-01
  5755.000  8.73851e-01
  5760.000  8.65241e-01
  5765.000  8.57019e-01
  5770.000  8.46977e-01
  5775.000  8.30679e-01
  5780.000  8.10022e-01
  5785.000  8.23235e-01
  5790.000  8.34050e-01
  5795.000  8.23709e-01
  5800.000  8.18203e-01
  5805.000  8.26790e-01
  5810.000  8.29514e-01
  5815.000  8.29795e-01
  5820.000  8.32654e-01
  5825.000  8.34118e-01
  5830.000  8.30278e-01
  5835.000  8.26138e-01
  5840.000  8.21281e-01
  5845.000  8.10149e-01
  5850.000  8.13839e-01
  5855.000  8.12460e-01
  5860.000  8.18145e-01
  5865.000  8.10474e-01
  5870.000  7.77310e-01
  5875.000  7.43704e-01
  5880.000  7.65468e-01
  5885.000  7.53898e-01
  5890.000  7.12836e-01
  5895.000  7.23970e-01
  5900.000  7.60721e-01
  5905.000  7.87502e-01
  5910.000  7.84590e-01
  5915.000  7.80083e-01
  5920.000  7.70890e-01
  5925.000  7.78830e-01
  5930.000  7.83400e-01
  5935.000  7.66659e-01
  5940.000  7.65408e-01
  5945.000  7.53444e-01
  5950.000  7.58820e-01
  5955.000  7.58265e-01
  5960.000  7.53075e-01
  5965.000  7.41716e-01
  5970.000  7.42238e-01
  5975.000  7.46157e-01
  5980.000  7.45922e-01
  5985.000  7.41693e-01
  5990.000  7.41292e-01
  5995.000  7.40976e-01
  6000.000  7.37117e-01
  6005.000  7.29887e-01
  6010.000  7.27199e-01
  6015.000  7.26115e-01
  6020.000  7.27135e-01
  6025.000  7.22823e-01
  6030.000  7.19052e-01
  6035.000  7.16041e-01
  6040.000  7.09828e-01
  6045.000  7.19584e-01
  6050.000  7.19295e-01
  6055.000  7.17716e-01
  6060.000  7.11088e-01
  6065.000  7.04944e-01
  6070.000  7.04866e-01
  6075.000  7.02565e-01
  6080.000  7.03970e-01
  6085.000  7.00785e-01
  6090.000  7.01227e-01
  6095.000  6.95706e-01
  6100.000  6.93892e-01
  6105.000  6.89506e-01
  6110.000  6.86815e-01
  6115.000  6.87896e-01
  6120.000  6.85499e-01
  6125.000  6.84696e-01
  6130.000  6.81478e-01
  6135.000  6.76078e-01
  6140.000  6.74603e-01
  6145.000  6.72847e-01
  6150.000  6.71773e-01
  6155.000  6.67858e-01
  6160.000  6.66065e-01
  6165.000  6.60513e-01
  6170.000  6.53694e-01
  6175.000  6.50929e-01
  6180.000  6.52843e-01
  6185.000  6.52268e-01
  6190.000  6.50309e-01
  6195.000  6.48935e-01
  6200.000  6.41097e-01
  6205.000  6.40387e-01
  6210.000  6.43645e-01
  6215.000  6.44477e-01
  6220.000  6.46741e-01
  6225.000  6.46804e-01
  6230.000  6.44964e-01
  6235.000  6.40399e-01
  6240.000  6.36450e-01
  6245.000  6.36832e-01
  6250.000  6.36269e-01
  6255.000  6.32300e-01
  6260.000  6.23475e-01
  6265.000  6.16812e-01
  6270.000  6.13840e-01
  6275.000  6.00921e-01
  6280.000  5.76685e-01
  6285.000  5.82200e-01
  6290.000  6.02617e-01
  6295.000  6.07678e-01
  6300.000  6.04495e-01
  6305.000  6.01116e-01
  6310.000  5.95690e-01
  6315.000  5.96264e-01
  6320.000  6.01661e-01
  6325.000  6.05443e-01
  6330.000  6.05801e-01
  6335.000  6.03418e-01
  6340.000  6.01880e-01
  6345.000  5.95426e-01
  6350.000  5.94943e-01
  6355.000  5.93190e-01
  6360.000  5.92116e-01
  6365.000  5.88836e-01
  6370.000  5.86586e-01
  6375.000  5.84810e-01
  6380.000  5.81205e-01
  6385.000  5.80992e-01
  6390.000  5.81180e-01
  6395.000  5.80990e-01
  6400.000  5.81291e-01
  6405.000  5.77972e-01
  6410.000  5.74403e-01
  6415.000  5.72834e-01
  6420.000  5.64576e-01
  6425.000  5.66702e-01
  6430.000  5.69332e-01
  6435.000  5.69622e-01
  6440.000  5.71147e-01
  6445.000  5.66092e-01
  6450.000  5.60646e-01
  6455.000  5.60886e-01
  6460.000  5.60042e-01
  6465.000  5.61575e-01
  6470.000  5.56588e-01
  6475.000  5.49267e-01
  6480.000  5.50294e-01
  6485.000  5.48462e-01
  6490.000  5.43436e-01
  6495.000  5.45117e-01
  6500.000  5.49669e-01
  6505.000  5.45945e-01
  6510.000  5.46880e-01
  6515.000  5.41458e-01
  6520.000  5.39098e-01
  6525.000  5.34408e-01
  6530.000  5.30945e-01
  6535.000  5.31573e-01
  6540.000  5.33605e-01
  6545.000  5.29160e-01
  6550.000  5.13252e-01
  6555.000  4.87685e-01
  6560.000  4.51081e-01
  6565.000  4.46182e-01
  6570.000  4.85731e-01
  6575.000  5.12528e-01
  6580.000  5.23044e-01
  6585.000  5.22730e-01
  6590.000  5.20392e-01
  6595.000  5.21270e-01
  6600.000  5.22854e-01
  6605.000  5.25362e-01
  6610.000  5.18417e-01
  6615.000  5.14979e-01
  6620.000  5.14426e-01
  6625.000  5.14863e-01
  6630.000  5.08870e-01
  6635.000  5.06697e-01
  6640.000  5.06640e-01
  6645.000  5.06390e-01
  6650.000  5.04532e-01
  6655.000  5.04300e-01
  6660.000  5.03927e-01
  6665.000  5.01069e-01
  6670.000  4.95280e-01
  6675.000  4.76571e-01
  6680.000  4.65762e-01
  6685.000  4.86603e-01
  6690.000  4.93598e-01
  6695.000  4.92556e-01
  6700.000  4.90032e-01
  6705.000  4.91548e-01
  6710.000  4.90775e-01
  6715.000  4.87307e-01
  6720.000  4.88883e-01
  6725.000  4.86688e-01
  6730.000  4.83204e-01
  6735.000  4.80348e-01
  6740.000  4.80671e-01
  6745.000  4.79509e-01
  6750.000  4.79930e-01
  6755.000  4.77241e-01
  6760.000  4.71487e-01
  6765.000  4.73062e-01
  6770.000  4.71249e-01
  6775.000  4.71467e-01
  6780.000  4.70527e-01
  6785.000  4.68638e-01
  6790.000  4.67585e-01
  6795.000  4.67814e-01
  6800.000  4.66469e-01
  6805.000  4.66300e-01
  6810.000  4.65093e-01
  6815.000  4.63119e-01
  6820.000  4.63195e-01
  6825.000  4.61077e-01
  6830.000  4.58990e-01
  6835.000  4.55467e-01
  6840.000  4.60509e-01
  6845.000  4.59440e-01
  6850.000  4.58372e-01
  6855.000  4.57303e-01
  6860.000  4.56234e-01
  6865.000  4.55166e-01
  6870.000  4.54097e-01
  6875.000  4.53028e-01
  6880.000  4.51960e-01
  6885.000  4.50891e-01
  6890.000  4.49822e-01
  6895.000  4.48754e-01
  6900.000  4.47685e-01
  6905.000  4.46616e-01
  6910.000  4.45548e-01
  6915.000  4.44479e-01
  6920.000  4.43410e-01
  6925.000  4.42342e-01
  6930.000  4.41273e-01
  6935.000  4.40204e-01
  6940.000  4.39136e-01
  6945.000  4.38067e-01
  6950.000  4.36998e-01
  6955.000  4.35930e-01
  6960.000  4.34861e-01
  6965.000  4.33792e-01
  6970.000  4.32724e-01
  6975.000  4.30458e-01
  6980.000  4.30940e-01
  6985.000  4.26828e-01
  6990.000  4.20313e-01
  6995.000  4.21002e-01
  7000.000  4.22508e-01
  7005.000  4.20700e-01
  7010.000  4.21591e-01
  7015.000  4.21046e-01
  7020.000  4.20920e-01
  7025.000  4.16768e-01
  7030.000  4.19327e-01
  7035.000  4.19800e-01
  7040.000  4.15343e-01
  7045.000  4.17457e-01
  7050.000  4.16744e-01
  7055.000  4.14081e-01
  7060.000  4.05079e-01
  7065.000  3.87689e-01
  7070.000  3.94640e-01
  7075.000  4.07708e-01
  7080.000  4.07717e-01
  7085.000  4.04989e-01
  7090.000  4.04102e-01
  7095.000  4.06697e-01
  7100.000  4.05718e-01
  7105.000  4.02818e-01
  7110.000  4.04821e-01
  7115.000  4.05787e-01
  7120.000  4.05807e-01
  7125.000  4.03409e-01
  7130.000  4.03049e-01
  7135.000  4.02927e-01
  7140.000  3.96936e-01
  7145.000  3.96538e-01
  7150.000  3.99792e-01
  7155.000  3.98932e-01
  7160.000  3.92449e-01
  7165.000  3.86480e-01
  7170.000  3.78682e-01
  7175.000  3.71231e-01
  7180.000  3.71513e-01
  7185.000  3.66100e-01
  7190.000  3.66137e-01
  7195.000  3.69121e-01
  7200.000  3.68812e-01
  7205.000  3.71339e-01
  7210.000  3.78320e-01
  7215.000  3.81203e-01
  7220.000  3.82487e-01
  7225.000  3.77858e-01
  7230.000  3.74092e-01
  7235.000  3.67662e-01
  7240.000  3.65555e-01
  7245.000  3.66703e-01
  7250.000  3.65215e-01
  7255.000  3.63327e-01
  7260.000  3.63741e-01
  7265.000  3.61575e-01
  7270.000  3.63207e-01
  7275.000  3.55011e-01
  7280.000  3.55912e-01
  7285.000  3.59117e-01
  7290.000  3.56715e-01
  7295.000  3.59094e-01
  7300.000  3.57011e-01
  7305.000  3.52687e-01
  7310.000  3.55465e-01
  7315.000  3.51617e-01
  7320.000  3.52356e-01
  7325.000  3.57520e-01
  7330.000  3.54292e-01
  7335.000  3.54282e-01
  7340.000  3.53801e-01
  7345.000  3.51514e-01
  7350.000  3.50944e-01
  7355.000  3.51231e-01
  7360.000  3.50298e-01
  7365.000  3.50079e-01
  7370.000  3.44378e-01
  7375.000  3.44959e-01
  7380.000  3.42954e-01
  7385.000  3.41712e-01
  7390.000  3.40312e-01
  7395.000  3.41937e-01
  7400.000  3.40580e-01
  7405.000  3.35849e-01
  7410.000  3.33457e-01
  7415.000  3.32735e-01
  7420.000  3.33059e-01
  7425.000  3.36532e-01
  7430.000  3.36157e-01
  7435.000  3.35531e-01
  7440.000  3.35864e-01
  7445.000  3.34911e-01
  7450.000  3.35052e-01
  7455.000  3.34107e-01
  7460.000  3.32431e-01
  7465.000  3.31722e-01
  7470.000  3.31198e-01
  7475.000  3.29643e-01
  7480.000  3.29360e-01
  7485.000  3.27243e-01
  7490.000  3.26772e-01
  7495.000  3.26992e-01
  7500.000  3.25130e-01
  7505.000  3.24102e-01
  7510.000  3.24632e-01
  7515.000  3.23128e-01
  7520.000  3.23824e-01
  7525.000  3.22361e-01
  7530.000  3.21001e-01
  7535.000  3.19884e-01
  7540.000  3.19279e-01
  7545.000  3.18459e-01
  7550.000  3.16712e-01
  7555.000  3.15893e-01
  7560.000  3.15075e-01
  7565.000  3.14256e-01
  7570.000  3.13438e-01
  7575.000  3.12619e-01
  7580.000  3.11801e-01
  7585.000  3.10982e-01
  7590.000  3.10164e-01
  7595.000  3.09345e-01
  7600.000  3.08527e-01
  7605.000  3.07708e-01
  7610.000  3.06890e-01
  7615.000  3.06071e-01
  7620.000  3.05252e-01
  7625.000  3.04434e-01
  7630.000  3.03615e-01
  7635.000  3.02797e-01
  7640.000  3.01978e-01
  7645.000  3.01160e-01
  7650.000  3.00341e-01
  7655.000  2.99523e-01
  7660.000  2.98704e-01
  7665.000  2.97886e-01
  7670.000  2.97067e-01
  7675.000  2.96249e-01
  7680.000  2.95430e-01
  7685.000  2.94612e-01
  7690.000  2.93793e-01
  7695.000  2.92975e-01
  7700.000  2.92156e-01
  7705.000  2.91337e-01
  7710.000  2.90519e-01
  7715.000  2.89700e-01
  7720.000  2.88882e-01
  7725.000  2.88063e-01
  7730.000  2.87245e-01
  7735.000  2.86576e-01
  7740.000  2.84741e-01
  7745.000  2.84411e-01
  7750.000  2.85510e-01
  7755.000  2.84206e-01
  7760.000  2.82663e-01
  7765.000  2.82013e-01
  7770.000  2.81282e-01
  7775.000  2.80202e-01
  7780.000  2.79916e-01
  7785.000  2.79934e-01
  7790.000  2.79608e-01
  7795.000  2.78428e-01
  7800.000  2.78597e-01
  7805.000  2.78281e-01
  7810.000  2.77183e-01
  7815.000  2.75728e-01
  7820.000  2.75910e-01
  7825.000  2.75045e-01
  7830.000  2.73281e-01
  7835.000  2.72508e-01
  7840.000  2.73085e-01
  7845.000  2.71947e-01
  7850.000  2.71990e-01
  7855.000  2.71378e-01
  7860.000  2.70602e-01
  7865.000  2.68815e-01
  7870.000  2.68683e-01
  7875.000  2.68012e-01
  7880.000  2.67485e-01
  7885.000  2.66983e-01
  7890.000  2.65124e-01
  7895.000  2.63733e-01
  7900.000  2.62943e-01
  7905.000  2.62745e-01
  7910.000  2.64448e-01
  7915.000  2.63406e-01
  7920.000  2.60731e-01
  7925.000  2.59330e-01
  7930.000  2.60297e-01
  7935.000  2.60428e-01
  7940.000  2.59679e-01
  7945.000  2.59305e-01
  7950.000  2.58041e-01
  7955.000  2.58597e-01
  7960.000  2.58067e-01
  7965.000  2.56642e-01
  7970.000  2.56219e-01
  7975.000  2.55500e-01
  7980.000  2.55179e-01
  7985.000  2.54426e-01
  7990.000  2.53911e-01
  7995.000  2.53806e-01
  8000.000  2.51917e-01
  8005.000  2.52751e-01
  8010.000  2.51929e-01
  8015.000  2.51465e-01
  8020.000  2.50792e-01
  8025.000  2.50855e-01
  8030.000  2.50758e-01
  8035.000  2.50299e-01
  8040.000  2.49888e-01
  8045.000  2.49677e-01
  8050.000  2.49164e-01
  8055.000  2.48599e-01
  8060.000  2.48422e-01
  8065.000  2.48080e-01
  8070.000  2.48123e-01
  8075.000  2.47838e-01
  8080.000  2.47998e-01
  8085.000  2.47092e-01
  8090.000  2.46263e-01
  8095.000  2.44475e-01
  8100.000  2.43876e-01
  8105.000  2.43731e-01
  8110.000  2.42708e-01
  8115.000  2.41892e-01
  8120.000  2.41734e-01
  8125.000  2.41545e-01
  8130.000  2.41015e-01
  8135.000  2.39509e-01
  8140.000  2.38881e-01
  8145.000  2.37527e-01
  8150.000  2.36139e-01
  8155.000  2.34250e-01
  8160.000  2.33441e-01
  8165.000  2.31480e-01
  8170.000  2.33141e-01
  8175.000  2.33799e-01
  8180.000  2.33718e-01
  8185.000  2.35660e-01
  8190.000  2.35911e-01
  8195.000  2.35407e-01
  8200.000  2.34874e-01
  8205.000  2.35072e-01
  8210.000  2.33908e-01
  8215.000  2.32315e-01
  8220.000  2.30044e-01
  8225.000  2.27423e-01
  8230.000  2.24165e-01
  8235.000  2.26892e-01
  8240.000  2.29008e-01
  8245.000  2.29244e-01
  8250.000  2.30161e-01
  8255.000  2.28475e-01
  8260.000  2.27711e-01
  8265.000  2.26832e-01
  8270.000  2.25801e-01
  8275.000  2.24315e-01
  8280.000  2.23684e-01
  8285.000  2.23492e-01
  8290.000  2.22807e-01
  8295.000  2.22207e-01
  8300.000  2.22168e-01
  8305.000  2.21285e-01
  8310.000  2.20838e-01
  8315.000  2.20183e-01
  8320.000  2.19196e-01
  8325.000  2.18603e-01
  8330.000  2.18231e-01
  8335.000  2.16811e-01
  8340.000  2.15642e-01
  8345.000  2.16028e-01
  8350.000  2.15476e-01
  8355.000  2.14857e-01
  8360.000  2.14578e-01
  8365.000  2.14366e-01
  8370.000  2.14880e-01
  8375.000  2.14956e-01
  8380.000  2.13769e-01
  8385.000  2.12762e-01
  8390.000  2.11344e-01
  8395.000  2.09765e-01
  8400.000  2.08593e-01
  8405.000  2.07461e-01
  8410.000  2.07606e-01
  8415.000  2.08391e-01
  8420.000  2.09369e-01
  8425.000  2.10381e-01
  8430.000  2.09809e-01
  8435.000  2.08590e-01
  8440.000  2.07502e-01
  8445.000  2.07081e-01
  8450.000  2.07248e-01
  8455.000  2.05362e-01
  8460.000  2.04965e-01
  8465.000  2.04253e-01
  8470.000  2.02998e-01
  8475.000  2.01675e-01
  8480.000  2.02405e-01
  8485.000  2.02327e-01
  8490.000  2.02702e-01
  8495.000  2.01564e-01
  8500.000  1.99967e-01
  8505.000  2.00521e-01
  8510.000  2.01530e-01
  8515.000  2.01038e-01
  8520.000  2.00962e-01
  8525.000  2.00890e-01
  8530.000  2.00476e-01
  8535.000  2.00065e-01
  8540.000  1.98890e-01
  8545.000  1.97944e-01
  8550.000  1.97815e-01
  8555.000  1.98150e-01
  8560.000  1.97188e-01
  8565.000  1.96969e-01
  8570.000  1.95997e-01
  8575.000  1.94796e-01
  8580.000  1.93907e-01
  8585.000  1.92727e-01
  8590.000  1.91651e-01
  8595.000  1.90371e-01
  8600.000  1.90319e-01
  8605.000  1.91022e-01
  8610.000  1.92288e-01
  8615.000  1.92675e-01
  8620.000  1.92755e-01
  8625.000  1.93182e-01
  8630.000  1.93046e-01
  8635.000  1.92338e-01
  8640.000  1.90302e-01
  8645.000  1.89927e-01
  8650.000  1.88557e-01
  8655.000  1.87013e-01
  8660.000  1.85997e-01
  8665.000  1.84293e-01
  8670.000  1.85019e-01
  8675.000  1.85885e-01
  8680.000  1.87680e-01
  8685.000  1.88667e-01
  8690.000  1.89503e-01
  8695.000  1.89817e-01
  8700.000  1.90156e-01
  8705.000  1.90696e-01
  8710.000  1.90492e-01
  8715.000  1.90473e-01
  8720.000  1.89548e-01
  8725.000  1.87609e-01
  8730.000  1.84746e-01
  8735.000  1.82741e-01
  8740.000  1.80371e-01
  8745.000  1.77774e-01
  8750.000  1.75119e-01
  8755.000  1.75928e-01
  8760.000  1.78642e-01
  8765.000  1.81062e-01
  8770.000  1.81380e-01
  8775.000  1.81722e-01
  8780.000  1.82837e-01
  8785.000  1.83100e-01
  8790.000  1.82803e-01
  8795.000  1.82403e-01
  8800.000  1.82290e-01
  8805.000  1.81888e-01
  8810.000  1.80974e-01
  8815.000  1.80739e-01
  8820.000  1.80205e-01
  8825.000  1.79448e-01
  8830.000  1.77171e-01
  8835.000  1.73718e-01
  8840.000  1.70980e-01
  8845.000  1.68658e-01
  8850.000  1.66194e-01
  8855.000  1.64437e-01
  8860.000  1.62031e-01
  8865.000  1.63819e-01
  8870.000  1.67378e-01
  8875.000  1.70772e-01
  8880.000  1.73867e-01
  8885.000  1.76822e-01
  8890.000  1.76321e-01
  8895.000  1.75885e-01
  8900.000  1.73353e-01
  8905.000  1.77380e-01
  8910.000  1.76948e-01
  8915.000  1.73298e-01
  8920.000  1.77319e-01
  8925.000  1.75323e-01
  8930.000  1.80657e-01
  8935.000  1.79393e-01
  8940.000  1.77612e-01
  8945.000  1.75943e-01
  8950.000  1.74143e-01
  8955.000  1.72119e-01
  8960.000  1.71819e-01
  8965.000  1.67466e-01
  8970.000  1.69772e-01
  8975.000  1.69337e-01
  8980.000  1.67451e-01
  8985.000  1.64436e-01
  8990.000  1.60536e-01
  8995.000  1.61468e-01
  9000.000  1.60989e-01
  9005.000  1.58276e-01
  9010.000  1.57648e-01
  9015.000  1.56628e-01
  9020.000  1.59828e-01
  9025.000  1.62046e-01
  9030.000  1.67480e-01
  9035.000  1.71105e-01
  9040.000  1.73266e-01
  9045.000  1.74339e-01
  9050.000  1.73910e-01
  9055.000  1.70969e-01
  9060.000  1.69930e-01
  9065.000  1.68379e-01
  9070.000  1.67895e-01
  9075.000  1.67797e-01
  9080.000  1.67150e-01
  9085.000  1.67330e-01
  9090.000  1.67376e-01
  9095.000  1.67807e-01
  9100.000  1.66316e-01
  9105.000  1.66741e-01
  9110.000  1.68103e-01
  9115.000  1.69167e-01
  9120.000  1.67971e-01
  9125.000  1.66177e-01
  9130.000  1.63957e-01
  9135.000  1.62588e-01
  9140.000  1.63476e-01
  9145.000  1.63345e-01
  9150.000  1.60428e-01
  9155.000  1.58813e-01
  9160.000  1.60688e-01
  9165.000  1.61128e-01
  9170.000  1.59329e-01
  9175.000  1.57261e-01
  9180.000  1.58775e-01
  9185.000  1.58540e-01
  9190.000  1.57838e-01
  9195.000  1.56343e-01
  9200.000  1.57045e-01
  9205.000  1.56043e-01
  9210.000  1.53594e-01
  9215.000  1.50439e-01
  9220.000  1.49448e-01
  9225.000  1.47313e-01
  9230.000  1.45719e-01
  9235.000  1.46408e-01
  9240.000  1.49251e-01
  9245.000  1.51215e-01
  9250.000  1.54020e-01
  9255.000  1.54096e-01
  9260.000  1.56809e-01
  9265.000  1.58619e-01
  9270.000  1.62106e-01
  9275.000  1.63028e-01
  9280.000  1.62826e-01
  9285.000  1.62801e-01
  9290.000  1.60415e-01
  9295.000  1.57434e-01
  9300.000  1.54880e-01
  9305.000  1.51573e-01
  9310.000  1.49796e-01
  9315.000  1.46266e-01
  9320.000  1.46184e-01
  9325.000  1.44499e-01
  9330.000  1.46955e-01
  9335.000  1.44290e-01
  9340.000  1.42305e-01
  9345.000  1.40237e-01
  9350.000  1.48472e-01
  9355.000  1.42639e-01
  9360.000  1.43968e-01
  9365.000  1.49568e-01
  9370.000  1.47854e-01
  9375.000  1.50301e-01
  9380.000  1.50215e-01
  9385.000  1.54091e-01
  9390.000  1.61226e-01
  9395.000  1.64578e-01
  9400.000  1.62961e-01
  9405.000  1.58153e-01
  9410.000  1.56787e-01
  9415.000  1.56318e-01
  9420.000  1.53092e-01
  9425.000  1.48152e-01
  9430.000  1.42560e-01
  9435.000  1.49935e-01
  9440.000  1.41138e-01
  9445.000  1.41041e-01
  9450.000  1.43896e-01
  9455.000  1.40519e-01
  9460.000  1.39108e-01
  9465.000  1.42632e-01
  9470.000  1.44996e-01
  9475.000  1.44453e-01
  9480.000  1.41913e-01
  9485.000  1.46087e-01
  9490.000  1.45186e-01
  9495.000  1.37844e-01
  9500.000  1.34100e-01
  9505.000  1.40840e-01
  9510.000  1.48668e-01
  9515.000  1.41867e-01
  9520.000  1.36541e-01
  9525.000  1.33782e-01
  9530.000  1.36183e-01
  9535.000  1.33554e-01
  9540.000  1.30284e-01
  9545.000  1.23585e-01
  9550.000  1.27885e-01
  9555.000  1.27904e-01
  9560.000  1.37655e-01
  9565.000  1.36310e-01
  9570.000  1.41671e-01
  9575.000  1.43416e-01
  9580.000  1.41851e-01
  9585.000  1.39355e-01
  9590.000  1.34898e-01
  9595.000  1.35188e-01
  9600.000  1.39903e-01
  9605.000  1.38567e-01
  9610.000  1.37510e-01
  9615.000  1.36614e-01
  9620.000  1.34739e-01
  9625.000  1.35082e-01
  9630.000  1.32864e-01
  9635.000  1.33414e-01
  9640.000  1.32799e-01
  9645.000  1.33630e-01
  9650.000  1.35156e-01
  9655.000  1.35034e-01
  9660.000  1.34402e-01
  9665.000  1.34049e-01
  9670.000  1.38906e-01
  9675.000  1.38296e-01
  9680.000  1.34401e-01
  9685.000  1.35754e-01
  9690.000  1.36020e-01
  9695.000  1.36652e-01
  9700.000  1.32441e-01
  9705.000  1.32993e-01
  9710.000  1.33047e-01
  9715.000  1.34383e-01
  9720.000  1.32835e-01
  9725.000  1.30897e-01
  9730.000  1.31497e-01
  9735.000  1.29427e-01
  9740.000  1.33804e-01
  9745.000  1.29150e-01
  9750.000  1.29530e-01
  9755.000  1.28425e-01
  9760.000  1.29200e-01
  9765.000  1.29993e-01
  9770.000  1.28554e-01
  9775.000  1.29753e-01
  9780.000  1.31112e-01
  9785.000  1.29465e-01
  9790.000  1.28443e-01
  9795.000  1.25782e-01
  9800.000  1.27934e-01
  9805.000  1.26755e-01
  9810.000  1.27542e-01
  9815.000  1.24404e-01
  9820.000  1.26607e-01
  9825.000  1.24493e-01
  9830.000  1.24449e-01
  9835.000  1.24540e-01
  9840.000  1.25049e-01
  9845.000  1.24861e-01
  9850.000  1.26345e-01
  9855.000  1.27538e-01
  9860.000  1.22019e-01
  9865.000  1.25405e-01
  9870.000  1.24426e-01
  9875.000  1.22381e-01
  9880.000  1.20410e-01
  9885.000  1.21578e-01
  9890.000  1.23331e-01
  9895.000  1.18959e-01
  9900.000  1.21599e-01
  9905.000  1.21999e-01
  9910.000  1.21359e-01
  9915.000  1.20662e-01
  9920.000  1.21199e-01
  9925.000  1.19191e-01
  9930.000  1.18559e-01
  9935.000  1.17997e-01
  9940.000  1.17022e-01
  9945.000  1.16628e-01
  9950.000  1.19583e-01
  9955.000  1.19810e-01
  9960.000  1.27080e-01
  9965.000  1.18804e-01
  9970.000  1.15367e-01
  9975.000  1.20593e-01
  9980.000  1.11723e-01
  9985.000  1.15398e-01
  9990.000  1.15028e-01
  9995.000  1.17080e-01
 10000.000  1.16028e-01
 10005.000  1.10081e-01
 10010.000  1.14063e-01
 10015.000  1.13666e-01
 10020.000  1.11631e-01
 10025.000  1.08808e-01
 10030.000  1.08127e-01
 10035.000  1.06832e-01
 10040.000  1.03712e-01
 10045.000  1.05542e-01
 10050.000  1.02892e-01
 10055.000  1.05031e-01
 10060.000  1.08378e-01
 10065.000  1.02553e-01
 10070.000  1.06522e-01
 10075.000  1.05099e-01
 10080.000  1.15707e-01
 10085.000  1.18034e-01
 10090.000  1.10407e-01
 10095.000  1.10752e-01
 10100.000  1.13473e-01
 10105.000  1.10217e-01
 10110.000  1.11342e-01
 10115.000  1.07618e-01
 10120.000  1.10244e-01
 10125.000  1.04735e-01
 10130.000  1.09098e-01
 10135.000  1.06088e-01
 10140.000  1.09522e-01
 10145.000  1.09067e-01
 10150.000  1.07933e-01
 10155.000  1.06588e-01
 10160.000  1.05497e-01
 10165.000  1.04976e-01
 10170.000  1.04743e-01
 10175.000  1.04367e-01
 10180.000  1.03416e-01
 10185.000  1.01661e-01
 10190.000  9.96760e-02
 10195.000  9.82380e-02
 10200.000  9.81230e-02
 10205.000  9.98290e-02
 10210.000  1.02737e-01
 10215.000  1.05953e-01
 10220.000  1.08579e-01
 10225.000  1.09904e-01
 10230.000  1.09946e-01
 10235.000  1.08910e-01
 10240.000  1.06996e-01
 10245.000  1.04467e-01
 10250.000  1.01805e-01
 10255.000  9.95540e-02
 10260.000  9.82550e-02
 10265.000  9.82510e-02
 10270.000  9.90860e-02
 10275.000  1.00106e-01
 10280.000  1.00657e-01
 10285.000  1.00261e-01
 10290.000  9.91360e-02
 10295.000  9.76800e-02
 10300.000  9.62880e-02
 10305.000  9.66700e-02
 10310.000  9.62900e-02
 10315.000  9.60920e-02
 10320.000  9.60500e-02
 10325.000  9.61330e-02
 10330.000  9.62680e-02
 10335.000  9.63770e-02
 10340.000  9.63800e-02
 10345.000  9.62340e-02
 10350.000  9.60420e-02
 10355.000  9.59440e-02
 10360.000  9.60800e-02
 10365.000  9.65240e-02
 10370.000  9.70830e-02
 10375.000  9.75010e-02
 10380.000  9.75180e-02
 10385.000  9.69710e-02
 10390.000  9.60780e-02
 10395.000  9.51530e-02
 10400.000  9.45080e-02
 10405.000  9.43630e-02
 10410.000  9.45700e-02
 10415.000  9.48860e-02
 10420.000  9.50700e-02
 10425.000  9.49410e-02
 10430.000  9.45630e-02
 10435.000  9.40650e-02
 10440.000  9.35720e-02
 10445.000  9.31900e-02
 10450.000  9.29320e-02
 10455.000  9.27950e-02
 10460.000  9.27720e-02
 10465.000  9.28500e-02
 10470.000  9.29860e-02
 10475.000  9.31290e-02
 10480.000  9.32290e-02
 10485.000  9.32400e-02
 10490.000  9.31280e-02
 10495.000  9.28640e-02
 10500.000  9.24200e-02
