# pickles/f5v  |  Pickles 1998, PASP 110, 863
# columns: wavelength_Angstrom  flam_erg_s_cm2_A (absolute scale arbitrary - ETC renormalizes)
  1150.000  3.63500e-03
  1155.000  2.06300e-03
  1160.000  1.47400e-03
  1165.000  1.40300e-03
  1170.000  2.08900e-03
  1175.000  8.90000e-04
  1180.000  1.10000e-03
  1185.000  1.23700e-03
  1190.000  7.50000e-04
  1195.000  0.00000e+00
  1200.000  1.91200e-03
  1205.000  2.67400e-03
  1210.000  9.63200e-03
  1215.000  2.12890e-02
  1220.000  1.57260e-02
  1225.000  3.61800e-03
  1230.000  5.75000e-04
  1235.000  1.70000e-04
  1240.000  5.16000e-04
  1245.000  3.40000e-04
  1250.000  6.25000e-04
  1255.000  7.09000e-04
  1260.000  6.70000e-04
  1265.000  5.37000e-04
  1270.000  3.51000e-04
  1275.000  1.89000e-04
  1280.000  6.00000e-04
  1285.000  4.02000e-04
  1290.000  8.40000e-05
  1295.000  1.27000e-04
  1300.000  4.43000e-04
  1305.000  8.32000e-04
  1310.000  7.24000e-04
  1315.000  4.70000e-04
  1320.000  2.60000e-04
  1325.000  1.10000e-04
  1330.000  4.69000e-04
  1335.000  9.03000e-04
  1340.000  6.83000e-04
  1345.000  3.70000e-04
  1350.000  5.44000e-04
  1355.000  4.88000e-04
  1360.000  6.79000e-04
  1365.000  3.43000e-04
  1370.000  3.26000e-04
  1375.000  2.75000e-04
  1380.000  4.82000e-04
  1385.000  4.43000e-04
  1390.000  4.36000e-04
  1395.000  6.42000e-04
  1400.000  5.08000e-04
  1405.000  3.60000e-04
  1410.000  2.60000e-04
  1415.000  2.48000e-04
  1420.000  4.74000e-04
  1425.000  4.28000e-04
  1430.000  6.38000e-04
  1435.000  4.56000e-04
  1440.000  5.84000e-04
  1445.000  7.55000e-04
  1450.000  8.68000e-04
  1455.000  8.24000e-04
  1460.000  8.81000e-04
  1465.000  8.56000e-04
  1470.000  1.05400e-03
  1475.000  7.60000e-04
  1480.000  8.01000e-04
  1485.000  1.08600e-03
  1490.000  6.88000e-04
  1495.000  6.19000e-04
  1500.000  8.57000e-04
  1505.000  8.31000e-04
  1510.000  7.70000e-04
  1515.000  7.75000e-04
  1520.000  1.11600e-03
  1525.000  1.23200e-03
  1530.000  1.29500e-03
  1535.000  1.22300e-03
  1540.000  1.38400e-03
  1545.000  1.56700e-03
  1550.000  2.25200e-03
  1555.000  1.68700e-03
  1560.000  1.79400e-03
  1565.000  1.82100e-03
  1570.000  1.45900e-03
  1575.000  1.58800e-03
  1580.000  1.76400e-03
  1585.000  1.46100e-03
  1590.000  1.36800e-03
  1595.000  1.57300e-03
  1600.000  1.50200e-03
  1605.000  1.48200e-03
  1610.000  1.28300e-03
  1615.000  1.70800e-03
  1620.000  1.65700e-03
  1625.000  1.63200e-03
  1630.000  1.46800e-03
  1635.000  1.29500e-03
  1640.000  1.71300e-03
  1645.000  2.03800e-03
  1650.000  1.91400e-03
  1655.000  1.77400e-03
  1660.000  1.89800e-03
  1665.000  2.22600e-03
  1670.000  2.33400e-03
  1675.000  2.44900e-03
  1680.000  2.69500e-03
  1685.000  2.91900e-03
  1690.000  3.01100e-03
  1695.000  3.34800e-03
  1700.000  4.00800e-03
  1705.000  4.88000e-03
  1710.000  5.40600e-03
  1715.000  5.65700e-03
  1720.000  5.86000e-03
  1725.000  6.25800e-03
  1730.000  7.29900e-03
  1735.000  7.17400e-03
  1740.000  7.55400e-03
  1745.000  8.84800e-03
  1750.000  1.04730e-02
  1755.000  1.25010e-02
  1760.000  1.32940e-02
  1765.000  1.34250e-02
  1770.000  1.56770e-02
  1775.000  2.01490e-02
  1780.000  2.19670e-02
  1785.000  2.05050e-02
  1790.000  1.97310e-02
  1795.000  2.19300e-02
  1800.000  2.27220e-02
  1805.000  2.10190e-02
  1810.000  1.99640e-02
  1815.000  2.26940e-02
  1820.000  2.49950e-02
  1825.000  2.82360e-02
  1830.000  2.72950e-02
  1835.000  2.73100e-02
  1840.000  2.41870e-02
  1845.000  2.00820e-02
  1850.000  1.75580e-02
  1855.000  2.12950e-02
  1860.000  2.47510e-02
  1865.000  2.78320e-02
  1870.000  3.31200e-02
  1875.000  3.29540e-02
  1880.000  3.34510e-02
  1885.000  3.60700e-02
  1890.000  3.61570e-02
  1895.000  3.57240e-02
  1900.000  3.37200e-02
  1905.000  3.60740e-02
  1910.000  3.85140e-02
  1915.000  4.18380e-02
  1920.000  4.48330e-02
  1925.000  4.11960e-02
  1930.000  3.07980e-02
  1935.000  2.72280e-02
  1940.000  4.06940e-02
  1945.000  5.57120e-02
  1950.000  5.89780e-02
  1955.000  5.09030e-02
  1960.000  4.62650e-02
  1965.000  5.31600e-02
  1970.000  3.46150e-02
  1975.000  6.47340e-02
  1980.000  4.75060e-02
  1985.000  6.58850e-02
  1990.000  4.74060e-02
  1995.000  3.12150e-02
  2000.000  5.76760e-02
  2005.000  4.80030e-02
  2010.000  3.85550e-02
  2015.000  7.43200e-02
  2020.000  7.16560e-02
  2025.000  6.50060e-02
  2030.000  6.87850e-02
  2035.000  6.47580e-02
  2040.000  6.07760e-02
  2045.000  6.94310e-02
  2050.000  8.33490e-02
  2055.000  8.05280e-02
  2060.000  7.16410e-02
  2065.000  7.82310e-02
  2070.000  1.01114e-01
  2075.000  8.96700e-02
  2080.000  1.10657e-01
  2085.000  1.30941e-01
  2090.000  1.23597e-01
  2095.000  1.03636e-01
  2100.000  1.21062e-01
  2105.000  1.22430e-01
  2110.000  1.29517e-01
  2115.000  1.40884e-01
  2120.000  1.41236e-01
  2125.000  1.51000e-01
  2130.000  1.72057e-01
  2135.000  1.35861e-01
  2140.000  1.29792e-01
  2145.000  1.25561e-01
  2150.000  1.43223e-01
  2155.000  1.62731e-01
  2160.000  1.53187e-01
  2165.000  1.29064e-01
  2170.000  1.31901e-01
  2175.000  1.16925e-01
  2180.000  1.05891e-01
  2185.000  1.17032e-01
  2190.000  1.61894e-01
  2195.000  1.70484e-01
  2200.000  1.72117e-01
  2205.000  1.61817e-01
  2210.000  1.57526e-01
  2215.000  1.45223e-01
  2220.000  1.31301e-01
  2225.000  1.36992e-01
  2230.000  1.37459e-01
  2235.000  1.46119e-01
  2240.000  1.54632e-01
  2245.000  1.45280e-01
  2250.000  1.57083e-01
  2255.000  1.45402e-01
  2260.000  1.43929e-01
  2265.000  1.33613e-01
  2270.000  1.29428e-01
  2275.000  1.09914e-01
  2280.000  9.69420e-02
  2285.000  1.22665e-01
  2290.000  1.63736e-01
  2295.000  1.58075e-01
  2300.000  1.43735e-01
  2305.000  1.31046e-01
  2310.000  1.45302e-01
  2315.000  1.60893e-01
  2320.000  1.47012e-01
  2325.000  1.40769e-01
  2330.000  1.55271e-01
  2335.000  1.35626e-01
  2340.000  1.08255e-01
  2345.000  9.07590e-02
  2350.000  7.51460e-02
  2355.000  8.01730e-02
  2360.000  1.06046e-01
  2365.000  1.01891e-01
  2370.000  8.90200e-02
  2375.000  9.75900e-02
  2380.000  1.13764e-01
  2385.000  1.07211e-01
  2390.000  7.30750e-02
  2395.000  8.76050e-02
  2400.000  9.49390e-02
  2405.000  7.04790e-02
  2410.000  7.85520e-02
  2415.000  7.07590e-02
  2420.000  8.03770e-02
  2425.000  1.29003e-01
  2430.000  1.59735e-01
  2435.000  1.51120e-01
  2440.000  1.49491e-01
  2445.000  1.51248e-01
  2450.000  1.63765e-01
  2455.000  1.41399e-01
  2460.000  1.25815e-01
  2465.000  1.21061e-01
  2470.000  1.13816e-01
  2475.000  1.19337e-01
  2480.000  1.27369e-01
  2485.000  1.23655e-01
  2490.000  1.14844e-01
  2495.000  9.68750e-02
  2500.000  1.08844e-01
  2505.000  1.43772e-01
  2510.000  1.45582e-01
  2515.000  1.38023e-01
  2520.000  1.15691e-01
  2525.000  9.06700e-02
  2530.000  8.86760e-02
  2535.000  9.34320e-02
  2540.000  1.02848e-01
  2545.000  1.06354e-01
  2550.000  1.12788e-01
  2555.000  1.25148e-01
  2560.000  1.45405e-01
  2565.000  1.56214e-01
  2570.000  1.78218e-01
  2575.000  1.98814e-01
  2580.000  1.63058e-01
  2585.000  1.68007e-01
  2590.000  1.88982e-01
  2595.000  1.92132e-01
  2600.000  1.75712e-01
  2605.000  1.43549e-01
  2610.000  1.50080e-01
  2615.000  1.35753e-01
  2620.000  1.37004e-01
  2625.000  1.57228e-01
  2630.000  1.62791e-01
  2635.000  1.48873e-01
  2640.000  2.07157e-01
  2645.000  3.08884e-01
  2650.000  3.44581e-01
  2655.000  3.33426e-01
  2660.000  3.41301e-01
  2665.000  3.31876e-01
  2670.000  2.94697e-01
  2675.000  2.97227e-01
  2680.000  3.12208e-01
  2685.000  3.08589e-01
  2690.000  3.03592e-01
  2695.000  2.85118e-01
  2700.000  2.74318e-01
  2705.000  3.02031e-01
  2710.000  3.15733e-01
  2715.000  2.92896e-01
  2720.000  2.76307e-01
  2725.000  2.55476e-01
  2730.000  2.62767e-01
  2735.000  2.79428e-01
  2740.000  2.69400e-01
  2745.000  2.11677e-01
  2750.000  1.82248e-01
  2755.000  1.73125e-01
  2760.000  2.02653e-01
  2765.000  2.46859e-01
  2770.000  2.72530e-01
  2775.000  2.75763e-01
  2780.000  2.84097e-01
  2785.000  2.34039e-01
  2790.000  2.02593e-01
  2795.000  1.65008e-01
  2800.000  1.02132e-01
  2805.000  8.13160e-02
  2810.000  1.04929e-01
  2815.000  1.79685e-01
  2820.000  2.63913e-01
  2825.000  3.25425e-01
  2830.000  3.41137e-01
  2835.000  3.41137e-01
  2840.000  3.47254e-01
  2845.000  3.48297e-01
  2850.000  3.32451e-01
  2855.000  2.70122e-01
  2860.000  2.60064e-01
  2865.000  3.55350e-01
  2870.000  3.84254e-01
  2875.000  3.83215e-01
  2880.000  3.72639e-01
  2885.000  3.39831e-01
  2890.000  3.84006e-01
  2895.000  3.96021e-01
  2900.000  4.10897e-01
  2905.000  4.72675e-01
  2910.000  5.20994e-01
  2915.000  5.05657e-01
  2920.000  4.92005e-01
  2925.000  4.61632e-01
  2930.000  4.22486e-01
  2935.000  4.29648e-01
  2940.000  4.61800e-01
  2945.000  4.61240e-01
  2950.000  4.59387e-01
  2955.000  4.69355e-01
  2960.000  5.17671e-01
  2965.000  5.35956e-01
  2970.000  5.04432e-01
  2975.000  4.70021e-01
  2980.000  5.05905e-01
  2985.000  4.78853e-01
  2990.000  4.33548e-01
  2995.000  4.71421e-01
  3000.000  4.93679e-01
  3005.000  4.51333e-01
  3010.000  4.53855e-01
  3015.000  4.88082e-01
  3020.000  4.92171e-01
  3025.000  4.65582e-01
  3030.000  4.91829e-01
  3035.000  5.14878e-01
  3040.000  5.10849e-01
  3045.000  5.00693e-01
  3050.000  5.18867e-01
  3055.000  5.50747e-01
  3060.000  5.22033e-01
  3065.000  4.93602e-01
  3070.000  5.10372e-01
  3075.000  5.28926e-01
  3080.000  5.39188e-01
  3085.000  5.56711e-01
  3090.000  5.86394e-01
  3095.000  5.45657e-01
  3100.000  5.12644e-01
  3105.000  5.26225e-01
  3110.000  5.63789e-01
  3115.000  6.04995e-01
  3120.000  5.79042e-01
  3125.000  5.41408e-01
  3130.000  5.61521e-01
  3135.000  6.06763e-01
  3140.000  6.11645e-01
  3145.000  6.27117e-01
  3150.000  5.81049e-01
  3155.000  5.89785e-01
  3160.000  5.76483e-01
  3165.000  5.74672e-01
  3170.000  6.14475e-01
  3175.000  6.67253e-01
  3180.000  6.41456e-01
  3185.000  5.96424e-01
  3190.000  6.08988e-01
  3195.000  6.31506e-01
  3200.000  6.99669e-01
  3205.000  7.01186e-01
  3210.000  6.81258e-01
  3215.000  6.61434e-01
  3220.000  6.41915e-01
  3225.000  6.20337e-01
  3230.000  6.05436e-01
  3235.000  6.06141e-01
  3240.000  6.21066e-01
  3245.000  6.45997e-01
  3250.000  6.75722e-01
  3255.000  7.04440e-01
  3260.000  7.24994e-01
  3265.000  7.31505e-01
  3270.000  7.24560e-01
  3275.000  7.10482e-01
  3280.000  7.12081e-01
  3285.000  7.44246e-01
  3290.000  7.73707e-01
  3295.000  7.68551e-01
  3300.000  7.50454e-01
  3305.000  7.45929e-01
  3310.000  7.47249e-01
  3315.000  7.42255e-01
  3320.000  7.35311e-01
  3325.000  7.32428e-01
  3330.000  7.29685e-01
  3335.000  7.23686e-01
  3340.000  7.23085e-01
  3345.000  7.33657e-01
  3350.000  7.37618e-01
  3355.000  7.19407e-01
  3360.000  6.95902e-01
  3365.000  6.87126e-01
  3370.000  6.93224e-01
  3375.000  7.08559e-01
  3380.000  7.24242e-01
  3385.000  7.32734e-01
  3390.000  7.35149e-01
  3395.000  7.34419e-01
  3400.000  7.32086e-01
  3405.000  7.29511e-01
  3410.000  7.28706e-01
  3415.000  7.31293e-01
  3420.000  7.36692e-01
  3425.000  7.41788e-01
  3430.000  7.35531e-01
  3435.000  7.11565e-01
  3440.000  6.90234e-01
  3445.000  6.91480e-01
  3450.000  7.06923e-01
  3455.000  7.21956e-01
  3460.000  7.25377e-01
  3465.000  7.12003e-01
  3470.000  6.97323e-01
  3475.000  6.96030e-01
  3480.000  6.98963e-01
  3485.000  6.96145e-01
  3490.000  6.98200e-01
  3495.000  7.15878e-01
  3500.000  7.39849e-01
  3505.000  7.57090e-01
  3510.000  7.38420e-01
  3515.000  7.49667e-01
  3520.000  7.40593e-01
  3525.000  7.34302e-01
  3530.000  7.59347e-01
  3535.000  7.83535e-01
  3540.000  8.03304e-01
  3545.000  8.14235e-01
  3550.000  8.04052e-01
  3555.000  7.83863e-01
  3560.000  7.68689e-01
  3565.000  7.23787e-01
  3570.000  6.93361e-01
  3575.000  6.88352e-01
  3580.000  6.73298e-01
  3585.000  6.64009e-01
  3590.000  7.12630e-01
  3595.000  7.55942e-01
  3600.000  7.56160e-01
  3605.000  7.23427e-01
  3610.000  6.86177e-01
  3615.000  6.94300e-01
  3620.000  6.98116e-01
  3625.000  7.50479e-01
  3630.000  7.32319e-01
  3635.000  7.14797e-01
  3640.000  7.58650e-01
  3645.000  7.41697e-01
  3650.000  7.50497e-01
  3655.000  8.18762e-01
  3660.000  8.43869e-01
  3665.000  8.16948e-01
  3670.000  8.05184e-01
  3675.000  8.01423e-01
  3680.000  7.77222e-01
  3685.000  7.81846e-01
  3690.000  7.99128e-01
  3695.000  8.51394e-01
  3700.000  8.63155e-01
  3705.000  7.98703e-01
  3710.000  7.96790e-01
  3715.000  8.72280e-01
  3720.000  8.06212e-01
  3725.000  8.06085e-01
  3730.000  8.10914e-01
  3735.000  7.30370e-01
  3740.000  8.00017e-01
  3745.000  7.77604e-01
  3750.000  7.39470e-01
  3755.000  8.75489e-01
  3760.000  8.71813e-01
  3765.000  8.57701e-01
  3770.000  8.11004e-01
  3775.000  9.27062e-01
  3780.000  1.06210e+00
  3785.000  1.05291e+00
  3790.000  9.34163e-01
  3795.000  8.25487e-01
  3800.000  8.70826e-01
  3805.000  1.02134e+00
  3810.000  1.07755e+00
  3815.000  1.01323e+00
  3820.000  9.67744e-01
  3825.000  8.61816e-01
  3830.000  7.38707e-01
  3835.000  6.67405e-01
  3840.000  8.14613e-01
  3845.000  1.02007e+00
  3850.000  1.11286e+00
  3855.000  1.09698e+00
  3860.000  1.09250e+00
  3865.000  1.13149e+00
  3870.000  1.07332e+00
  3875.000  1.01947e+00
  3880.000  9.67645e-01
  3885.000  8.18667e-01
  3890.000  7.98248e-01
  3895.000  9.48291e-01
  3900.000  1.02660e+00
  3905.000  9.88588e-01
  3910.000  1.04740e+00
  3915.000  1.06024e+00
  3920.000  1.00334e+00
  3925.000  8.68034e-01
  3930.000  6.50938e-01
  3935.000  5.88453e-01
  3940.000  7.35652e-01
  3945.000  8.77191e-01
  3950.000  9.72243e-01
  3955.000  9.92445e-01
  3960.000  9.02842e-01
  3965.000  7.09866e-01
  3970.000  6.35034e-01
  3975.000  7.79354e-01
  3980.000  9.33284e-01
  3985.000  1.04138e+00
  3990.000  1.12582e+00
  3995.000  1.16911e+00
  4000.000  1.18323e+00
  4005.000  1.18149e+00
  4010.000  1.20524e+00
  4015.000  1.22841e+00
  4020.000  1.24404e+00
  4025.000  1.24423e+00
  4030.000  1.21267e+00
  4035.000  1.20970e+00
  4040.000  1.21328e+00
  4045.000  1.19123e+00
  4050.000  1.21421e+00
  4055.000  1.19038e+00
  4060.000  1.16913e+00
  4065.000  1.16004e+00
  4070.000  1.16195e+00
  4075.000  1.15384e+00
  4080.000  1.17547e+00
  4085.000  1.20111e+00
  4090.000  1.17704e+00
  4095.000  1.07934e+00
  4100.000  9.63319e-01
  4105.000  9.86257e-01
  4110.000  1.08687e+00
  4115.000  1.16313e+00
  4120.000  1.19525e+00
  4125.000  1.20874e+00
  4130.000  1.21003e+00
  4135.000  1.22513e+00
  4140.000  1.23840e+00
  4145.000  1.23808e+00
  4150.000  1.24352e+00
  4155.000  1.23815e+00
  4160.000  1.25316e+00
  4165.000  1.25268e+00
  4170.000  1.21143e+00
  4175.000  1.18594e+00
  4180.000  1.20146e+00
  4185.000  1.20306e+00
  4190.000  1.21417e+00
  4195.000  1.21309e+00
  4200.000  1.20400e+00
  4205.000  1.23293e+00
  4210.000  1.25944e+00
  4215.000  1.25051e+00
  4220.000  1.22243e+00
  4225.000  1.16815e+00
  4230.000  1.18417e+00
  4235.000  1.18829e+00
  4240.000  1.19571e+00
  4245.000  1.20982e+00
  4250.000  1.21152e+00
  4255.000  1.21356e+00
  4260.000  1.20102e+00
  4265.000  1.20633e+00
  4270.000  1.18024e+00
  4275.000  1.17467e+00
  4280.000  1.18376e+00
  4285.000  1.15541e+00
  4290.000  1.12575e+00
  4295.000  1.10223e+00
  4300.000  1.03843e+00
  4305.000  1.01831e+00
  4310.000  1.03988e+00
  4315.000  1.10892e+00
  4320.000  1.14866e+00
  4325.000  1.13010e+00
  4330.000  1.13241e+00
  4335.000  1.06284e+00
  4340.000  9.64308e-01
  4345.000  1.01538e+00
  4350.000  1.08213e+00
  4355.000  1.14292e+00
  4360.000  1.20902e+00
  4365.000  1.23751e+00
  4370.000  1.22213e+00
  4375.000  1.20500e+00
  4380.000  1.18618e+00
  4385.000  1.15821e+00
  4390.000  1.18333e+00
  4395.000  1.20082e+00
  4400.000  1.20358e+00
  4405.000  1.20659e+00
  4410.000  1.22575e+00
  4415.000  1.22911e+00
  4420.000  1.23910e+00
  4425.000  1.24568e+00
  4430.000  1.24216e+00
  4435.000  1.23570e+00
  4440.000  1.24032e+00
  4445.000  1.22543e+00
  4450.000  1.21725e+00
  4455.000  1.18787e+00
  4460.000  1.18636e+00
  4465.000  1.21003e+00
  4470.000  1.23183e+00
  4475.000  1.25492e+00
  4480.000  1.23465e+00
  4485.000  1.23532e+00
  4490.000  1.23143e+00
  4495.000  1.24055e+00
  4500.000  1.26303e+00
  4505.000  1.28576e+00
  4510.000  1.28745e+00
  4515.000  1.27668e+00
  4520.000  1.25636e+00
  4525.000  1.22542e+00
  4530.000  1.19958e+00
  4535.000  1.21786e+00
  4540.000  1.23868e+00
  4545.000  1.22467e+00
  4550.000  1.20718e+00
  4555.000  1.21709e+00
  4560.000  1.23302e+00
  4565.000  1.23686e+00
  4570.000  1.24881e+00
  4575.000  1.25219e+00
  4580.000  1.23109e+00
  4585.000  1.22292e+00
  4590.000  1.22433e+00
  4595.000  1.22501e+00
  4600.000  1.22951e+00
  4605.000  1.24179e+00
  4610.000  1.25197e+00
  4615.000  1.25188e+00
  4620.000  1.25404e+00
  4625.000  1.25496e+00
  4630.000  1.24036e+00
  4635.000  1.23094e+00
  4640.000  1.22957e+00
  4645.000  1.21650e+00
  4650.000  1.21828e+00
  4655.000  1.22656e+00
  4660.000  1.23451e+00
  4665.000  1.20979e+00
  4670.000  1.20348e+00
  4675.000  1.21457e+00
  4680.000  1.22069e+00
  4685.000  1.22919e+00
  4690.000  1.22450e+00
  4695.000  1.21893e+00
  4700.000  1.18660e+00
  4705.000  1.17282e+00
  4710.000  1.18251e+00
  4715.000  1.20368e+00
  4720.000  1.21837e+00
  4725.000  1.21987e+00
  4730.000  1.20091e+00
  4735.000  1.19439e+00
  4740.000  1.20387e+00
  4745.000  1.20949e+00
  4750.000  1.20738e+00
  4755.000  1.19101e+00
  4760.000  1.18056e+00
  4765.000  1.17025e+00
  4770.000  1.18395e+00
  4775.000  1.20028e+00
  4780.000  1.19488e+00
  4785.000  1.18299e+00
  4790.000  1.18335e+00
  4795.000  1.18916e+00
  4800.000  1.18656e+00
  4805.000  1.18811e+00
  4810.000  1.19589e+00
  4815.000  1.20376e+00
  4820.000  1.19382e+00
  4825.000  1.18118e+00
  4830.000  1.17744e+00
  4835.000  1.17881e+00
  4840.000  1.16946e+00
  4845.000  1.14672e+00
  4850.000  1.10035e+00
  4855.000  1.00652e+00
  4860.000  9.05801e-01
  4865.000  9.24946e-01
  4870.000  9.97295e-01
  4875.000  1.04600e+00
  4880.000  1.10070e+00
  4885.000  1.11431e+00
  4890.000  1.12357e+00
  4895.000  1.15049e+00
  4900.000  1.15670e+00
  4905.000  1.15619e+00
  4910.000  1.15649e+00
  4915.000  1.15925e+00
  4920.000  1.13020e+00
  4925.000  1.13113e+00
  4930.000  1.14472e+00
  4935.000  1.13182e+00
  4940.000  1.13739e+00
  4945.000  1.16327e+00
  4950.000  1.17240e+00
  4955.000  1.15708e+00
  4960.000  1.15214e+00
  4965.000  1.16217e+00
  4970.000  1.15762e+00
  4975.000  1.15515e+00
  4980.000  1.12459e+00
  4985.000  1.11382e+00
  4990.000  1.13634e+00
  4995.000  1.13799e+00
  5000.000  1.12953e+00
  5005.000  1.10952e+00
  5010.000  1.09754e+00
  5015.000  1.08158e+00
  5020.000  1.08682e+00
  5025.000  1.10149e+00
  5030.000  1.11480e+00
  5035.000  1.11112e+00
  5040.000  1.09374e+00
  5045.000  1.11085e+00
  5050.000  1.11594e+00
  5055.000  1.12952e+00
  5060.000  1.14484e+00
  5065.000  1.13248e+00
  5070.000  1.12206e+00
  5075.000  1.11073e+00
  5080.000  1.10488e+00
  5085.000  1.11758e+00
  5090.000  1.13393e+00
  5095.000  1.13119e+00
  5100.000  1.11810e+00
  5105.000  1.12088e+00
  5110.000  1.11709e+00
  5115.000  1.12971e+00
  5120.000  1.12720e+00
  5125.000  1.11058e+00
  5130.000  1.09846e+00
  5135.000  1.09031e+00
  5140.000  1.08194e+00
  5145.000  1.08778e+00
  5150.000  1.09423e+00
  5155.000  1.09386e+00
  5160.000  1.08451e+00
  5165.000  1.03766e+00
  5170.000  1.00555e+00
  5175.000  1.03145e+00
  5180.000  1.03870e+00
  5185.000  1.02041e+00
  5190.000  1.03725e+00
  5195.000  1.04801e+00
  5200.000  1.05906e+00
  5205.000  1.05411e+00
  5210.000  1.06599e+00
  5215.000  1.07335e+00
  5220.000  1.07992e+00
  5225.000  1.06244e+00
  5230.000  1.05709e+00
  5235.000  1.06701e+00
  5240.000  1.07836e+00
  5245.000  1.08428e+00
  5250.000  1.08269e+00
  5255.000  1.08421e+00
  5260.000  1.06544e+00
  5265.000  1.02005e+00
  5270.000  1.01291e+00
  5275.000  1.02882e+00
  5280.000  1.04889e+00
  5285.000  1.06980e+00
  5290.000  1.09605e+00
  5295.000  1.08774e+00
  5300.000  1.07061e+00
  5305.000  1.08158e+00
  5310.000  1.08675e+00
  5315.000  1.07853e+00
  5320.000  1.06419e+00
  5325.000  1.03643e+00
  5330.000  1.02592e+00
  5335.000  1.04043e+00
  5340.000  1.04013e+00
  5345.000  1.05228e+00
  5350.000  1.06457e+00
  5355.000  1.07633e+00
  5360.000  1.06564e+00
  5365.000  1.04075e+00
  5370.000  1.03590e+00
  5375.000  1.05447e+00
  5380.000  1.06536e+00
  5385.000  1.06557e+00
  5390.000  1.05744e+00
  5395.000  1.04105e+00
  5400.000  1.03077e+00
  5405.000  1.01718e+00
  5410.000  1.02261e+00
  5415.000  1.03551e+00
  5420.000  1.04103e+00
  5425.000  1.03415e+00
  5430.000  1.02855e+00
  5435.000  1.03107e+00
  5440.000  1.04948e+00
  5445.000  1.04575e+00
  5450.000  1.04752e+00
  5455.000  1.04413e+00
  5460.000  1.04131e+00
  5465.000  1.03119e+00
  5470.000  1.03124e+00
  5475.000  1.01613e+00
  5480.000  1.01049e+00
  5485.000  1.02322e+00
  5490.000  1.02530e+00
  5495.000  1.02453e+00
  5500.000  1.01991e+00
  5505.000  1.01485e+00
  5510.000  1.01130e+00
  5515.000  1.01116e+00
  5520.000  1.01356e+00
  5525.000  1.00558e+00
  5530.000  1.00560e+00
  5535.000  1.01160e+00
  5540.000  1.02030e+00
  5545.000  1.02423e+00
  5550.000  1.02233e+00
  5555.000  1.01724e+00
  5560.000  1.01285e+00
  5565.000  1.00408e+00
  5570.000  9.92949e-01
  5575.000  9.91594e-01
  5580.000  9.92222e-01
  5585.000  9.75285e-01
  5590.000  9.66359e-01
  5595.000  9.65737e-01
  5600.000  9.68731e-01
  5605.000  9.86831e-01
  5610.000  1.00171e+00
  5615.000  9.86561e-01
  5620.000  9.82669e-01
  5625.000  9.84365e-01
  5630.000  9.88898e-01
  5635.000  9.88432e-01
  5640.000  9.90352e-01
  5645.000  9.99365e-01
  5650.000  9.98595e-01
  5655.000  9.78796e-01
  5660.000  9.62991e-01
  5665.000  9.63222e-01
  5670.000  9.72009e-01
  5675.000  9.82429e-01
  5680.000  9.80130e-01
  5685.000  9.70153e-01
  5690.000  9.67089e-01
  5695.000  9.66125e-01
  5700.000  9.60998e-01
  5705.000  9.48786e-01
  5710.000  9.40282e-01
  5715.000  9.52160e-01
  5720.000  9.66740e-01
  5725.000  9.76485e-01
  5730.000  9.72035e-01
  5735.000  9.71457e-01
  5740.000  9.68859e-01
  5745.000  9.63782e-01
  5750.000  9.57765e-01
  5755.000  9.50762e-01
  5760.000  9.53331e-01
  5765.000  9.54575e-01
  5770.000  9.58807e-01
  5775.000  9.55996e-01
  5780.000  9.52397e-01
  5785.000  9.47035e-01
  5790.000  9.47812e-01
  5795.000  9.47539e-01
  5800.000  9.48624e-01
  5805.000  9.51325e-01
  5810.000  9.54208e-01
  5815.000  9.57103e-01
  5820.000  9.61144e-01
  5825.000  9.58402e-01
  5830.000  9.55279e-01
  5835.000  9.56596e-01
  5840.000  9.57917e-01
  5845.000  9.57631e-01
  5850.000  9.52831e-01
  5855.000  9.40665e-01
  5860.000  9.37969e-01
  5865.000  9.45363e-01
  5870.000  9.49692e-01
  5875.000  9.40928e-01
  5880.000  9.35004e-01
  5885.000  9.19828e-01
  5890.000  8.89125e-01
  5895.000  8.78687e-01
  5900.000  9.01413e-01
  5905.000  9.20301e-01
  5910.000  9.24416e-01
  5915.000  9.26735e-01
  5920.000  9.25299e-01
  5925.000  9.23025e-01
  5930.000  9.17976e-01
  5935.000  9.20446e-01
  5940.000  9.13941e-01
  5945.000  9.08345e-01
  5950.000  9.05337e-01
  5955.000  9.06977e-01
  5960.000  9.11758e-01
  5965.000  9.12238e-01
  5970.000  9.08659e-01
  5975.000  9.03768e-01
  5980.000  9.02190e-01
  5985.000  8.98998e-01
  5990.000  9.01786e-01
  5995.000  9.04202e-01
  6000.000  9.00876e-01
  6005.000  8.90206e-01
  6010.000  8.83259e-01
  6015.000  8.73615e-01
  6020.000  8.69832e-01
  6025.000  8.78108e-01
  6030.000  8.86700e-01
  6035.000  8.90468e-01
  6040.000  8.86509e-01
  6045.000  8.84098e-01
  6050.000  8.91161e-01
  6055.000  8.89982e-01
  6060.000  8.90387e-01
  6065.000  8.86758e-01
  6070.000  8.90902e-01
  6075.000  8.85550e-01
  6080.000  8.80152e-01
  6085.000  8.77253e-01
  6090.000  8.73749e-01
  6095.000  8.69664e-01
  6100.000  8.64037e-01
  6105.000  8.65970e-01
  6110.000  8.78007e-01
  6115.000  8.77734e-01
  6120.000  8.73588e-01
  6125.000  8.68952e-01
  6130.000  8.66901e-01
  6135.000  8.54341e-01
  6140.000  8.50626e-01
  6145.000  8.54195e-01
  6150.000  8.55447e-01
  6155.000  8.57170e-01
  6160.000  8.47907e-01
  6165.000  8.42263e-01
  6170.000  8.39650e-01
  6175.000  8.47673e-01
  6180.000  8.52326e-01
  6185.000  8.59695e-01
  6190.000  8.58883e-01
  6195.000  8.63129e-01
  6200.000  8.67385e-01
  6205.000  8.62497e-01
  6210.000  8.59360e-01
  6215.000  8.53785e-01
  6220.000  8.51382e-01
  6225.000  8.53229e-01
  6230.000  8.44036e-01
  6235.000  8.40369e-01
  6240.000  8.38736e-01
  6245.000  8.33100e-01
  6250.000  8.34334e-01
  6255.000  8.31122e-01
  6260.000  8.32318e-01
  6265.000  8.32612e-01
  6270.000  8.33434e-01
  6275.000  8.25762e-01
  6280.000  8.12642e-01
  6285.000  8.23466e-01
  6290.000  8.28651e-01
  6295.000  8.22851e-01
  6300.000  8.17779e-01
  6305.000  8.18373e-01
  6310.000  8.15464e-01
  6315.000  8.10543e-01
  6320.000  8.12600e-01
  6325.000  8.21956e-01
  6330.000  8.25140e-01
  6335.000  8.19993e-01
  6340.000  8.16648e-01
  6345.000  8.13180e-01
  6350.000  8.16389e-01
  6355.000  8.18498e-01
  6360.000  8.12610e-01
  6365.000  8.14538e-01
  6370.000  8.16969e-01
  6375.000  8.19607e-01
  6380.000  8.17360e-01
  6385.000  8.18043e-01
  6390.000  8.17893e-01
  6395.000  8.13009e-01
  6400.000  8.07598e-01
  6405.000  8.06797e-01
  6410.000  8.03669e-01
  6415.000  8.04657e-01
  6420.000  7.97839e-01
  6425.000  7.99658e-01
  6430.000  7.97706e-01
  6435.000  7.97486e-01
  6440.000  7.99761e-01
  6445.000  8.00229e-01
  6450.000  7.90020e-01
  6455.000  7.83729e-01
  6460.000  7.80281e-01
  6465.000  7.79963e-01
  6470.000  7.84190e-01
  6475.000  7.85952e-01
  6480.000  7.84822e-01
  6485.000  7.81330e-01
  6490.000  7.70343e-01
  6495.000  7.59067e-01
  6500.000  7.74034e-01
  6505.000  7.87745e-01
  6510.000  7.88659e-01
  6515.000  7.85722e-01
  6520.000  7.89079e-01
  6525.000  7.90752e-01
  6530.000  7.88695e-01
  6535.000  7.90954e-01
  6540.000  7.87738e-01
  6545.000  7.69011e-01
  6550.000  7.40607e-01
  6555.000  6.95880e-01
  6560.000  6.25906e-01
  6565.000  6.17286e-01
  6570.000  6.73569e-01
  6575.000  7.13156e-01
  6580.000  7.42115e-01
  6585.000  7.56865e-01
  6590.000  7.60336e-01
  6595.000  7.57888e-01
  6600.000  7.60338e-01
  6605.000  7.62053e-01
  6610.000  7.64091e-01
  6615.000  7.66106e-01
  6620.000  7.67356e-01
  6625.000  7.63862e-01
  6630.000  7.55805e-01
  6635.000  7.52846e-01
  6640.000  7.58672e-01
  6645.000  7.62884e-01
  6650.000  7.64786e-01
  6655.000  7.62891e-01
  6660.000  7.58601e-01
  6665.000  7.54933e-01
  6670.000  7.51367e-01
  6675.000  7.47476e-01
  6680.000  7.45420e-01
  6685.000  7.45520e-01
  6690.000  7.42880e-01
  6695.000  7.43561e-01
  6700.000  7.44300e-01
  6705.000  7.41543e-01
  6710.000  7.39099e-01
  6715.000  7.37746e-01
  6720.000  7.38624e-01
  6725.000  7.43734e-01
  6730.000  7.41194e-01
  6735.000  7.36884e-01
  6740.000  7.32775e-01
  6745.000  7.25849e-01
  6750.000  7.22336e-01
  6755.000  7.25158e-01
  6760.000  7.29738e-01
  6765.000  7.31347e-01
  6770.000  7.38268e-01
  6775.000  7.38977e-01
  6780.000  7.35459e-01
  6785.000  7.32416e-01
  6790.000  7.33063e-01
  6795.000  7.34156e-01
  6800.000  7.36677e-01
  6805.000  7.30708e-01
  6810.000  7.29807e-01
  6815.000  7.31170e-01
  6820.000  7.26980e-01
  6825.000  7.23098e-01
  6830.000  7.19077e-01
  6835.000  7.12502e-01
  6840.000  7.04363e-01
  6845.000  7.02848e-01
  6850.000  7.01552e-01
  6855.000  6.98933e-01
  6860.000  6.93721e-01
  6865.000  6.85920e-01
  6870.000  6.77331e-01
  6875.000  6.70888e-01
  6880.000  6.68982e-01
  6885.000  6.72016e-01
  6890.000  6.77984e-01
  6895.000  6.83377e-01
  6900.000  6.85192e-01
  6905.000  6.82806e-01
  6910.000  6.78270e-01
  6915.000  6.75092e-01
  6920.000  6.76141e-01
  6925.000  6.81764e-01
  6930.000  6.89406e-01
  6935.000  6.95205e-01
  6940.000  6.96353e-01
  6945.000  6.92653e-01
  6950.000  6.86422e-01
  6955.000  6.80828e-01
  6960.000  6.77637e-01
  6965.000  6.76199e-01
  6970.000  6.74242e-01
  6975.000  6.88529e-01
  6980.000  6.82225e-01
  6985.000  6.78370e-01
  6990.000  6.70467e-01
  6995.000  6.70618e-01
  7000.000  6.69214e-01
  7005.000  6.66413e-01
  7010.000  6.68306e-01
  7015.000  6.67555e-01
  7020.000  6.63088e-01
  7025.000  6.58907e-01
  7030.000  6.56753e-01
  7035.000  6.60353e-01
  7040.000  6.66962e-01
  7045.000  6.71058e-01
  7050.000  6.72409e-01
  7055.000  6.74295e-01
  7060.000  6.69760e-01
  7065.000  6.63411e-01
  7070.000  6.65496e-01
  7075.000  6.73570e-01
  7080.000  6.78882e-01
  7085.000  6.79391e-01
  7090.000  6.77767e-01
  7095.000  6.75884e-01
  7100.000  6.74433e-01
  7105.000  6.74462e-01
  7110.000  6.72529e-01
  7115.000  6.70698e-01
  7120.000  6.66343e-01
  7125.000  6.58117e-01
  7130.000  6.55178e-01
  7135.000  6.62308e-01
  7140.000  6.70464e-01
  7145.000  6.70868e-01
  7150.000  6.71086e-01
  7155.000  6.69859e-01
  7160.000  6.59990e-01
  7165.000  6.44142e-01
  7170.000  6.41940e-01
  7175.000  6.40234e-01
  7180.000  6.39328e-01
  7185.000  6.26649e-01
  7190.000  6.26804e-01
  7195.000  6.24454e-01
  7200.000  6.18891e-01
  7205.000  6.19504e-01
  7210.000  6.29369e-01
  7215.000  6.39575e-01
  7220.000  6.42679e-01
  7225.000  6.36699e-01
  7230.000  6.31806e-01
  7235.000  6.28587e-01
  7240.000  6.33084e-01
  7245.000  6.31663e-01
  7250.000  6.24942e-01
  7255.000  6.14400e-01
  7260.000  6.14611e-01
  7265.000  6.20360e-01
  7270.000  6.30076e-01
  7275.000  6.25238e-01
  7280.000  6.23430e-01
  7285.000  6.21951e-01
  7290.000  6.04169e-01
  7295.000  6.02524e-01
  7300.000  6.14667e-01
  7305.000  6.10858e-01
  7310.000  6.16403e-01
  7315.000  6.26741e-01
  7320.000  6.28554e-01
  7325.000  6.25443e-01
  7330.000  6.22993e-01
  7335.000  6.25091e-01
  7340.000  6.25144e-01
  7345.000  6.17840e-01
  7350.000  6.12160e-01
  7355.000  6.13366e-01
  7360.000  6.11526e-01
  7365.000  6.03817e-01
  7370.000  6.08187e-01
  7375.000  6.13150e-01
  7380.000  6.10652e-01
  7385.000  6.00545e-01
  7390.000  5.95567e-01
  7395.000  5.95907e-01
  7400.000  5.95176e-01
  7405.000  6.04363e-01
  7410.000  6.03640e-01
  7415.000  6.04667e-01
  7420.000  6.05732e-01
  7425.000  6.08058e-01
  7430.000  6.10890e-01
  7435.000  6.08957e-01
  7440.000  6.02214e-01
  7445.000  5.95029e-01
  7450.000  5.92463e-01
  7455.000  5.95501e-01
  7460.000  6.00474e-01
  7465.000  6.03834e-01
  7470.000  6.03443e-01
  7475.000  5.99242e-01
  7480.000  5.93399e-01
  7485.000  5.89755e-01
  7490.000  5.87540e-01
  7495.000  5.87206e-01
  7500.000  5.87779e-01
  7505.000  5.87212e-01
  7510.000  5.83670e-01
  7515.000  5.81665e-01
  7520.000  5.81381e-01
  7525.000  5.80380e-01
  7530.000  5.80414e-01
  7535.000  5.83943e-01
  7540.000  5.88283e-01
  7545.000  5.91024e-01
  7550.000  5.88305e-01
  7555.000  5.87667e-01
  7560.000  5.87028e-01
  7565.000  5.86390e-01
  7570.000  5.85751e-01
  7575.000  5.85113e-01
  7580.000  5.84474e-01
  7585.000  5.83836e-01
  7590.000  5.83197e-01
  7595.000  5.82559e-01
  7600.000  5.81920e-01
  7605.000  5.81282e-01
  7610.000  5.80643e-01
  7615.000  5.80005e-01
  7620.000  5.79366e-01
  7625.000  5.78727e-01
  7630.000  5.78089e-01
  7635.000  5.77450e-01
  7640.000  5.76812e-01
  7645.000  5.76173e-01
  7650.000  5.75535e-01
  7655.000  5.74896e-01
  7660.000  5.74258e-01
  7665.000  5.73619e-01
  7670.000  5.72981e-01
  7675.000  5.72342e-01
  7680.000  5.71704e-01
  7685.000  5.71065e-01
  7690.000  5.70427e-01
  7695.000  5.69788e-01
  7700.000  5.69150e-01
  7705.000  5.68511e-01
  7710.000  5.67873e-01
  7715.000  5.67234e-01
  7720.000  5.66595e-01
  7725.000  5.65957e-01
  7730.000  5.65318e-01
  7735.000  5.63186e-01
  7740.000  5.57393e-01
  7745.000  5.51290e-01
  7750.000  5.50759e-01
  7755.000  5.55246e-01
  7760.000  5.61247e-01
  7765.000  5.62343e-01
  7770.000  5.56196e-01
  7775.000  5.46686e-01
  7780.000  5.44527e-01
  7785.000  5.49080e-01
  7790.000  5.56847e-01
  7795.000  5.64678e-01
  7800.000  5.66075e-01
  7805.000  5.61249e-01
  7810.000  5.50309e-01
  7815.000  5.38753e-01
  7820.000  5.32297e-01
  7825.000  5.31084e-01
  7830.000  5.34530e-01
  7835.000  5.41359e-01
  7840.000  5.48428e-01
  7845.000  5.52527e-01
  7850.000  5.52424e-01
  7855.000  5.49192e-01
  7860.000  5.47154e-01
  7865.000  5.45728e-01
  7870.000  5.45729e-01
  7875.000  5.47058e-01
  7880.000  5.46869e-01
  7885.000  5.44379e-01
  7890.000  5.36736e-01
  7895.000  5.26194e-01
  7900.000  5.16972e-01
  7905.000  5.12600e-01
  7910.000  5.12865e-01
  7915.000  5.16722e-01
  7920.000  5.22645e-01
  7925.000  5.27411e-01
  7930.000  5.28003e-01
  7935.000  5.28773e-01
  7940.000  5.29949e-01
  7945.000  5.31250e-01
  7950.000  5.33688e-01
  7955.000  5.32117e-01
  7960.000  5.24644e-01
  7965.000  5.16585e-01
  7970.000  5.14910e-01
  7975.000  5.19204e-01
  7980.000  5.29698e-01
  7985.000  5.39366e-01
  7990.000  5.41133e-01
  7995.000  5.33660e-01
  8000.000  5.18787e-01
  8005.000  5.11865e-01
  8010.000  5.22140e-01
  8015.000  5.21222e-01
  8020.000  5.21255e-01
  8025.000  5.19994e-01
  8030.000  5.20292e-01
  8035.000  5.21863e-01
  8040.000  5.22174e-01
  8045.000  5.20937e-01
  8050.000  5.21158e-01
  8055.000  5.22778e-01
  8060.000  5.22571e-01
  8065.000  5.22148e-01
  8070.000  5.21681e-01
  8075.000  5.20679e-01
  8080.000  5.19221e-01
  8085.000  5.16321e-01
  8090.000  5.13900e-01
  8095.000  5.11573e-01
  8100.000  5.10747e-01
  8105.000  5.11129e-01
  8110.000  5.12273e-01
  8115.000  5.13535e-01
  8120.000  5.14273e-01
  8125.000  5.14004e-01
  8130.000  5.12891e-01
  8135.000  5.11258e-01
  8140.000  5.09427e-01
  8145.000  5.07674e-01
  8150.000  5.06081e-01
  8155.000  5.04681e-01
  8160.000  5.03511e-01
  8165.000  5.02620e-01
  8170.000  5.02129e-01
  8175.000  5.02177e-01
  8180.000  5.02900e-01
  8185.000  5.04278e-01
  8190.000  5.05653e-01
  8195.000  5.06207e-01
  8200.000  5.05123e-01
  8205.000  5.01979e-01
  8210.000  4.97928e-01
  8215.000  4.94519e-01
  8220.000  4.93300e-01
  8225.000  4.95264e-01
  8230.000  4.99181e-01
  8235.000  5.03269e-01
  8240.000  5.05743e-01
  8245.000  5.05371e-01
  8250.000  5.03119e-01
  8255.000  5.00505e-01
  8260.000  4.99048e-01
  8265.000  4.99761e-01
  8270.000  5.01645e-01
  8275.000  5.03196e-01
  8280.000  5.02910e-01
  8285.000  4.99789e-01
  8290.000  4.94855e-01
  8295.000  4.89638e-01
  8300.000  4.85665e-01
  8305.000  4.84053e-01
  8310.000  4.84270e-01
  8315.000  4.85373e-01
  8320.000  4.86418e-01
  8325.000  4.86616e-01
  8330.000  4.85788e-01
  8335.000  4.83910e-01
  8340.000  4.80958e-01
  8345.000  4.77090e-01
  8350.000  4.73191e-01
  8355.000  4.70329e-01
  8360.000  4.69572e-01
  8365.000  4.71553e-01
  8370.000  4.75171e-01
  8375.000  4.78891e-01
  8380.000  4.81176e-01
  8385.000  4.80929e-01
  8390.000  4.78800e-01
  8395.000  4.75876e-01
  8400.000  4.73245e-01
  8405.000  4.71770e-01
  8410.000  4.76877e-01
  8415.000  4.77430e-01
  8420.000  4.75546e-01
  8425.000  4.76825e-01
  8430.000  4.75379e-01
  8435.000  4.73121e-01
  8440.000  4.68193e-01
  8445.000  4.67522e-01
  8450.000  4.68012e-01
  8455.000  4.71239e-01
  8460.000  4.70088e-01
  8465.000  4.66702e-01
  8470.000  4.66829e-01
  8475.000  4.68276e-01
  8480.000  4.66327e-01
  8485.000  4.67284e-01
  8490.000  4.62021e-01
  8495.000  4.44089e-01
  8500.000  4.32169e-01
  8505.000  4.47464e-01
  8510.000  4.57724e-01
  8515.000  4.55188e-01
  8520.000  4.56959e-01
  8525.000  4.58622e-01
  8530.000  4.54352e-01
  8535.000  4.36405e-01
  8540.000  3.97150e-01
  8545.000  3.91097e-01
  8550.000  4.29372e-01
  8555.000  4.49070e-01
  8560.000  4.50413e-01
  8565.000  4.53134e-01
  8570.000  4.52143e-01
  8575.000  4.51041e-01
  8580.000  4.48751e-01
  8585.000  4.49024e-01
  8590.000  4.47667e-01
  8595.000  4.46542e-01
  8600.000  4.45076e-01
  8605.000  4.46952e-01
  8610.000  4.47872e-01
  8615.000  4.48456e-01
  8620.000  4.49302e-01
  8625.000  4.48050e-01
  8630.000  4.46161e-01
  8635.000  4.47522e-01
  8640.000  4.47482e-01
  8645.000  4.44312e-01
  8650.000  4.39550e-01
  8655.000  4.28869e-01
  8660.000  3.98670e-01
  8665.000  3.88574e-01
  8670.000  4.21810e-01
  8675.000  4.36963e-01
  8680.000  4.40469e-01
  8685.000  4.39767e-01
  8690.000  4.38481e-01
  8695.000  4.40530e-01
  8700.000  4.42611e-01
  8705.000  4.43833e-01
  8710.000  4.40372e-01
  8715.000  4.41347e-01
  8720.000  4.41018e-01
  8725.000  4.42076e-01
  8730.000  4.41423e-01
  8735.000  4.37822e-01
  8740.000  4.34659e-01
  8745.000  4.30607e-01
  8750.000  4.25384e-01
  8755.000  4.28508e-01
  8760.000  4.32894e-01
  8765.000  4.35537e-01
  8770.000  4.36855e-01
  8775.000  4.36034e-01
  8780.000  4.36894e-01
  8785.000  4.37693e-01
  8790.000  4.34926e-01
  8795.000  4.34291e-01
  8800.000  4.33424e-01
  8805.000  4.25865e-01
  8810.000  4.26216e-01
  8815.000  4.32771e-01
  8820.000  4.33546e-01
  8825.000  4.30925e-01
  8830.000  4.31203e-01
  8835.000  4.31131e-01
  8840.000  4.29828e-01
  8845.000  4.28806e-01
  8850.000  4.25571e-01
  8855.000  4.21653e-01
  8860.000  4.15073e-01
  8865.000  4.11525e-01
  8870.000  4.19419e-01
  8875.000  4.25476e-01
  8880.000  4.27559e-01
  8885.000  4.29718e-01
  8890.000  4.31677e-01
  8895.000  4.30383e-01
  8900.000  4.31116e-01
  8905.000  4.28778e-01
  8910.000  4.29409e-01
  8915.000  4.30034e-01
  8920.000  4.31122e-01
  8925.000  4.25577e-01
  8930.000  4.27201e-01
  8935.000  4.22630e-01
  8940.000  4.18003e-01
  8945.000  4.13990e-01
  8950.000  4.10221e-01
  8955.000  4.06062e-01
  8960.000  4.00882e-01
  8965.000  3.94317e-01
  8970.000  3.87075e-01
  8975.000  3.80134e-01
  8980.000  3.74470e-01
  8985.000  3.70864e-01
  8990.000  3.69318e-01
  8995.000  3.69639e-01
  9000.000  3.71634e-01
  9005.000  3.75109e-01
  9010.000  3.79873e-01
  9015.000  3.85736e-01
  9020.000  3.92506e-01
  9025.000  3.99851e-01
  9030.000  4.06870e-01
  9035.000  4.12523e-01
  9040.000  4.15765e-01
  9045.000  4.15828e-01
  9050.000  4.13028e-01
  9055.000  4.07953e-01
  9060.000  4.01191e-01
  9065.000  3.93512e-01
  9070.000  3.86410e-01
  9075.000  3.81562e-01
  9080.000  3.80644e-01
  9085.000  3.84548e-01
  9090.000  3.91035e-01
  9095.000  3.97079e-01
  9100.000  3.99657e-01
  9105.000  3.96755e-01
  9110.000  3.90399e-01
  9115.000  3.83624e-01
  9120.000  3.79466e-01
  9125.000  3.80090e-01
  9130.000  3.84179e-01
  9135.000  3.89547e-01
  9140.000  3.94007e-01
  9145.000  3.95900e-01
  9150.000  3.95682e-01
  9155.000  3.94338e-01
  9160.000  3.92852e-01
  9165.000  3.92039e-01
  9170.000  3.92038e-01
  9175.000  3.92819e-01
  9180.000  3.94350e-01
  9185.000  3.96463e-01
  9190.000  3.98428e-01
  9195.000  3.99379e-01
  9200.000  3.98447e-01
  9205.000  3.95123e-01
  9210.000  3.90332e-01
  9215.000  3.85356e-01
  9220.000  3.81480e-01
  9225.000  3.79687e-01
  9230.000  3.79768e-01
  9235.000  3.81212e-01
  9240.000  3.83510e-01
  9245.000  3.86182e-01
  9250.000  3.88872e-01
  9255.000  3.91254e-01
  9260.000  3.93000e-01
  9265.000  3.93864e-01
  9270.000  3.93908e-01
  9275.000  3.93278e-01
  9280.000  3.92114e-01
  9285.000  3.90430e-01
  9290.000  3.87710e-01
  9295.000  3.83307e-01
  9300.000  3.76576e-01
  9305.000  3.67535e-01
  9310.000  3.58874e-01
  9315.000  3.53946e-01
  9320.000  3.56107e-01
  9325.000  3.67187e-01
  9330.000  3.82915e-01
  9335.000  3.97498e-01
  9340.000  4.05141e-01
  9345.000  4.02003e-01
  9350.000  3.92046e-01
  9355.000  3.81186e-01
  9360.000  3.75336e-01
  9365.000  3.78695e-01
  9370.000  3.88584e-01
  9375.000  4.00610e-01
  9380.000  4.10377e-01
  9385.000  4.14423e-01
  9390.000  4.13017e-01
  9395.000  4.07361e-01
  9400.000  3.98657e-01
  9405.000  3.88062e-01
  9410.000  3.76565e-01
  9415.000  3.65107e-01
  9420.000  3.54633e-01
  9425.000  3.46095e-01
  9430.000  3.40475e-01
  9435.000  3.38766e-01
  9440.000  3.41959e-01
  9445.000  3.50358e-01
  9450.000  3.61519e-01
  9455.000  3.72308e-01
  9460.000  3.79591e-01
  9465.000  3.81193e-01
  9470.000  3.78763e-01
  9475.000  3.74908e-01
  9480.000  3.72235e-01
  9485.000  3.72573e-01
  9490.000  3.74645e-01
  9495.000  3.76399e-01
  9500.000  3.75783e-01
  9505.000  3.71450e-01
  9510.000  3.64886e-01
  9515.000  3.58284e-01
  9520.000  3.53836e-01
  9525.000  3.53132e-01
  9530.000  3.55349e-01
  9535.000  3.59061e-01
  9540.000  3.62842e-01
  9545.000  3.65522e-01
  9550.000  3.66958e-01
  9555.000  3.67261e-01
  9560.000  3.66546e-01
  9565.000  3.64949e-01
  9570.000  3.62710e-01
  9575.000  3.60092e-01
  9580.000  3.57360e-01
  9585.000  3.54764e-01
  9590.000  3.52500e-01
  9595.000  3.50753e-01
  9600.000  3.49706e-01
  9605.000  3.49392e-01
  9610.000  3.49251e-01
  9615.000  3.48571e-01
  9620.000  3.46640e-01
  9625.000  3.43127e-01
  9630.000  3.39210e-01
  9635.000  3.36449e-01
  9640.000  3.36401e-01
  9645.000  3.40065e-01
  9650.000  3.46199e-01
  9655.000  3.53000e-01
  9660.000  3.58665e-01
  9665.000  3.61814e-01
  9670.000  3.62750e-01
  9675.000  3.62200e-01
  9680.000  3.60889e-01
  9685.000  3.59424e-01
  9690.000  3.57937e-01
  9695.000  3.56444e-01
  9700.000  3.54958e-01
  9705.000  3.53465e-01
  9710.000  3.51830e-01
  9715.000  3.49891e-01
  9720.000  3.47483e-01
  9725.000  3.44541e-01
  9730.000  3.41374e-01
  9735.000  3.38391e-01
  9740.000  3.35998e-01
  9745.000  3.34480e-01
  9750.000  3.33625e-01
  9755.000  3.33102e-01
  9760.000  3.32576e-01
  9765.000  3.31831e-01
  9770.000  3.31113e-01
  9775.000  3.30782e-01
  9780.000  3.31202e-01
  9785.000  3.32504e-01
  9790.000  3.33905e-01
  9795.000  3.34389e-01
  9800.000  3.32942e-01
  9805.000  3.29023e-01
  9810.000  3.23972e-01
  9815.000  3.19599e-01
  9820.000  3.17719e-01
  9825.000  3.19581e-01
  9830.000  3.24198e-01
  9835.000  3.30019e-01
  9840.000  3.35497e-01
  9845.000  3.39304e-01
  9850.000  3.41000e-01
  9855.000  3.40368e-01
  9860.000  3.37191e-01
  9865.000  3.31545e-01
  9870.000  3.24689e-01
  9875.000  3.18174e-01
  9880.000  3.13553e-01
  9885.000  3.11954e-01
  9890.000  3.12807e-01
  9895.000  3.15118e-01
  9900.000  3.17892e-01
  9905.000  3.20318e-01
  9910.000  3.22312e-01
  9915.000  3.23977e-01
  9920.000  3.25412e-01
  9925.000  3.26664e-01
  9930.000  3.27565e-01
  9935.000  3.27896e-01
  9940.000  3.27435e-01
  9945.000  3.26118e-01
  9950.000  3.24505e-01
  9955.000  3.23315e-01
  9960.000  3.23266e-01
  9965.000  3.24794e-01
  9970.000  3.27205e-01
  9975.000  3.29527e-01
  9980.000  3.30785e-01
  9985.000  3.30285e-01
  9990.000  3.28457e-01
  9995.000  3.26009e-01
 10000.000  3.23648e-01
 10005.000  3.21894e-01
 10010.000  3.20495e-01
 10015.000  3.19010e-01
 10020.000  3.16997e-01
 10025.000  3.14173e-01
 10030.000  3.10888e-01
 10035.000  3.07649e-01
 10040.000  3.04965e-01
 10045.000  3.03271e-01
 10050.000  3.02707e-01
 10055.000  3.03342e-01
 10060.000  3.05244e-01
 10065.000  3.08344e-01
 10070.000  3.12021e-01
 10075.000  3.15519e-01
 10080.000  3.18081e-01
 10085.000  3.19143e-01
 10090.000  3.18918e-01
 10095.000  3.17814e-01
 10100.000  3.16237e-01
 10105.000  3.14500e-01
 10110.000  3.12538e-01
 10115.000  3.10189e-01
 10120.000  3.07295e-01
 10125.000  3.03949e-01
 10130.000  3.01264e-01
 10135.000  3.00606e-01
 10140.000  3.03342e-01
 10145.000  3.10105e-01
 10150.000  3.18586e-01
 10155.000  3.25741e-01
 10160.000  3.28527e-01
 10165.000  3.24985e-01
 10170.000  3.17498e-01
 10175.000  3.09534e-01
 10180.000  3.04562e-01
 10185.000  3.05049e-01
 10190.000  3.09466e-01
 10195.000  3.15282e-01
 10200.000  3.19969e-01
 10205.000  3.21537e-01
 10210.000  3.20159e-01
 10215.000  3.16548e-01
 10220.000  3.11419e-01
 10225.000  3.05495e-01
 10230.000  2.99539e-01
 10235.000  2.94324e-01
 10240.000  2.90621e-01
 10245.000  2.89030e-01
 10250.000  2.89451e-01
 10255.000  2.91613e-01
 10260.000  2.95241e-01
 10265.000  2.99891e-01
 10270.000  3.04431e-01
 10275.000  3.07556e-01
 10280.000  3.07963e-01
 10285.000  3.04901e-01
 10290.000  2.99845e-01
 10295.000  2.94823e-01
 10300.000  2.91862e-01
 10305.000  2.96125e-01
 10310.000  2.97331e-01
 10315.000  2.98758e-01
 10320.000  2.99493e-01
 10325.000  2.98889e-01
 10330.000  2.97356e-01
 10335.000  2.95569e-01
 10340.000  2.94204e-01
 10345.000  2.93764e-01
 10350.000  2.94071e-01
 10355.000  2.94775e-01
 10360.000  2.95528e-01
 10365.000  2.96056e-01
 10370.000  2.96384e-01
 10375.000  2.96613e-01
 10380.000  2.96846e-01
 10385.000  2.97131e-01
 10390.000  2.97309e-01
 10395.000  2.97172e-01
 10400.000  2.96508e-01
 10405.000  2.95217e-01
 10410.000  2.93634e-01
 10415.000  2.92205e-01
 10420.000  2.91375e-01
 10425.000  2.91431e-01
 10430.000  2.92040e-01
 10435.000  2.92706e-01
 10440.000  2.92938e-01
 10445.000  2.92397e-01
 10450.000  2.91354e-01
 10455.000  2.90234e-01
 10460.000  2.89461e-01
 10465.000  2.89325e-01
 10470.000  2.89575e-01
 10475.000  2.89823e-01
 10480.000  2.89683e-01
 10485.000  2.88858e-01
 10490.000  2.87413e-01
 10495.000  2.85502e-01
 10500.000  2.83281e-01
