# pickles/g8iii  |  Pickles 1998, PASP 110, 863
# columns: wavelength_Angstrom  flam_erg_s_cm2_A (absolute scale arbitrary - ETC renormalizes)
  1150.000  0.00000e+00
  1155.000  0.00000e+00
  1160.000  0.00000e+00
  1165.000  0.00000e+00
  1170.000  0.00000e+00
  1175.000  0.00000e+00
  1180.000  0.00000e+00
  1185.000  0.00000e+00
  1190.000  0.00000e+00
  1195.000  0.00000e+00
  1200.000  0.00000e+00
  1205.000  0.00000e+00
  1210.000  0.00000e+00
  1215.000  0.00000e+00
  1220.000  0.00000e+00
  1225.000  0.00000e+00
  1230.000  0.00000e+00
  1235.000  0.00000e+00
  1240.000  0.00000e+00
  1245.000  0.00000e+00
  1250.000  0.00000e+00
  1255.000  0.00000e+00
  1260.000  0.00000e+00
  1265.000  0.00000e+00
  1270.000  0.00000e+00
  1275.000  0.00000e+00
  1280.000  0.00000e+00
  1285.000  0.00000e+00
  1290.000  0.00000e+00
  1295.000  0.00000e+00
  1300.000  0.00000e+00
  1305.000  0.00000e+00
  1310.000  0.00000e+00
  1315.000  0.00000e+00
  1320.000  0.00000e+00
  1325.000  0.00000e+00
  1330.000  0.00000e+00
  1335.000  0.00000e+00
  1340.000  0.00000e+00
  1345.000  0.00000e+00
  1350.000  0.00000e+00
  1355.000  0.00000e+00
  1360.000  0.00000e+00
  1365.000  0.00000e+00
  1370.000  0.00000e+00
  1375.000  0.00000e+00
  1380.000  0.00000e+00
  1385.000  0.00000e+00
  1390.000  0.00000e+00
  1395.000  0.00000e+00
  1400.000  0.00000e+00
  1405.000  0.00000e+00
  1410.000  0.00000e+00
  1415.000  0.00000e+00
  1420.000  0.00000e+00
  1425.000  0.00000e+00
  1430.000  0.00000e+00
  1435.000  0.00000e+00
  1440.000  0.00000e+00
  1445.000  0.00000e+00
  1450.000  0.00000e+00
  1455.000  0.00000e+00
  1460.000  0.00000e+00
  1465.000  0.00000e+00
  1470.000  0.00000e+00
  1475.000  0.00000e+00
  1480.000  0.00000e+00
  1485.000  0.00000e+00
  1490.000  0.00000e+00
  1495.000  0.00000e+00
  1500.000  0.00000e+00
  1505.000  0.00000e+00
  1510.000  0.00000e+00
  1515.000  0.00000e+00
  1520.000  0.00000e+00
  1525.000  0.00000e+00
  1530.000  0.00000e+00
  1535.000  0.00000e+00
  1540.000  0.00000e+00
  1545.000  0.00000e+00
  1550.000  0.00000e+00
  1555.000  0.00000e+00
  1560.000  0.00000e+00
  1565.000  0.00000e+00
  1570.000  0.00000e+00
  1575.000  0.00000e+00
  1580.000  0.00000e+00
  1585.000  0.00000e+00
  1590.000  0.00000e+00
  1595.000  0.00000e+00
  1600.000  0.00000e+00
  1605.000  0.00000e+00
  1610.000  0.00000e+00
  1615.000  0.00000e+00
  1620.000  0.00000e+00
  1625.000  0.00000e+00
  1630.000  0.00000e+00
  1635.000  0.00000e+00
  1640.000  0.00000e+00
  1645.000  0.00000e+00
  1650.000  0.00000e+00
  1655.000  0.00000e+00
  1660.000  0.00000e+00
  1665.000  0.00000e+00
  1670.000  0.00000e+00
  1675.000  0.00000e+00
  1680.000  0.00000e+00
  1685.000  0.00000e+00
  1690.000  0.00000e+00
  1695.000  0.00000e+00
  1700.000  0.00000e+00
  1705.000  0.00000e+00
  1710.000  0.00000e+00
  1715.000  0.00000e+00
  1720.000  0.00000e+00
  1725.000  0.00000e+00
  1730.000  0.00000e+00
  1735.000  0.00000e+00
  1740.000  0.00000e+00
  1745.000  0.00000e+00
  1750.000  0.00000e+00
  1755.000  0.00000e+00
  1760.000  0.00000e+00
  1765.000  0.00000e+00
  1770.000  0.00000e+00
  1775.000  0.00000e+00
  1780.000  0.00000e+00
  1785.000  0.00000e+00
  1790.000  0.00000e+00
  1795.000  0.00000e+00
  1800.000  0.00000e+00
  1805.000  0.00000e+00
  1810.000  0.00000e+00
  1815.000  0.00000e+00
  1820.000  0.00000e+00
  1825.000  0.00000e+00
  1830.000  0.00000e+00
  1835.000  0.00000e+00
  1840.000  0.00000e+00
  1845.000  0.00000e+00
  1850.000  0.00000e+00
  1855.000  0.00000e+00
  1860.000  0.00000e+00
  1865.000  0.00000e+00
  1870.000  0.00000e+00
  1875.000  0.00000e+00
  1880.000  0.00000e+00
  1885.000  0.00000e+00
  1890.000  0.00000e+00
  1895.000  0.00000e+00
  1900.000  0.00000e+00
  1905.000  0.00000e+00
  1910.000  0.00000e+00
  1915.000  0.00000e+00
  1920.000  0.00000e+00
  1925.000  0.00000e+00
  1930.000  0.00000e+00
  1935.000  0.00000e+00
  1940.000  0.00000e+00
  1945.000  0.00000e+00
  1950.000  0.00000e+00
  1955.000  1.00000e-06
  1960.000  2.00000e-06
  1965.000  3.00000e-06
  1970.000  4.00000e-06
  1975.000  5.00000e-06
  1980.000  6.00000e-06
  1985.000  5.00000e-06
  1990.000  5.00000e-06
  1995.000  3.00000e-06
  2000.000  0.00000e+00
  2005.000  0.00000e+00
  2010.000  0.00000e+00
  2015.000  0.00000e+00
  2020.000  0.00000e+00
  2025.000  0.00000e+00
  2030.000  0.00000e+00
  2035.000  0.00000e+00
  2040.000  0.00000e+00
  2045.000  0.00000e+00
  2050.000  0.00000e+00
  2055.000  1.40000e-05
  2060.000  3.00000e-05
  2065.000  4.70000e-05
  2070.000  6.20000e-05
  2075.000  7.30000e-05
  2080.000  7.80000e-05
  2085.000  7.50000e-05
  2090.000  6.30000e-05
  2095.000  3.80000e-05
  2100.000  0.00000e+00
  2105.000  0.00000e+00
  2110.000  0.00000e+00
  2115.000  0.00000e+00
  2120.000  0.00000e+00
  2125.000  0.00000e+00
  2130.000  0.00000e+00
  2135.000  0.00000e+00
  2140.000  0.00000e+00
  2145.000  0.00000e+00
  2150.000  0.00000e+00
  2155.000  1.99000e-04
  2160.000  4.48000e-04
  2165.000  7.36000e-04
  2170.000  1.05300e-03
  2175.000  1.38900e-03
  2180.000  1.73400e-03
  2185.000  2.07700e-03
  2190.000  2.41000e-03
  2195.000  2.72100e-03
  2200.000  3.00000e-03
  2205.000  3.24000e-03
  2210.000  3.44100e-03
  2215.000  3.60700e-03
  2220.000  3.73900e-03
  2225.000  3.84200e-03
  2230.000  3.91700e-03
  2235.000  3.96700e-03
  2240.000  3.99600e-03
  2245.000  4.00600e-03
  2250.000  4.00000e-03
  2255.000  3.98100e-03
  2260.000  3.95400e-03
  2265.000  3.92400e-03
  2270.000  3.89400e-03
  2275.000  3.87000e-03
  2280.000  3.85600e-03
  2285.000  3.85800e-03
  2290.000  3.87900e-03
  2295.000  3.92500e-03
  2300.000  4.00000e-03
  2305.000  4.10700e-03
  2310.000  4.23800e-03
  2315.000  4.38300e-03
  2320.000  4.53400e-03
  2325.000  4.67900e-03
  2330.000  4.81100e-03
  2335.000  4.91800e-03
  2340.000  4.99200e-03
  2345.000  5.02200e-03
  2350.000  5.00000e-03
  2355.000  4.91900e-03
  2360.000  4.79200e-03
  2365.000  4.63300e-03
  2370.000  4.46000e-03
  2375.000  4.28800e-03
  2380.000  4.13300e-03
  2385.000  4.01000e-03
  2390.000  3.93700e-03
  2395.000  3.92800e-03
  2400.000  4.00000e-03
  2405.000  4.16300e-03
  2410.000  4.40400e-03
  2415.000  4.70600e-03
  2420.000  5.05000e-03
  2425.000  5.41900e-03
  2430.000  5.79400e-03
  2435.000  6.15800e-03
  2440.000  6.49200e-03
  2445.000  6.77900e-03
  2450.000  7.00000e-03
  2455.000  7.14300e-03
  2460.000  7.21600e-03
  2465.000  7.23400e-03
  2470.000  7.21100e-03
  2475.000  7.16100e-03
  2480.000  7.09800e-03
  2485.000  7.03600e-03
  2490.000  6.99000e-03
  2495.000  6.97300e-03
  2500.000  7.00000e-03
  2505.000  7.08100e-03
  2510.000  7.21100e-03
  2515.000  7.38300e-03
  2520.000  7.58600e-03
  2525.000  7.81300e-03
  2530.000  8.05500e-03
  2535.000  8.30300e-03
  2540.000  8.54900e-03
  2545.000  8.78400e-03
  2550.000  9.00000e-03
  2555.000  9.19300e-03
  2560.000  9.37800e-03
  2565.000  9.57500e-03
  2570.000  9.80600e-03
  2575.000  1.00880e-02
  2580.000  1.04440e-02
  2585.000  1.08930e-02
  2590.000  1.14550e-02
  2595.000  1.21510e-02
  2600.000  1.30000e-02
  2605.000  1.40140e-02
  2610.000  1.51650e-02
  2615.000  1.64180e-02
  2620.000  1.77360e-02
  2625.000  1.90840e-02
  2630.000  2.04250e-02
  2635.000  2.17230e-02
  2640.000  2.29420e-02
  2645.000  2.40470e-02
  2650.000  2.50000e-02
  2655.000  2.57750e-02
  2660.000  2.63790e-02
  2665.000  2.68280e-02
  2670.000  2.71380e-02
  2675.000  2.73260e-02
  2680.000  2.74080e-02
  2685.000  2.74010e-02
  2690.000  2.73190e-02
  2695.000  2.71800e-02
  2700.000  2.70000e-02
  2705.000  2.67930e-02
  2710.000  2.65690e-02
  2715.000  2.63340e-02
  2720.000  2.60960e-02
  2725.000  2.58610e-02
  2730.000  2.56380e-02
  2735.000  2.54330e-02
  2740.000  2.52530e-02
  2745.000  2.51070e-02
  2750.000  2.50000e-02
  2755.000  2.49390e-02
  2760.000  2.49220e-02
  2765.000  2.49460e-02
  2770.000  2.50080e-02
  2775.000  2.51040e-02
  2780.000  2.52320e-02
  2785.000  2.53890e-02
  2790.000  2.55720e-02
  2795.000  2.57760e-02
  2800.000  2.60000e-02
  2805.000  2.62460e-02
  2810.000  2.65440e-02
  2815.000  2.69280e-02
  2820.000  2.74340e-02
  2825.000  2.80970e-02
  2830.000  2.89520e-02
  2835.000  3.00350e-02
  2840.000  3.13800e-02
  2845.000  3.30240e-02
  2850.000  3.50000e-02
  2855.000  3.73310e-02
  2860.000  3.99820e-02
  2865.000  4.29070e-02
  2870.000  4.60560e-02
  2875.000  4.93820e-02
  2880.000  5.28380e-02
  2885.000  5.63760e-02
  2890.000  5.99470e-02
  2895.000  6.35040e-02
  2900.000  6.70000e-02
  2905.000  7.03840e-02
  2910.000  7.35990e-02
  2915.000  7.65830e-02
  2920.000  7.92790e-02
  2925.000  8.16240e-02
  2930.000  8.35590e-02
  2935.000  8.50250e-02
  2940.000  8.59600e-02
  2945.000  8.63050e-02
  2950.000  8.60000e-02
  2955.000  8.50210e-02
  2960.000  8.34870e-02
  2965.000  8.15550e-02
  2970.000  7.93820e-02
  2975.000  7.71220e-02
  2980.000  7.49330e-02
  2985.000  7.29700e-02
  2990.000  7.13890e-02
  2995.000  7.03470e-02
  3000.000  7.00000e-02
  3005.000  7.04590e-02
  3010.000  7.16610e-02
  3015.000  7.34970e-02
  3020.000  7.58580e-02
  3025.000  7.86370e-02
  3030.000  8.17250e-02
  3035.000  8.50130e-02
  3040.000  8.83940e-02
  3045.000  9.17590e-02
  3050.000  9.50000e-02
  3055.000  9.80290e-02
  3060.000  1.00845e-01
  3065.000  1.03467e-01
  3070.000  1.05914e-01
  3075.000  1.08206e-01
  3080.000  1.10360e-01
  3085.000  1.12398e-01
  3090.000  1.14338e-01
  3095.000  1.16199e-01
  3100.000  1.18000e-01
  3105.000  1.19762e-01
  3110.000  1.21509e-01
  3115.000  1.23267e-01
  3120.000  1.25061e-01
  3125.000  1.26916e-01
  3130.000  1.28858e-01
  3135.000  1.30912e-01
  3140.000  1.33103e-01
  3145.000  1.35457e-01
  3150.000  1.38000e-01
  3155.000  1.40741e-01
  3160.000  1.43629e-01
  3165.000  1.46597e-01
  3170.000  1.49578e-01
  3175.000  1.52505e-01
  3180.000  1.55313e-01
  3185.000  1.57932e-01
  3190.000  1.60298e-01
  3195.000  1.62343e-01
  3200.000  1.64000e-01
  3205.000  1.83976e-01
  3210.000  1.94210e-01
  3215.000  1.90431e-01
  3220.000  1.80673e-01
  3225.000  1.56175e-01
  3230.000  1.40788e-01
  3235.000  1.54191e-01
  3240.000  1.66752e-01
  3245.000  1.51743e-01
  3250.000  1.43378e-01
  3255.000  1.74493e-01
  3260.000  2.11492e-01
  3265.000  2.16610e-01
  3270.000  2.01838e-01
  3275.000  1.88849e-01
  3280.000  1.88281e-01
  3285.000  2.04036e-01
  3290.000  2.24119e-01
  3295.000  2.34770e-01
  3300.000  2.31056e-01
  3305.000  2.13906e-01
  3310.000  1.98867e-01
  3315.000  1.98918e-01
  3320.000  2.02159e-01
  3325.000  1.96141e-01
  3330.000  1.91109e-01
  3335.000  1.98523e-01
  3340.000  2.12009e-01
  3345.000  2.21657e-01
  3350.000  2.21236e-01
  3355.000  2.08515e-01
  3360.000  1.93573e-01
  3365.000  1.86353e-01
  3370.000  1.83949e-01
  3375.000  1.82535e-01
  3380.000  1.87454e-01
  3385.000  2.02875e-01
  3390.000  2.19106e-01
  3395.000  2.25308e-01
  3400.000  2.19908e-01
  3405.000  2.06157e-01
  3410.000  1.97345e-01
  3415.000  2.04287e-01
  3420.000  2.17878e-01
  3425.000  2.26059e-01
  3430.000  2.24869e-01
  3435.000  2.14364e-01
  3440.000  2.02557e-01
  3445.000  1.97572e-01
  3450.000  2.00007e-01
  3455.000  2.07376e-01
  3460.000  2.12372e-01
  3465.000  2.09279e-01
  3470.000  2.03550e-01
  3475.000  2.01093e-01
  3480.000  1.98469e-01
  3485.000  1.92949e-01
  3490.000  1.94005e-01
  3495.000  2.09554e-01
  3500.000  2.29103e-01
  3505.000  2.39902e-01
  3510.000  2.32780e-01
  3515.000  2.33329e-01
  3520.000  2.22730e-01
  3525.000  2.14660e-01
  3530.000  2.31973e-01
  3535.000  2.47046e-01
  3540.000  2.50608e-01
  3545.000  2.43276e-01
  3550.000  2.28180e-01
  3555.000  2.11903e-01
  3560.000  1.97917e-01
  3565.000  1.78243e-01
  3570.000  1.67836e-01
  3575.000  1.67004e-01
  3580.000  1.46248e-01
  3585.000  1.43666e-01
  3590.000  1.82479e-01
  3595.000  2.35809e-01
  3600.000  2.55864e-01
  3605.000  2.36921e-01
  3610.000  2.30459e-01
  3615.000  2.39469e-01
  3620.000  2.54002e-01
  3625.000  2.98138e-01
  3630.000  2.90306e-01
  3635.000  2.80815e-01
  3640.000  3.03702e-01
  3645.000  2.86745e-01
  3650.000  2.95251e-01
  3655.000  3.56045e-01
  3660.000  3.83770e-01
  3665.000  3.69670e-01
  3670.000  3.58248e-01
  3675.000  3.57250e-01
  3680.000  3.30677e-01
  3685.000  3.19894e-01
  3690.000  3.37143e-01
  3695.000  3.62440e-01
  3700.000  3.70623e-01
  3705.000  3.26450e-01
  3710.000  3.23510e-01
  3715.000  3.44839e-01
  3720.000  2.85755e-01
  3725.000  2.75898e-01
  3730.000  2.59102e-01
  3735.000  2.16887e-01
  3740.000  2.24253e-01
  3745.000  2.19857e-01
  3750.000  2.31021e-01
  3755.000  2.76859e-01
  3760.000  2.63910e-01
  3765.000  2.75390e-01
  3770.000  3.16472e-01
  3775.000  3.50157e-01
  3780.000  3.57236e-01
  3785.000  3.25473e-01
  3790.000  2.71716e-01
  3795.000  2.54442e-01
  3800.000  2.70089e-01
  3805.000  2.95968e-01
  3810.000  2.78491e-01
  3815.000  2.31852e-01
  3820.000  1.86943e-01
  3825.000  1.65157e-01
  3830.000  1.64818e-01
  3835.000  1.67143e-01
  3840.000  1.78915e-01
  3845.000  1.96724e-01
  3850.000  1.93184e-01
  3855.000  1.80607e-01
  3860.000  1.77390e-01
  3865.000  1.90350e-01
  3870.000  1.89398e-01
  3875.000  2.06873e-01
  3880.000  2.22276e-01
  3885.000  2.58530e-01
  3890.000  3.13819e-01
  3895.000  3.56670e-01
  3900.000  3.56241e-01
  3905.000  3.49816e-01
  3910.000  3.74996e-01
  3915.000  3.68443e-01
  3920.000  3.08169e-01
  3925.000  2.39952e-01
  3930.000  1.59421e-01
  3935.000  1.44422e-01
  3940.000  2.17266e-01
  3945.000  2.96120e-01
  3950.000  3.61391e-01
  3955.000  3.73285e-01
  3960.000  3.03627e-01
  3965.000  2.01141e-01
  3970.000  1.92509e-01
  3975.000  3.08982e-01
  3980.000  4.23487e-01
  3985.000  4.84773e-01
  3990.000  5.21870e-01
  3995.000  5.38241e-01
  4000.000  5.53370e-01
  4005.000  5.58378e-01
  4010.000  5.82950e-01
  4015.000  6.07921e-01
  4020.000  6.13566e-01
  4025.000  6.03636e-01
  4030.000  5.72129e-01
  4035.000  5.68478e-01
  4040.000  5.73594e-01
  4045.000  5.38819e-01
  4050.000  5.64795e-01
  4055.000  5.49455e-01
  4060.000  5.20848e-01
  4065.000  5.22007e-01
  4070.000  5.41757e-01
  4075.000  5.37750e-01
  4080.000  5.71648e-01
  4085.000  6.26116e-01
  4090.000  6.41343e-01
  4095.000  6.01912e-01
  4100.000  5.60673e-01
  4105.000  5.78113e-01
  4110.000  6.00328e-01
  4115.000  6.03560e-01
  4120.000  5.87497e-01
  4125.000  5.71899e-01
  4130.000  5.43441e-01
  4135.000  5.47263e-01
  4140.000  5.41715e-01
  4145.000  5.16748e-01
  4150.000  5.10484e-01
  4155.000  5.19432e-01
  4160.000  5.50071e-01
  4165.000  5.53419e-01
  4170.000  5.26256e-01
  4175.000  4.99500e-01
  4180.000  5.14109e-01
  4185.000  5.45754e-01
  4190.000  5.51905e-01
  4195.000  5.28210e-01
  4200.000  5.22360e-01
  4205.000  5.59096e-01
  4210.000  5.85194e-01
  4215.000  5.98378e-01
  4220.000  6.26977e-01
  4225.000  5.69827e-01
  4230.000  5.91057e-01
  4235.000  6.16859e-01
  4240.000  6.42617e-01
  4245.000  6.61324e-01
  4250.000  6.28029e-01
  4255.000  6.16203e-01
  4260.000  6.28047e-01
  4265.000  6.55177e-01
  4270.000  6.01922e-01
  4275.000  5.89296e-01
  4280.000  6.25673e-01
  4285.000  6.09554e-01
  4290.000  5.78561e-01
  4295.000  5.42973e-01
  4300.000  4.73478e-01
  4305.000  4.39232e-01
  4310.000  4.84363e-01
  4315.000  6.41871e-01
  4320.000  7.15041e-01
  4325.000  6.71675e-01
  4330.000  7.21672e-01
  4335.000  7.38307e-01
  4340.000  6.90358e-01
  4345.000  7.30051e-01
  4350.000  7.44108e-01
  4355.000  7.45715e-01
  4360.000  7.79922e-01
  4365.000  7.99083e-01
  4370.000  7.59336e-01
  4375.000  7.17891e-01
  4380.000  6.73324e-01
  4385.000  6.17247e-01
  4390.000  6.63039e-01
  4395.000  7.13323e-01
  4400.000  7.19602e-01
  4405.000  6.92114e-01
  4410.000  7.33576e-01
  4415.000  7.61682e-01
  4420.000  7.76959e-01
  4425.000  7.75533e-01
  4430.000  7.66519e-01
  4435.000  7.66439e-01
  4440.000  7.98014e-01
  4445.000  8.15305e-01
  4450.000  8.18377e-01
  4455.000  7.67529e-01
  4460.000  7.40726e-01
  4465.000  7.75877e-01
  4470.000  8.28734e-01
  4475.000  8.81183e-01
  4480.000  8.71275e-01
  4485.000  8.71971e-01
  4490.000  8.50920e-01
  4495.000  8.51754e-01
  4500.000  9.01633e-01
  4505.000  9.52096e-01
  4510.000  9.41950e-01
  4515.000  9.08720e-01
  4520.000  8.93286e-01
  4525.000  8.31377e-01
  4530.000  7.92078e-01
  4535.000  8.31968e-01
  4540.000  8.61879e-01
  4545.000  8.55939e-01
  4550.000  8.48997e-01
  4555.000  8.79484e-01
  4560.000  9.08197e-01
  4565.000  9.02332e-01
  4570.000  9.20014e-01
  4575.000  9.17365e-01
  4580.000  8.78935e-01
  4585.000  8.79669e-01
  4590.000  8.95752e-01
  4595.000  8.72440e-01
  4600.000  8.73231e-01
  4605.000  9.10883e-01
  4610.000  9.48898e-01
  4615.000  9.59325e-01
  4620.000  9.67210e-01
  4625.000  9.72032e-01
  4630.000  9.57381e-01
  4635.000  9.21272e-01
  4640.000  8.96760e-01
  4645.000  8.64556e-01
  4650.000  8.74951e-01
  4655.000  9.09229e-01
  4660.000  9.19756e-01
  4665.000  8.59984e-01
  4670.000  8.55310e-01
  4675.000  9.06034e-01
  4680.000  9.02395e-01
  4685.000  8.99265e-01
  4690.000  9.00786e-01
  4695.000  9.03398e-01
  4700.000  8.73482e-01
  4705.000  8.62450e-01
  4710.000  8.77299e-01
  4715.000  9.09665e-01
  4720.000  9.55845e-01
  4725.000  9.40948e-01
  4730.000  8.84436e-01
  4735.000  9.02572e-01
  4740.000  9.33556e-01
  4745.000  9.63364e-01
  4750.000  9.69345e-01
  4755.000  9.42984e-01
  4760.000  9.28173e-01
  4765.000  9.03465e-01
  4770.000  9.33789e-01
  4775.000  9.89225e-01
  4780.000  9.97507e-01
  4785.000  9.57539e-01
  4790.000  9.51858e-01
  4795.000  9.82005e-01
  4800.000  9.76068e-01
  4805.000  9.66384e-01
  4810.000  9.67638e-01
  4815.000  9.89839e-01
  4820.000  9.96604e-01
  4825.000  9.72811e-01
  4830.000  9.65386e-01
  4835.000  9.65314e-01
  4840.000  9.52920e-01
  4845.000  9.57868e-01
  4850.000  9.54028e-01
  4855.000  8.98256e-01
  4860.000  8.26181e-01
  4865.000  8.43235e-01
  4870.000  8.68919e-01
  4875.000  8.90266e-01
  4880.000  9.33553e-01
  4885.000  9.08810e-01
  4890.000  9.02400e-01
  4895.000  9.70329e-01
  4900.000  1.00697e+00
  4905.000  9.89544e-01
  4910.000  9.58165e-01
  4915.000  9.37798e-01
  4920.000  8.86483e-01
  4925.000  9.13354e-01
  4930.000  9.78409e-01
  4935.000  9.54422e-01
  4940.000  9.42897e-01
  4945.000  1.00354e+00
  4950.000  1.02325e+00
  4955.000  9.89512e-01
  4960.000  9.76232e-01
  4965.000  9.88461e-01
  4970.000  9.74073e-01
  4975.000  9.87392e-01
  4980.000  9.43346e-01
  4985.000  9.10017e-01
  4990.000  9.56489e-01
  4995.000  9.65370e-01
  5000.000  9.37435e-01
  5005.000  8.99138e-01
  5010.000  8.93271e-01
  5015.000  8.48302e-01
  5020.000  8.61101e-01
  5025.000  8.94973e-01
  5030.000  9.29735e-01
  5035.000  9.18590e-01
  5040.000  8.83321e-01
  5045.000  9.14486e-01
  5050.000  9.40829e-01
  5055.000  9.66626e-01
  5060.000  9.85968e-01
  5065.000  9.59135e-01
  5070.000  9.41563e-01
  5075.000  9.25099e-01
  5080.000  9.06404e-01
  5085.000  9.30800e-01
  5090.000  9.70603e-01
  5095.000  9.61098e-01
  5100.000  9.30386e-01
  5105.000  9.32376e-01
  5110.000  9.39834e-01
  5115.000  9.66432e-01
  5120.000  9.49013e-01
  5125.000  9.01634e-01
  5130.000  9.08955e-01
  5135.000  9.24850e-01
  5140.000  9.05626e-01
  5145.000  8.92538e-01
  5150.000  8.98726e-01
  5155.000  9.23730e-01
  5160.000  9.16499e-01
  5165.000  8.17467e-01
  5170.000  7.60562e-01
  5175.000  8.34573e-01
  5180.000  8.65195e-01
  5185.000  8.44115e-01
  5190.000  8.85651e-01
  5195.000  9.06571e-01
  5200.000  9.21566e-01
  5205.000  9.01823e-01
  5210.000  9.04251e-01
  5215.000  9.37061e-01
  5220.000  9.31261e-01
  5225.000  8.91616e-01
  5230.000  9.03016e-01
  5235.000  9.52639e-01
  5240.000  9.89973e-01
  5245.000  9.71818e-01
  5250.000  9.36243e-01
  5255.000  9.48428e-01
  5260.000  9.21865e-01
  5265.000  8.30206e-01
  5270.000  8.23973e-01
  5275.000  9.03384e-01
  5280.000  9.53767e-01
  5285.000  9.87272e-01
  5290.000  1.02078e+00
  5295.000  9.85556e-01
  5300.000  9.68283e-01
  5305.000  1.02103e+00
  5310.000  1.04868e+00
  5315.000  1.02841e+00
  5320.000  9.91856e-01
  5325.000  9.34407e-01
  5330.000  9.27951e-01
  5335.000  9.87927e-01
  5340.000  9.92940e-01
  5345.000  9.88103e-01
  5350.000  1.01278e+00
  5355.000  1.05887e+00
  5360.000  1.05996e+00
  5365.000  1.00780e+00
  5370.000  9.76929e-01
  5375.000  1.00906e+00
  5380.000  1.03228e+00
  5385.000  1.02021e+00
  5390.000  9.88195e-01
  5395.000  9.56001e-01
  5400.000  9.48347e-01
  5405.000  9.27042e-01
  5410.000  9.55984e-01
  5415.000  1.00938e+00
  5420.000  1.01548e+00
  5425.000  1.00380e+00
  5430.000  9.76324e-01
  5435.000  9.79214e-01
  5440.000  1.02919e+00
  5445.000  1.02338e+00
  5450.000  1.01456e+00
  5455.000  1.01364e+00
  5460.000  1.02234e+00
  5465.000  1.01673e+00
  5470.000  1.00174e+00
  5475.000  9.71042e-01
  5480.000  9.64649e-01
  5485.000  9.93021e-01
  5490.000  1.00310e+00
  5495.000  1.01093e+00
  5500.000  1.01620e+00
  5505.000  9.98204e-01
  5510.000  9.82327e-01
  5515.000  9.91336e-01
  5520.000  1.02018e+00
  5525.000  1.01050e+00
  5530.000  9.96047e-01
  5535.000  1.00043e+00
  5540.000  1.01466e+00
  5545.000  1.02749e+00
  5550.000  1.03962e+00
  5555.000  1.03187e+00
  5560.000  1.01308e+00
  5565.000  9.95493e-01
  5570.000  9.92344e-01
  5575.000  1.00875e+00
  5580.000  1.01138e+00
  5585.000  9.77767e-01
  5590.000  9.47660e-01
  5595.000  9.64163e-01
  5600.000  9.77694e-01
  5605.000  1.00376e+00
  5610.000  1.03328e+00
  5615.000  1.00031e+00
  5620.000  9.80122e-01
  5625.000  9.94287e-01
  5630.000  1.01675e+00
  5635.000  1.01596e+00
  5640.000  9.94734e-01
  5645.000  9.95904e-01
  5650.000  1.00329e+00
  5655.000  9.78368e-01
  5660.000  9.54612e-01
  5665.000  9.73862e-01
  5670.000  1.00498e+00
  5675.000  1.03265e+00
  5680.000  1.01949e+00
  5685.000  9.93006e-01
  5690.000  1.00261e+00
  5695.000  1.01135e+00
  5700.000  9.91042e-01
  5705.000  9.57300e-01
  5710.000  9.43218e-01
  5715.000  9.84513e-01
  5720.000  1.03197e+00
  5725.000  1.04452e+00
  5730.000  1.03431e+00
  5735.000  1.03670e+00
  5740.000  1.03515e+00
  5745.000  1.02556e+00
  5750.000  1.01435e+00
  5755.000  1.00146e+00
  5760.000  1.00473e+00
  5765.000  1.02131e+00
  5770.000  1.04114e+00
  5775.000  1.02904e+00
  5780.000  9.80129e-01
  5785.000  9.56450e-01
  5790.000  9.94696e-01
  5795.000  1.01552e+00
  5800.000  1.02374e+00
  5805.000  1.02252e+00
  5810.000  1.02322e+00
  5815.000  1.03108e+00
  5820.000  1.05225e+00
  5825.000  1.06421e+00
  5830.000  1.05994e+00
  5835.000  1.04926e+00
  5840.000  1.05477e+00
  5845.000  1.05099e+00
  5850.000  1.02986e+00
  5855.000  1.00327e+00
  5860.000  1.00435e+00
  5865.000  1.02853e+00
  5870.000  1.04747e+00
  5875.000  1.04758e+00
  5880.000  1.03026e+00
  5885.000  9.80728e-01
  5890.000  8.97633e-01
  5895.000  8.89334e-01
  5900.000  9.66502e-01
  5905.000  1.02150e+00
  5910.000  1.02671e+00
  5915.000  1.01664e+00
  5920.000  1.02406e+00
  5925.000  1.02940e+00
  5930.000  1.01834e+00
  5935.000  1.02078e+00
  5940.000  1.02470e+00
  5945.000  1.01656e+00
  5950.000  1.00816e+00
  5955.000  1.00860e+00
  5960.000  1.02537e+00
  5965.000  1.03165e+00
  5970.000  1.03050e+00
  5975.000  1.01353e+00
  5980.000  1.00355e+00
  5985.000  9.94943e-01
  5990.000  1.00630e+00
  5995.000  1.01239e+00
  6000.000  1.00412e+00
  6005.000  9.94057e-01
  6010.000  9.83866e-01
  6015.000  9.77364e-01
  6020.000  9.74352e-01
  6025.000  9.88106e-01
  6030.000  1.01416e+00
  6035.000  1.02006e+00
  6040.000  1.01856e+00
  6045.000  1.02559e+00
  6050.000  1.02411e+00
  6055.000  1.01407e+00
  6060.000  1.01048e+00
  6065.000  1.01083e+00
  6070.000  1.02866e+00
  6075.000  1.02189e+00
  6080.000  9.90958e-01
  6085.000  9.85402e-01
  6090.000  9.82866e-01
  6095.000  9.83814e-01
  6100.000  9.76777e-01
  6105.000  9.75771e-01
  6110.000  9.97231e-01
  6115.000  9.98774e-01
  6120.000  9.80885e-01
  6125.000  9.75614e-01
  6130.000  9.76933e-01
  6135.000  9.51189e-01
  6140.000  9.46322e-01
  6145.000  9.76033e-01
  6150.000  9.82851e-01
  6155.000  9.72630e-01
  6160.000  9.41659e-01
  6165.000  9.28090e-01
  6170.000  9.43006e-01
  6175.000  9.70244e-01
  6180.000  9.92760e-01
  6185.000  9.88582e-01
  6190.000  9.70009e-01
  6195.000  9.84806e-01
  6200.000  1.00200e+00
  6205.000  1.00751e+00
  6210.000  9.94056e-01
  6215.000  9.60115e-01
  6220.000  9.58303e-01
  6225.000  9.69446e-01
  6230.000  9.57124e-01
  6235.000  9.64024e-01
  6240.000  9.61477e-01
  6245.000  9.46631e-01
  6250.000  9.48191e-01
  6255.000  9.25094e-01
  6260.000  9.35829e-01
  6265.000  9.65104e-01
  6270.000  9.72870e-01
  6275.000  9.63245e-01
  6280.000  9.48108e-01
  6285.000  9.69481e-01
  6290.000  9.82680e-01
  6295.000  9.66391e-01
  6300.000  9.53254e-01
  6305.000  9.61806e-01
  6310.000  9.66687e-01
  6315.000  9.38614e-01
  6320.000  9.37253e-01
  6325.000  9.69776e-01
  6330.000  9.72977e-01
  6335.000  9.55754e-01
  6340.000  9.50427e-01
  6345.000  9.63264e-01
  6350.000  9.75005e-01
  6355.000  9.57018e-01
  6360.000  9.31670e-01
  6365.000  9.38340e-01
  6370.000  9.69449e-01
  6375.000  9.80616e-01
  6380.000  9.73222e-01
  6385.000  9.73858e-01
  6390.000  9.68036e-01
  6395.000  9.55395e-01
  6400.000  9.48850e-01
  6405.000  9.52097e-01
  6410.000  9.49762e-01
  6415.000  9.47794e-01
  6420.000  9.48115e-01
  6425.000  9.59680e-01
  6430.000  9.59361e-01
  6435.000  9.58319e-01
  6440.000  9.63109e-01
  6445.000  9.67098e-01
  6450.000  9.41136e-01
  6455.000  9.43292e-01
  6460.000  9.48671e-01
  6465.000  9.42408e-01
  6470.000  9.50398e-01
  6475.000  9.50839e-01
  6480.000  9.48616e-01
  6485.000  9.46836e-01
  6490.000  9.27381e-01
  6495.000  8.72294e-01
  6500.000  8.97323e-01
  6505.000  9.49572e-01
  6510.000  9.60470e-01
  6515.000  9.49064e-01
  6520.000  9.51405e-01
  6525.000  9.55732e-01
  6530.000  9.48551e-01
  6535.000  9.53416e-01
  6540.000  9.61308e-01
  6545.000  9.51477e-01
  6550.000  9.38942e-01
  6555.000  9.15658e-01
  6560.000  8.42372e-01
  6565.000  8.25467e-01
  6570.000  9.04854e-01
  6575.000  9.26036e-01
  6580.000  9.45480e-01
  6585.000  9.48934e-01
  6590.000  9.38680e-01
  6595.000  9.25868e-01
  6600.000  9.44296e-01
  6605.000  9.41823e-01
  6610.000  9.34618e-01
  6615.000  9.52106e-01
  6620.000  9.60193e-01
  6625.000  9.51364e-01
  6630.000  9.33483e-01
  6635.000  9.23520e-01
  6640.000  9.30290e-01
  6645.000  9.30257e-01
  6650.000  9.39409e-01
  6655.000  9.44753e-01
  6660.000  9.32327e-01
  6665.000  9.20154e-01
  6670.000  9.30456e-01
  6675.000  9.30452e-01
  6680.000  9.25904e-01
  6685.000  9.43811e-01
  6690.000  9.49666e-01
  6695.000  9.35237e-01
  6700.000  9.25729e-01
  6705.000  9.23464e-01
  6710.000  9.17691e-01
  6715.000  9.03952e-01
  6720.000  9.10796e-01
  6725.000  9.27258e-01
  6730.000  9.29553e-01
  6735.000  9.28207e-01
  6740.000  9.18980e-01
  6745.000  9.15832e-01
  6750.000  9.12119e-01
  6755.000  9.21785e-01
  6760.000  9.31854e-01
  6765.000  9.26493e-01
  6770.000  9.13683e-01
  6775.000  9.22495e-01
  6780.000  9.29582e-01
  6785.000  9.19891e-01
  6790.000  9.23155e-01
  6795.000  9.21203e-01
  6800.000  9.23671e-01
  6805.000  9.24049e-01
  6810.000  9.20576e-01
  6815.000  9.23799e-01
  6820.000  9.28580e-01
  6825.000  9.30184e-01
  6830.000  9.27541e-01
  6835.000  9.21734e-01
  6840.000  9.15743e-01
  6845.000  9.13686e-01
  6850.000  9.16612e-01
  6855.000  9.14290e-01
  6860.000  9.10299e-01
  6865.000  9.13355e-01
  6870.000  9.16381e-01
  6875.000  9.14045e-01
  6880.000  9.08718e-01
  6885.000  9.07728e-01
  6890.000  9.14828e-01
  6895.000  9.17387e-01
  6900.000  9.14926e-01
  6905.000  9.12959e-01
  6910.000  9.10897e-01
  6915.000  9.07788e-01
  6920.000  9.06154e-01
  6925.000  9.05095e-01
  6930.000  9.01678e-01
  6935.000  9.01987e-01
  6940.000  9.02014e-01
  6945.000  8.98235e-01
  6950.000  8.94506e-01
  6955.000  8.93589e-01
  6960.000  8.94684e-01
  6965.000  8.96756e-01
  6970.000  8.97567e-01
  6975.000  8.83167e-01
  6980.000  8.70743e-01
  6985.000  8.91716e-01
  6990.000  8.98422e-01
  6995.000  8.98660e-01
  7000.000  8.84908e-01
  7005.000  8.73925e-01
  7010.000  8.78541e-01
  7015.000  8.66576e-01
  7020.000  8.68540e-01
  7025.000  8.70114e-01
  7030.000  8.81127e-01
  7035.000  8.85933e-01
  7040.000  8.90488e-01
  7045.000  9.03290e-01
  7050.000  9.01186e-01
  7055.000  8.93744e-01
  7060.000  8.94975e-01
  7065.000  8.88280e-01
  7070.000  8.85210e-01
  7075.000  9.02159e-01
  7080.000  9.01259e-01
  7085.000  8.79451e-01
  7090.000  8.74522e-01
  7095.000  8.81564e-01
  7100.000  8.91061e-01
  7105.000  8.88981e-01
  7110.000  8.76728e-01
  7115.000  8.71238e-01
  7120.000  8.67322e-01
  7125.000  8.65208e-01
  7130.000  8.62664e-01
  7135.000  8.70526e-01
  7140.000  8.76195e-01
  7145.000  8.71714e-01
  7150.000  8.65830e-01
  7155.000  8.70840e-01
  7160.000  8.72027e-01
  7165.000  8.63463e-01
  7170.000  8.62294e-01
  7175.000  8.59487e-01
  7180.000  8.50251e-01
  7185.000  8.32882e-01
  7190.000  8.27045e-01
  7195.000  8.36532e-01
  7200.000  8.40663e-01
  7205.000  8.39183e-01
  7210.000  8.45693e-01
  7215.000  8.58100e-01
  7220.000  8.58647e-01
  7225.000  8.59104e-01
  7230.000  8.62307e-01
  7235.000  8.55472e-01
  7240.000  8.53401e-01
  7245.000  8.53459e-01
  7250.000  8.52652e-01
  7255.000  8.49502e-01
  7260.000  8.47647e-01
  7265.000  8.45268e-01
  7270.000  8.51746e-01
  7275.000  8.43484e-01
  7280.000  8.37609e-01
  7285.000  8.32526e-01
  7290.000  8.17728e-01
  7295.000  8.25083e-01
  7300.000  8.39168e-01
  7305.000  8.34243e-01
  7310.000  8.32220e-01
  7315.000  8.34674e-01
  7320.000  8.35769e-01
  7325.000  8.35335e-01
  7330.000  8.35848e-01
  7335.000  8.43303e-01
  7340.000  8.49907e-01
  7345.000  8.43689e-01
  7350.000  8.35800e-01
  7355.000  8.25834e-01
  7360.000  8.28831e-01
  7365.000  8.30985e-01
  7370.000  8.41101e-01
  7375.000  8.46612e-01
  7380.000  8.42662e-01
  7385.000  8.18692e-01
  7390.000  8.11580e-01
  7395.000  8.26563e-01
  7400.000  8.32995e-01
  7405.000  8.33843e-01
  7410.000  8.19897e-01
  7415.000  8.07922e-01
  7420.000  8.10919e-01
  7425.000  8.23820e-01
  7430.000  8.37645e-01
  7435.000  8.40158e-01
  7440.000  8.33072e-01
  7445.000  8.20177e-01
  7450.000  8.30176e-01
  7455.000  8.39193e-01
  7460.000  8.29905e-01
  7465.000  8.27929e-01
  7470.000  8.37482e-01
  7475.000  8.30801e-01
  7480.000  8.25867e-01
  7485.000  8.28374e-01
  7490.000  8.23375e-01
  7495.000  8.13270e-01
  7500.000  8.22853e-01
  7505.000  8.26314e-01
  7510.000  8.16829e-01
  7515.000  8.23601e-01
  7520.000  8.30179e-01
  7525.000  8.22238e-01
  7530.000  8.24225e-01
  7535.000  8.29941e-01
  7540.000  8.34605e-01
  7545.000  8.31995e-01
  7550.000  8.28611e-01
  7555.000  8.26464e-01
  7560.000  8.25166e-01
  7565.000  8.25447e-01
  7570.000  8.23531e-01
  7575.000  8.24326e-01
  7580.000  8.23632e-01
  7585.000  8.18874e-01
  7590.000  8.15886e-01
  7595.000  8.13695e-01
  7600.000  8.12106e-01
  7605.000  8.15652e-01
  7610.000  8.24709e-01
  7615.000  8.21057e-01
  7620.000  8.12216e-01
  7625.000  8.12120e-01
  7630.000  8.20506e-01
  7635.000  8.22675e-01
  7640.000  8.22765e-01
  7645.000  8.23093e-01
  7650.000  8.18659e-01
  7655.000  8.10462e-01
  7660.000  8.01970e-01
  7665.000  8.01963e-01
  7670.000  8.13119e-01
  7675.000  8.20488e-01
  7680.000  8.21150e-01
  7685.000  8.18844e-01
  7690.000  8.16077e-01
  7695.000  8.12390e-01
  7700.000  8.13914e-01
  7705.000  8.15323e-01
  7710.000  8.09224e-01
  7715.000  8.01396e-01
  7720.000  8.02823e-01
  7725.000  8.06707e-01
  7730.000  8.07577e-01
  7735.000  8.17041e-01
  7740.000  8.18519e-01
  7745.000  7.99701e-01
  7750.000  7.90078e-01
  7755.000  8.10898e-01
  7760.000  8.19383e-01
  7765.000  8.20174e-01
  7770.000  8.17236e-01
  7775.000  8.10699e-01
  7780.000  8.06850e-01
  7785.000  8.07912e-01
  7790.000  8.08315e-01
  7795.000  8.10090e-01
  7800.000  8.03591e-01
  7805.000  8.05657e-01
  7810.000  8.03150e-01
  7815.000  8.10395e-01
  7820.000  8.18140e-01
  7825.000  8.16472e-01
  7830.000  8.04169e-01
  7835.000  7.90957e-01
  7840.000  8.02535e-01
  7845.000  8.07024e-01
  7850.000  8.00962e-01
  7855.000  7.97120e-01
  7860.000  8.03115e-01
  7865.000  8.04028e-01
  7870.000  7.95800e-01
  7875.000  7.81970e-01
  7880.000  7.77521e-01
  7885.000  7.82081e-01
  7890.000  7.81312e-01
  7895.000  7.62851e-01
  7900.000  7.64057e-01
  7905.000  7.67882e-01
  7910.000  7.57573e-01
  7915.000  7.46089e-01
  7920.000  7.45880e-01
  7925.000  7.52514e-01
  7930.000  7.49987e-01
  7935.000  7.44500e-01
  7940.000  7.39727e-01
  7945.000  7.36908e-01
  7950.000  7.46908e-01
  7955.000  7.56488e-01
  7960.000  7.54808e-01
  7965.000  7.58351e-01
  7970.000  7.63779e-01
  7975.000  7.66440e-01
  7980.000  7.64846e-01
  7985.000  7.64821e-01
  7990.000  7.67265e-01
  7995.000  7.58751e-01
  8000.000  7.48982e-01
  8005.000  7.57233e-01
  8010.000  7.63143e-01
  8015.000  7.67891e-01
  8020.000  7.66712e-01
  8025.000  7.49893e-01
  8030.000  7.50742e-01
  8035.000  7.68339e-01
  8040.000  7.67121e-01
  8045.000  7.49308e-01
  8050.000  7.45253e-01
  8055.000  7.62056e-01
  8060.000  7.71166e-01
  8065.000  7.64791e-01
  8070.000  7.48333e-01
  8075.000  7.43240e-01
  8080.000  7.44577e-01
  8085.000  7.40057e-01
  8090.000  7.32402e-01
  8095.000  7.26071e-01
  8100.000  7.30490e-01
  8105.000  7.31667e-01
  8110.000  7.30963e-01
  8115.000  7.32321e-01
  8120.000  7.35367e-01
  8125.000  7.36095e-01
  8130.000  7.31758e-01
  8135.000  7.29766e-01
  8140.000  7.29896e-01
  8145.000  7.26116e-01
  8150.000  7.23369e-01
  8155.000  7.23716e-01
  8160.000  7.22429e-01
  8165.000  7.17963e-01
  8170.000  7.25284e-01
  8175.000  7.24454e-01
  8180.000  7.15808e-01
  8185.000  7.14756e-01
  8190.000  7.18573e-01
  8195.000  7.15065e-01
  8200.000  7.18801e-01
  8205.000  7.29901e-01
  8210.000  7.29623e-01
  8215.000  7.27021e-01
  8220.000  7.19815e-01
  8225.000  7.11392e-01
  8230.000  7.13898e-01
  8235.000  7.28049e-01
  8240.000  7.32084e-01
  8245.000  7.36200e-01
  8250.000  7.36511e-01
  8255.000  7.33043e-01
  8260.000  7.34927e-01
  8265.000  7.33411e-01
  8270.000  7.27531e-01
  8275.000  7.22749e-01
  8280.000  7.25982e-01
  8285.000  7.24738e-01
  8290.000  7.21981e-01
  8295.000  7.17887e-01
  8300.000  7.16080e-01
  8305.000  7.12473e-01
  8310.000  7.12017e-01
  8315.000  7.14339e-01
  8320.000  7.10825e-01
  8325.000  7.09488e-01
  8330.000  7.04781e-01
  8335.000  7.04285e-01
  8340.000  7.06961e-01
  8345.000  7.08172e-01
  8350.000  7.09039e-01
  8355.000  7.11543e-01
  8360.000  7.11263e-01
  8365.000  7.11661e-01
  8370.000  7.14074e-01
  8375.000  7.12771e-01
  8380.000  7.06643e-01
  8385.000  7.00131e-01
  8390.000  7.03201e-01
  8395.000  7.10660e-01
  8400.000  7.09883e-01
  8405.000  7.08945e-01
  8410.000  7.06728e-01
  8415.000  7.05500e-01
  8420.000  7.02843e-01
  8425.000  7.07989e-01
  8430.000  7.01557e-01
  8435.000  6.99358e-01
  8440.000  6.90363e-01
  8445.000  7.00080e-01
  8450.000  7.07995e-01
  8455.000  7.13559e-01
  8460.000  7.09944e-01
  8465.000  7.00368e-01
  8470.000  6.98640e-01
  8475.000  7.04969e-01
  8480.000  7.06121e-01
  8485.000  7.06374e-01
  8490.000  6.94773e-01
  8495.000  6.41286e-01
  8500.000  6.18572e-01
  8505.000  6.75485e-01
  8510.000  6.91196e-01
  8515.000  6.84021e-01
  8520.000  6.89619e-01
  8525.000  6.93044e-01
  8530.000  6.72440e-01
  8535.000  6.42984e-01
  8540.000  5.38124e-01
  8545.000  5.35106e-01
  8550.000  6.37006e-01
  8555.000  6.80386e-01
  8560.000  6.91849e-01
  8565.000  6.97279e-01
  8570.000  6.97988e-01
  8575.000  6.98062e-01
  8580.000  6.95567e-01
  8585.000  6.92849e-01
  8590.000  6.93961e-01
  8595.000  6.93293e-01
  8600.000  6.93743e-01
  8605.000  6.92895e-01
  8610.000  6.83896e-01
  8615.000  6.85767e-01
  8620.000  6.90699e-01
  8625.000  6.95020e-01
  8630.000  6.98834e-01
  8635.000  7.00239e-01
  8640.000  6.99668e-01
  8645.000  6.92369e-01
  8650.000  6.80360e-01
  8655.000  6.54328e-01
  8660.000  5.70587e-01
  8665.000  5.59922e-01
  8670.000  6.34337e-01
  8675.000  6.62211e-01
  8680.000  6.70146e-01
  8685.000  6.67842e-01
  8690.000  6.66918e-01
  8695.000  6.81364e-01
  8700.000  6.92767e-01
  8705.000  6.86426e-01
  8710.000  6.82935e-01
  8715.000  6.86356e-01
  8720.000  6.95302e-01
  8725.000  6.91165e-01
  8730.000  6.82895e-01
  8735.000  6.81756e-01
  8740.000  6.81566e-01
  8745.000  6.81723e-01
  8750.000  6.78865e-01
  8755.000  6.79256e-01
  8760.000  6.92697e-01
  8765.000  6.83721e-01
  8770.000  6.81082e-01
  8775.000  6.82817e-01
  8780.000  6.88059e-01
  8785.000  6.80372e-01
  8790.000  6.77015e-01
  8795.000  6.74820e-01
  8800.000  6.68383e-01
  8805.000  6.53427e-01
  8810.000  6.60350e-01
  8815.000  6.83326e-01
  8820.000  6.74617e-01
  8825.000  6.77190e-01
  8830.000  6.92719e-01
  8835.000  6.77042e-01
  8840.000  6.70712e-01
  8845.000  6.80927e-01
  8850.000  6.84555e-01
  8855.000  6.83575e-01
  8860.000  6.72333e-01
  8865.000  6.73148e-01
  8870.000  6.69175e-01
  8875.000  6.74387e-01
  8880.000  6.73234e-01
  8885.000  6.80972e-01
  8890.000  6.78085e-01
  8895.000  6.74737e-01
  8900.000  6.79837e-01
  8905.000  6.79981e-01
  8910.000  6.74736e-01
  8915.000  6.77558e-01
  8920.000  6.74703e-01
  8925.000  6.66784e-01
  8930.000  6.71130e-01
  8935.000  6.74013e-01
  8940.000  6.69925e-01
  8945.000  6.60490e-01
  8950.000  6.62125e-01
  8955.000  6.68262e-01
  8960.000  6.67007e-01
  8965.000  6.59622e-01
  8970.000  6.60959e-01
  8975.000  6.59985e-01
  8980.000  6.53552e-01
  8985.000  6.48363e-01
  8990.000  6.45382e-01
  8995.000  6.50088e-01
  9000.000  6.41506e-01
  9005.000  6.47324e-01
  9010.000  6.46978e-01
  9015.000  6.45173e-01
  9020.000  6.52168e-01
  9025.000  6.61654e-01
  9030.000  6.79832e-01
  9035.000  6.87954e-01
  9040.000  6.88276e-01
  9045.000  6.86203e-01
  9050.000  6.78574e-01
  9055.000  6.69266e-01
  9060.000  6.54179e-01
  9065.000  6.43281e-01
  9070.000  6.38441e-01
  9075.000  6.32679e-01
  9080.000  6.24246e-01
  9085.000  6.21271e-01
  9090.000  6.18944e-01
  9095.000  6.27048e-01
  9100.000  6.26747e-01
  9105.000  6.30058e-01
  9110.000  6.32620e-01
  9115.000  6.26781e-01
  9120.000  6.25314e-01
  9125.000  6.29743e-01
  9130.000  6.23151e-01
  9135.000  6.19286e-01
  9140.000  6.10501e-01
  9145.000  5.94710e-01
  9150.000  5.87225e-01
  9155.000  5.91848e-01
  9160.000  6.01860e-01
  9165.000  5.89670e-01
  9170.000  5.76060e-01
  9175.000  5.84626e-01
  9180.000  6.00323e-01
  9185.000  6.01518e-01
  9190.000  6.00302e-01
  9195.000  5.99882e-01
  9200.000  6.02597e-01
  9205.000  6.02207e-01
  9210.000  5.97851e-01
  9215.000  5.96971e-01
  9220.000  6.09736e-01
  9225.000  6.17208e-01
  9230.000  6.12489e-01
  9235.000  6.08691e-01
  9240.000  6.03181e-01
  9245.000  6.02681e-01
  9250.000  6.02092e-01
  9255.000  6.00746e-01
  9260.000  6.02824e-01
  9265.000  6.13151e-01
  9270.000  6.16481e-01
  9275.000  6.14085e-01
  9280.000  6.10153e-01
  9285.000  6.11572e-01
  9290.000  6.08125e-01
  9295.000  6.01904e-01
  9300.000  6.02357e-01
  9305.000  5.94364e-01
  9310.000  5.76077e-01
  9315.000  5.61661e-01
  9320.000  5.60540e-01
  9325.000  5.65919e-01
  9330.000  5.72790e-01
  9335.000  5.60060e-01
  9340.000  5.63372e-01
  9345.000  5.63379e-01
  9350.000  5.77850e-01
  9355.000  5.46806e-01
  9360.000  5.60407e-01
  9365.000  5.57555e-01
  9370.000  5.55629e-01
  9375.000  5.78840e-01
  9380.000  5.76968e-01
  9385.000  6.10797e-01
  9390.000  6.31603e-01
  9395.000  6.37307e-01
  9400.000  6.25766e-01
  9405.000  6.11022e-01
  9410.000  5.89107e-01
  9415.000  5.67626e-01
  9420.000  5.61827e-01
  9425.000  5.59298e-01
  9430.000  5.40165e-01
  9435.000  5.46423e-01
  9440.000  5.35167e-01
  9445.000  5.54781e-01
  9450.000  5.56536e-01
  9455.000  5.49674e-01
  9460.000  5.59778e-01
  9465.000  5.70238e-01
  9470.000  5.71862e-01
  9475.000  5.74679e-01
  9480.000  5.71770e-01
  9485.000  5.78089e-01
  9490.000  5.73053e-01
  9495.000  5.61001e-01
  9500.000  5.65968e-01
  9505.000  5.87807e-01
  9510.000  5.93542e-01
  9515.000  5.83470e-01
  9520.000  5.77705e-01
  9525.000  5.91183e-01
  9530.000  6.00176e-01
  9535.000  6.06149e-01
  9540.000  6.08416e-01
  9545.000  6.02284e-01
  9550.000  5.87876e-01
  9555.000  5.73586e-01
  9560.000  5.79033e-01
  9565.000  5.73169e-01
  9570.000  5.80406e-01
  9575.000  5.87962e-01
  9580.000  5.74810e-01
  9585.000  5.74093e-01
  9590.000  5.70786e-01
  9595.000  5.74871e-01
  9600.000  5.72442e-01
  9605.000  5.72388e-01
  9610.000  5.79436e-01
  9615.000  5.75927e-01
  9620.000  5.64607e-01
  9625.000  5.60252e-01
  9630.000  5.68329e-01
  9635.000  5.56518e-01
  9640.000  5.54769e-01
  9645.000  5.56099e-01
  9650.000  5.56677e-01
  9655.000  5.56821e-01
  9660.000  5.50538e-01
  9665.000  5.58545e-01
  9670.000  5.71306e-01
  9675.000  5.71892e-01
  9680.000  5.73452e-01
  9685.000  5.79026e-01
  9690.000  5.68660e-01
  9695.000  5.64432e-01
  9700.000  5.62562e-01
  9705.000  5.63883e-01
  9710.000  5.68228e-01
  9715.000  5.67968e-01
  9720.000  5.68976e-01
  9725.000  5.57946e-01
  9730.000  5.51119e-01
  9735.000  5.42600e-01
  9740.000  5.41289e-01
  9745.000  5.47541e-01
  9750.000  5.46985e-01
  9755.000  5.51973e-01
  9760.000  5.57728e-01
  9765.000  5.55043e-01
  9770.000  5.66628e-01
  9775.000  5.65416e-01
  9780.000  5.55019e-01
  9785.000  5.55480e-01
  9790.000  5.59590e-01
  9795.000  5.60165e-01
  9800.000  5.55889e-01
  9805.000  5.69598e-01
  9810.000  5.69077e-01
  9815.000  5.62542e-01
  9820.000  5.70890e-01
  9825.000  5.63011e-01
  9830.000  5.56850e-01
  9835.000  5.60435e-01
  9840.000  5.65444e-01
  9845.000  5.60639e-01
  9850.000  5.58744e-01
  9855.000  5.64333e-01
  9860.000  5.64870e-01
  9865.000  5.62369e-01
  9870.000  5.60473e-01
  9875.000  5.62818e-01
  9880.000  5.60061e-01
  9885.000  5.61229e-01
  9890.000  5.61489e-01
  9895.000  5.59641e-01
  9900.000  5.61937e-01
  9905.000  5.63503e-01
  9910.000  5.67181e-01
  9915.000  5.65975e-01
  9920.000  5.67418e-01
  9925.000  5.64192e-01
  9930.000  5.66046e-01
  9935.000  5.61567e-01
  9940.000  5.61851e-01
  9945.000  5.63511e-01
  9950.000  5.63580e-01
  9955.000  5.61162e-01
  9960.000  5.68170e-01
  9965.000  5.67505e-01
  9970.000  5.61275e-01
  9975.000  5.61442e-01
  9980.000  5.64883e-01
  9985.000  5.58361e-01
  9990.000  5.59389e-01
  9995.000  5.61908e-01
 10000.000  5.66031e-01
 10005.000  5.65695e-01
 10010.000  5.64527e-01
 10015.000  5.62882e-01
 10020.000  5.61117e-01
 10025.000  5.59531e-01
 10030.000  5.58204e-01
 10035.000  5.57158e-01
 10040.000  5.56416e-01
 10045.000  5.55996e-01
 10050.000  5.55897e-01
 10055.000  5.56108e-01
 10060.000  5.56623e-01
 10065.000  5.57366e-01
 10070.000  5.57988e-01
 10075.000  5.58075e-01
 10080.000  5.57212e-01
 10085.000  5.55143e-01
 10090.000  5.52248e-01
 10095.000  5.49067e-01
 10100.000  5.46140e-01
 10105.000  5.43872e-01
 10110.000  5.42137e-01
 10115.000  5.40674e-01
 10120.000  5.39223e-01
 10125.000  5.37620e-01
 10130.000  5.36098e-01
 10135.000  5.34986e-01
 10140.000  5.34612e-01
 10145.000  5.35139e-01
 10150.000  5.36059e-01
 10155.000  5.36696e-01
 10160.000  5.36376e-01
 10165.000  5.34665e-01
 10170.000  5.32098e-01
 10175.000  5.29453e-01
 10180.000  5.27507e-01
 10185.000  5.26851e-01
 10190.000  5.27323e-01
 10195.000  5.28572e-01
 10200.000  5.30249e-01
 10205.000  5.31974e-01
 10210.000  5.33247e-01
 10215.000  5.33534e-01
 10220.000  5.32306e-01
 10225.000  5.29371e-01
 10230.000  5.25907e-01
 10235.000  5.23432e-01
 10240.000  5.23464e-01
 10245.000  5.26977e-01
 10250.000  5.32762e-01
 10255.000  5.39067e-01
 10260.000  5.44139e-01
 10265.000  5.46645e-01
 10270.000  5.46938e-01
 10275.000  5.45792e-01
 10280.000  5.43979e-01
 10285.000  5.42122e-01
 10290.000  5.40236e-01
 10295.000  5.38186e-01
 10300.000  5.35834e-01
 10305.000  5.30556e-01
 10310.000  5.28981e-01
 10315.000  5.27621e-01
 10320.000  5.26692e-01
 10325.000  5.26303e-01
 10330.000  5.26128e-01
 10335.000  5.25732e-01
 10340.000  5.24680e-01
 10345.000  5.22703e-01
 10350.000  5.20200e-01
 10355.000  5.17732e-01
 10360.000  5.15863e-01
 10365.000  5.15009e-01
 10370.000  5.14999e-01
 10375.000  5.15516e-01
 10380.000  5.16242e-01
 10385.000  5.16938e-01
 10390.000  5.17681e-01
 10395.000  5.18628e-01
 10400.000  5.19934e-01
 10405.000  5.21633e-01
 10410.000  5.23260e-01
 10415.000  5.24230e-01
 10420.000  5.23955e-01
 10425.000  5.22088e-01
 10430.000  5.19230e-01
 10435.000  5.16220e-01
 10440.000  5.13900e-01
 10445.000  5.12887e-01
 10450.000  5.12916e-01
 10455.000  5.13498e-01
 10460.000  5.14145e-01
 10465.000  5.14476e-01
 10470.000  5.14542e-01
 10475.000  5.14499e-01
 10480.000  5.14505e-01
 10485.000  5.14659e-01
 10490.000  5.14844e-01
 10495.000  5.14884e-01
 10500.000  5.14606e-01
