# pickles/a5v  |  Pickles 1998, PASP 110, 863
# columns: wavelength_Angstrom  flam_erg_s_cm2_A (absolute scale arbitrary - ETC renormalizes)
  1150.000  0.00000e+00
  1155.000  1.01120e-02
  1160.000  3.54760e-02
  1165.000  0.00000e+00
  1170.000  0.00000e+00
  1175.000  0.00000e+00
  1180.000  0.00000e+00
  1185.000  0.00000e+00
  1190.000  0.00000e+00
  1195.000  0.00000e+00
  1200.000  0.00000e+00
  1205.000  1.76700e-03
  1210.000  2.93370e-02
  1215.000  4.43920e-02
  1220.000  1.98190e-02
  1225.000  7.76000e-03
  1230.000  5.21900e-03
  1235.000  4.87000e-03
  1240.000  4.60000e-03
  1245.000  7.82000e-04
  1250.000  6.12900e-03
  1255.000  6.15000e-03
  1260.000  4.97400e-03
  1265.000  4.30500e-03
  1270.000  5.03500e-03
  1275.000  4.84200e-03
  1280.000  6.09600e-03
  1285.000  4.38400e-03
  1290.000  4.73800e-03
  1295.000  1.44000e-03
  1300.000  3.98300e-03
  1305.000  3.08400e-03
  1310.000  2.80400e-03
  1315.000  3.68100e-03
  1320.000  1.50300e-03
  1325.000  1.25900e-03
  1330.000  2.83600e-03
  1335.000  2.61100e-03
  1340.000  4.88900e-03
  1345.000  5.07800e-03
  1350.000  4.92500e-03
  1355.000  8.15500e-03
  1360.000  6.24300e-03
  1365.000  1.53500e-03
  1370.000  1.86200e-03
  1375.000  7.03000e-03
  1380.000  8.65800e-03
  1385.000  4.11900e-03
  1390.000  3.10400e-03
  1395.000  4.17200e-03
  1400.000  4.21300e-03
  1405.000  5.55100e-03
  1410.000  1.85000e-04
  1415.000  1.28400e-03
  1420.000  5.92000e-03
  1425.000  7.14800e-03
  1430.000  6.36800e-03
  1435.000  7.13300e-03
  1440.000  7.23000e-03
  1445.000  9.39800e-03
  1450.000  1.17230e-02
  1455.000  1.05060e-02
  1460.000  8.77600e-03
  1465.000  9.92200e-03
  1470.000  9.78700e-03
  1475.000  9.19700e-03
  1480.000  7.73900e-03
  1485.000  1.25020e-02
  1490.000  1.19600e-02
  1495.000  1.48530e-02
  1500.000  1.46640e-02
  1505.000  1.35810e-02
  1510.000  1.21380e-02
  1515.000  1.41140e-02
  1520.000  1.74570e-02
  1525.000  1.88650e-02
  1530.000  2.18960e-02
  1535.000  2.90580e-02
  1540.000  3.77990e-02
  1545.000  4.85300e-02
  1550.000  5.28480e-02
  1555.000  5.56610e-02
  1560.000  7.01540e-02
  1565.000  8.43740e-02
  1570.000  7.73620e-02
  1575.000  1.01298e-01
  1580.000  1.29886e-01
  1585.000  1.30405e-01
  1590.000  1.18892e-01
  1595.000  1.13174e-01
  1600.000  1.27537e-01
  1605.000  1.34704e-01
  1610.000  1.45274e-01
  1615.000  1.56276e-01
  1620.000  1.54464e-01
  1625.000  1.63653e-01
  1630.000  1.59630e-01
  1635.000  1.81385e-01
  1640.000  2.11569e-01
  1645.000  2.29657e-01
  1650.000  2.07432e-01
  1655.000  1.70190e-01
  1660.000  2.14272e-01
  1665.000  2.56604e-01
  1670.000  2.01546e-01
  1675.000  2.24185e-01
  1680.000  2.64055e-01
  1685.000  2.72627e-01
  1690.000  2.74305e-01
  1695.000  2.71454e-01
  1700.000  3.00772e-01
  1705.000  3.46971e-01
  1710.000  3.86861e-01
  1715.000  4.15251e-01
  1720.000  4.14083e-01
  1725.000  4.22559e-01
  1730.000  4.66747e-01
  1735.000  4.67921e-01
  1740.000  4.63205e-01
  1745.000  4.84484e-01
  1750.000  5.38499e-01
  1755.000  5.75736e-01
  1760.000  5.26849e-01
  1765.000  4.91737e-01
  1770.000  5.35064e-01
  1775.000  5.99999e-01
  1780.000  6.26271e-01
  1785.000  5.73795e-01
  1790.000  5.75837e-01
  1795.000  6.80539e-01
  1800.000  7.15476e-01
  1805.000  6.69150e-01
  1810.000  6.53244e-01
  1815.000  6.74579e-01
  1820.000  6.88930e-01
  1825.000  6.90887e-01
  1830.000  6.71984e-01
  1835.000  6.24731e-01
  1840.000  5.32140e-01
  1845.000  5.04905e-01
  1850.000  5.09707e-01
  1855.000  5.33169e-01
  1860.000  5.66599e-01
  1865.000  5.94493e-01
  1870.000  6.33111e-01
  1875.000  6.42245e-01
  1880.000  6.76764e-01
  1885.000  6.89008e-01
  1890.000  6.63292e-01
  1895.000  6.17595e-01
  1900.000  5.75150e-01
  1905.000  6.07594e-01
  1910.000  6.27012e-01
  1915.000  6.71350e-01
  1920.000  6.81233e-01
  1925.000  6.01963e-01
  1930.000  5.33840e-01
  1935.000  5.66485e-01
  1940.000  6.70541e-01
  1945.000  7.07369e-01
  1950.000  7.08627e-01
  1955.000  6.92887e-01
  1960.000  6.67588e-01
  1965.000  6.67686e-01
  1970.000  6.51047e-01
  1975.000  6.82029e-01
  1980.000  6.79248e-01
  1985.000  6.86897e-01
  1990.000  6.59822e-01
  1995.000  6.19402e-01
  2000.000  6.23085e-01
  2005.000  6.44395e-01
  2010.000  6.10335e-01
  2015.000  6.08527e-01
  2020.000  6.07278e-01
  2025.000  6.14305e-01
  2030.000  6.17175e-01
  2035.000  6.26261e-01
  2040.000  6.39940e-01
  2045.000  6.41850e-01
  2050.000  6.96646e-01
  2055.000  7.15428e-01
  2060.000  6.50878e-01
  2065.000  6.47524e-01
  2070.000  6.68823e-01
  2075.000  6.81769e-01
  2080.000  7.16492e-01
  2085.000  7.41952e-01
  2090.000  7.49978e-01
  2095.000  7.30749e-01
  2100.000  7.10472e-01
  2105.000  6.92581e-01
  2110.000  6.71304e-01
  2115.000  6.59397e-01
  2120.000  6.42535e-01
  2125.000  6.86194e-01
  2130.000  6.90718e-01
  2135.000  5.85100e-01
  2140.000  5.14737e-01
  2145.000  5.40255e-01
  2150.000  6.12948e-01
  2155.000  6.20163e-01
  2160.000  6.29078e-01
  2165.000  6.04543e-01
  2170.000  5.67451e-01
  2175.000  5.36790e-01
  2180.000  5.35045e-01
  2185.000  5.80701e-01
  2190.000  6.15626e-01
  2195.000  6.30337e-01
  2200.000  6.55744e-01
  2205.000  6.58930e-01
  2210.000  6.20033e-01
  2215.000  5.53369e-01
  2220.000  5.25046e-01
  2225.000  5.22951e-01
  2230.000  5.43051e-01
  2235.000  5.46915e-01
  2240.000  5.98702e-01
  2245.000  5.85284e-01
  2250.000  5.23130e-01
  2255.000  5.02785e-01
  2260.000  5.08325e-01
  2265.000  4.96007e-01
  2270.000  5.05610e-01
  2275.000  5.10665e-01
  2280.000  5.50551e-01
  2285.000  5.55443e-01
  2290.000  5.85447e-01
  2295.000  5.87165e-01
  2300.000  5.50786e-01
  2305.000  4.95129e-01
  2310.000  4.92722e-01
  2315.000  5.20173e-01
  2320.000  5.04818e-01
  2325.000  4.99338e-01
  2330.000  4.91241e-01
  2335.000  4.68923e-01
  2340.000  4.47094e-01
  2345.000  4.14265e-01
  2350.000  3.95155e-01
  2355.000  4.23409e-01
  2360.000  4.75135e-01
  2365.000  4.29197e-01
  2370.000  4.15906e-01
  2375.000  4.55860e-01
  2380.000  4.53002e-01
  2385.000  4.14516e-01
  2390.000  3.64036e-01
  2395.000  3.88762e-01
  2400.000  4.04585e-01
  2405.000  3.97815e-01
  2410.000  3.68462e-01
  2415.000  3.51230e-01
  2420.000  4.00677e-01
  2425.000  4.69792e-01
  2430.000  4.98451e-01
  2435.000  4.86590e-01
  2440.000  4.70138e-01
  2445.000  4.85282e-01
  2450.000  5.08675e-01
  2455.000  4.88443e-01
  2460.000  4.92037e-01
  2465.000  5.04223e-01
  2470.000  4.57793e-01
  2475.000  4.39186e-01
  2480.000  4.48356e-01
  2485.000  4.52255e-01
  2490.000  4.64744e-01
  2495.000  4.41476e-01
  2500.000  4.94864e-01
  2505.000  5.53231e-01
  2510.000  5.33038e-01
  2515.000  5.00283e-01
  2520.000  4.61763e-01
  2525.000  4.16692e-01
  2530.000  3.94034e-01
  2535.000  3.96057e-01
  2540.000  3.99360e-01
  2545.000  3.96874e-01
  2550.000  3.99533e-01
  2555.000  4.18809e-01
  2560.000  4.66380e-01
  2565.000  4.72084e-01
  2570.000  4.98573e-01
  2575.000  5.53502e-01
  2580.000  4.91729e-01
  2585.000  4.78920e-01
  2590.000  5.13981e-01
  2595.000  5.34507e-01
  2600.000  5.27310e-01
  2605.000  4.84805e-01
  2610.000  4.62165e-01
  2615.000  4.38501e-01
  2620.000  4.85421e-01
  2625.000  5.32120e-01
  2630.000  5.13855e-01
  2635.000  4.94526e-01
  2640.000  5.93381e-01
  2645.000  6.68202e-01
  2650.000  7.09052e-01
  2655.000  7.00396e-01
  2660.000  6.89920e-01
  2665.000  6.33534e-01
  2670.000  5.85806e-01
  2675.000  5.98197e-01
  2680.000  6.31150e-01
  2685.000  6.28831e-01
  2690.000  6.16880e-01
  2695.000  5.82406e-01
  2700.000  5.90581e-01
  2705.000  6.08570e-01
  2710.000  5.99201e-01
  2715.000  5.57710e-01
  2720.000  5.52061e-01
  2725.000  5.56486e-01
  2730.000  5.97036e-01
  2735.000  6.39139e-01
  2740.000  6.13020e-01
  2745.000  5.36343e-01
  2750.000  4.88181e-01
  2755.000  4.80162e-01
  2760.000  4.95104e-01
  2765.000  5.36825e-01
  2770.000  5.50577e-01
  2775.000  5.54734e-01
  2780.000  5.79966e-01
  2785.000  5.46170e-01
  2790.000  5.51156e-01
  2795.000  4.81573e-01
  2800.000  3.28659e-01
  2805.000  3.04693e-01
  2810.000  4.13016e-01
  2815.000  5.68873e-01
  2820.000  6.65152e-01
  2825.000  7.03872e-01
  2830.000  6.78579e-01
  2835.000  6.72877e-01
  2840.000  6.49048e-01
  2845.000  6.04551e-01
  2850.000  6.01413e-01
  2855.000  5.92134e-01
  2860.000  5.88374e-01
  2865.000  6.35453e-01
  2870.000  6.28134e-01
  2875.000  6.30405e-01
  2880.000  6.39483e-01
  2885.000  6.46964e-01
  2890.000  6.40215e-01
  2895.000  6.27298e-01
  2900.000  6.29729e-01
  2905.000  6.54855e-01
  2910.000  7.06480e-01
  2915.000  7.24652e-01
  2920.000  7.32838e-01
  2925.000  6.93467e-01
  2930.000  6.64171e-01
  2935.000  6.70408e-01
  2940.000  6.76403e-01
  2945.000  7.04504e-01
  2950.000  6.93170e-01
  2955.000  6.83085e-01
  2960.000  7.26553e-01
  2965.000  7.52268e-01
  2970.000  7.33245e-01
  2975.000  7.15152e-01
  2980.000  7.33119e-01
  2985.000  7.27787e-01
  2990.000  7.28056e-01
  2995.000  7.70202e-01
  3000.000  7.59999e-01
  3005.000  7.15679e-01
  3010.000  7.42422e-01
  3015.000  7.57393e-01
  3020.000  7.33284e-01
  3025.000  7.02522e-01
  3030.000  7.05597e-01
  3035.000  7.13627e-01
  3040.000  7.28026e-01
  3045.000  7.35257e-01
  3050.000  7.27944e-01
  3055.000  7.28135e-01
  3060.000  7.16145e-01
  3065.000  6.97032e-01
  3070.000  7.05283e-01
  3075.000  7.24303e-01
  3080.000  7.41181e-01
  3085.000  7.54300e-01
  3090.000  7.60239e-01
  3095.000  7.55319e-01
  3100.000  7.14564e-01
  3105.000  7.12989e-01
  3110.000  7.13815e-01
  3115.000  7.37271e-01
  3120.000  7.31722e-01
  3125.000  7.28676e-01
  3130.000  7.34064e-01
  3135.000  7.40147e-01
  3140.000  7.61946e-01
  3145.000  7.97493e-01
  3150.000  7.96677e-01
  3155.000  7.81423e-01
  3160.000  7.76577e-01
  3165.000  7.95525e-01
  3170.000  8.09603e-01
  3175.000  8.02516e-01
  3180.000  7.55511e-01
  3185.000  7.45623e-01
  3190.000  7.92941e-01
  3195.000  7.86098e-01
  3200.000  7.75437e-01
  3205.000  7.79023e-01
  3210.000  7.83532e-01
  3215.000  7.68305e-01
  3220.000  7.46014e-01
  3225.000  7.33132e-01
  3230.000  7.28020e-01
  3235.000  7.26138e-01
  3240.000  7.29441e-01
  3245.000  7.40060e-01
  3250.000  7.54306e-01
  3255.000  7.66720e-01
  3260.000  7.70577e-01
  3265.000  7.59649e-01
  3270.000  7.30962e-01
  3275.000  6.89513e-01
  3280.000  6.68929e-01
  3285.000  6.95304e-01
  3290.000  7.35969e-01
  3295.000  7.53759e-01
  3300.000  7.52261e-01
  3305.000  7.43913e-01
  3310.000  7.35793e-01
  3315.000  7.32010e-01
  3320.000  7.30141e-01
  3325.000  7.27203e-01
  3330.000  7.24503e-01
  3335.000  7.23318e-01
  3340.000  7.20510e-01
  3345.000  7.14589e-01
  3350.000  7.15061e-01
  3355.000  7.28026e-01
  3360.000  7.34968e-01
  3365.000  7.19713e-01
  3370.000  7.00087e-01
  3375.000  6.96201e-01
  3380.000  7.03332e-01
  3385.000  7.11779e-01
  3390.000  7.16794e-01
  3395.000  7.16744e-01
  3400.000  7.17533e-01
  3405.000  7.24404e-01
  3410.000  7.32433e-01
  3415.000  7.35359e-01
  3420.000  7.31749e-01
  3425.000  7.22378e-01
  3430.000  7.12030e-01
  3435.000  7.05838e-01
  3440.000  7.06335e-01
  3445.000  7.13601e-01
  3450.000  7.20508e-01
  3455.000  7.20588e-01
  3460.000  7.17231e-01
  3465.000  7.15157e-01
  3470.000  7.14581e-01
  3475.000  7.14245e-01
  3480.000  7.11535e-01
  3485.000  7.05034e-01
  3490.000  6.99488e-01
  3495.000  6.99515e-01
  3500.000  7.03060e-01
  3505.000  7.07091e-01
  3510.000  7.11340e-01
  3515.000  7.15774e-01
  3520.000  7.18536e-01
  3525.000  7.18690e-01
  3530.000  7.20822e-01
  3535.000  7.28834e-01
  3540.000  7.38383e-01
  3545.000  7.43958e-01
  3550.000  7.43614e-01
  3555.000  7.48155e-01
  3560.000  7.32717e-01
  3565.000  7.15044e-01
  3570.000  7.06238e-01
  3575.000  7.20341e-01
  3580.000  7.11868e-01
  3585.000  7.02899e-01
  3590.000  7.14773e-01
  3595.000  7.40366e-01
  3600.000  7.36644e-01
  3605.000  7.19487e-01
  3610.000  7.34367e-01
  3615.000  7.22845e-01
  3620.000  7.27543e-01
  3625.000  7.60214e-01
  3630.000  7.66988e-01
  3635.000  7.73276e-01
  3640.000  7.66523e-01
  3645.000  7.52414e-01
  3650.000  7.52659e-01
  3655.000  7.77257e-01
  3660.000  7.87016e-01
  3665.000  7.91661e-01
  3670.000  7.95639e-01
  3675.000  7.90046e-01
  3680.000  7.81406e-01
  3685.000  7.79312e-01
  3690.000  7.86697e-01
  3695.000  7.74531e-01
  3700.000  7.88026e-01
  3705.000  7.70443e-01
  3710.000  7.91413e-01
  3715.000  8.37548e-01
  3720.000  8.29501e-01
  3725.000  8.68275e-01
  3730.000  8.86229e-01
  3735.000  8.21742e-01
  3740.000  9.43994e-01
  3745.000  9.32475e-01
  3750.000  8.59075e-01
  3755.000  1.03076e+00
  3760.000  1.12472e+00
  3765.000  1.05009e+00
  3770.000  9.15674e-01
  3775.000  1.08672e+00
  3780.000  1.34338e+00
  3785.000  1.38331e+00
  3790.000  1.23569e+00
  3795.000  9.89454e-01
  3800.000  9.92228e-01
  3805.000  1.25930e+00
  3810.000  1.44917e+00
  3815.000  1.50485e+00
  3820.000  1.49740e+00
  3825.000  1.35199e+00
  3830.000  1.09843e+00
  3835.000  9.24558e-01
  3840.000  1.16070e+00
  3845.000  1.47338e+00
  3850.000  1.64882e+00
  3855.000  1.74599e+00
  3860.000  1.82481e+00
  3865.000  1.88272e+00
  3870.000  1.81591e+00
  3875.000  1.64137e+00
  3880.000  1.42367e+00
  3885.000  1.11321e+00
  3890.000  9.94775e-01
  3895.000  1.24703e+00
  3900.000  1.49391e+00
  3905.000  1.68195e+00
  3910.000  1.85162e+00
  3915.000  1.89815e+00
  3920.000  1.89520e+00
  3925.000  1.82125e+00
  3930.000  1.44923e+00
  3935.000  1.39951e+00
  3940.000  1.76451e+00
  3945.000  1.83602e+00
  3950.000  1.77045e+00
  3955.000  1.60994e+00
  3960.000  1.36200e+00
  3965.000  9.75463e-01
  3970.000  8.54487e-01
  3975.000  1.17309e+00
  3980.000  1.46002e+00
  3985.000  1.63802e+00
  3990.000  1.78708e+00
  3995.000  1.87997e+00
  4000.000  1.92391e+00
  4005.000  1.93461e+00
  4010.000  1.97202e+00
  4015.000  2.01071e+00
  4020.000  2.03499e+00
  4025.000  2.00947e+00
  4030.000  1.98923e+00
  4035.000  2.00290e+00
  4040.000  2.02201e+00
  4045.000  1.99052e+00
  4050.000  2.01173e+00
  4055.000  1.98502e+00
  4060.000  1.92708e+00
  4065.000  1.87960e+00
  4070.000  1.83425e+00
  4075.000  1.76353e+00
  4080.000  1.70879e+00
  4085.000  1.62047e+00
  4090.000  1.45755e+00
  4095.000  1.18703e+00
  4100.000  9.42102e-01
  4105.000  1.06737e+00
  4110.000  1.33697e+00
  4115.000  1.52046e+00
  4120.000  1.64809e+00
  4125.000  1.71369e+00
  4130.000  1.76351e+00
  4135.000  1.82795e+00
  4140.000  1.86734e+00
  4145.000  1.87436e+00
  4150.000  1.88291e+00
  4155.000  1.84674e+00
  4160.000  1.86835e+00
  4165.000  1.89608e+00
  4170.000  1.86537e+00
  4175.000  1.82639e+00
  4180.000  1.83267e+00
  4185.000  1.85394e+00
  4190.000  1.87433e+00
  4195.000  1.85295e+00
  4200.000  1.81852e+00
  4205.000  1.85004e+00
  4210.000  1.85538e+00
  4215.000  1.83757e+00
  4220.000  1.82102e+00
  4225.000  1.77056e+00
  4230.000  1.78103e+00
  4235.000  1.78836e+00
  4240.000  1.79847e+00
  4245.000  1.77073e+00
  4250.000  1.74943e+00
  4255.000  1.77288e+00
  4260.000  1.78894e+00
  4265.000  1.80516e+00
  4270.000  1.76017e+00
  4275.000  1.75043e+00
  4280.000  1.79134e+00
  4285.000  1.75812e+00
  4290.000  1.71799e+00
  4295.000  1.68670e+00
  4300.000  1.62708e+00
  4305.000  1.60765e+00
  4310.000  1.58550e+00
  4315.000  1.55359e+00
  4320.000  1.51477e+00
  4325.000  1.42462e+00
  4330.000  1.28878e+00
  4335.000  1.06105e+00
  4340.000  8.60435e-01
  4345.000  9.89333e-01
  4350.000  1.18872e+00
  4355.000  1.34028e+00
  4360.000  1.47728e+00
  4365.000  1.54922e+00
  4370.000  1.57426e+00
  4375.000  1.61030e+00
  4380.000  1.62764e+00
  4385.000  1.60604e+00
  4390.000  1.64538e+00
  4395.000  1.64649e+00
  4400.000  1.63426e+00
  4405.000  1.63561e+00
  4410.000  1.64952e+00
  4415.000  1.62062e+00
  4420.000  1.63079e+00
  4425.000  1.63921e+00
  4430.000  1.63779e+00
  4435.000  1.64702e+00
  4440.000  1.64771e+00
  4445.000  1.62570e+00
  4450.000  1.63521e+00
  4455.000  1.62185e+00
  4460.000  1.63212e+00
  4465.000  1.61741e+00
  4470.000  1.61037e+00
  4475.000  1.60896e+00
  4480.000  1.54868e+00
  4485.000  1.55727e+00
  4490.000  1.57408e+00
  4495.000  1.59704e+00
  4500.000  1.59118e+00
  4505.000  1.60755e+00
  4510.000  1.62024e+00
  4515.000  1.60187e+00
  4520.000  1.56850e+00
  4525.000  1.55697e+00
  4530.000  1.54051e+00
  4535.000  1.56182e+00
  4540.000  1.57566e+00
  4545.000  1.56466e+00
  4550.000  1.51659e+00
  4555.000  1.52198e+00
  4560.000  1.53572e+00
  4565.000  1.53878e+00
  4570.000  1.54210e+00
  4575.000  1.53774e+00
  4580.000  1.51507e+00
  4585.000  1.50806e+00
  4590.000  1.52431e+00
  4595.000  1.52698e+00
  4600.000  1.53400e+00
  4605.000  1.53598e+00
  4610.000  1.53249e+00
  4615.000  1.51560e+00
  4620.000  1.50962e+00
  4625.000  1.51192e+00
  4630.000  1.48896e+00
  4635.000  1.49111e+00
  4640.000  1.51115e+00
  4645.000  1.49826e+00
  4650.000  1.48663e+00
  4655.000  1.49113e+00
  4660.000  1.49016e+00
  4665.000  1.46853e+00
  4670.000  1.47093e+00
  4675.000  1.48487e+00
  4680.000  1.48178e+00
  4685.000  1.49540e+00
  4690.000  1.47588e+00
  4695.000  1.47166e+00
  4700.000  1.44318e+00
  4705.000  1.43427e+00
  4710.000  1.44636e+00
  4715.000  1.43421e+00
  4720.000  1.43247e+00
  4725.000  1.43522e+00
  4730.000  1.41771e+00
  4735.000  1.40252e+00
  4740.000  1.39916e+00
  4745.000  1.41303e+00
  4750.000  1.41662e+00
  4755.000  1.40558e+00
  4760.000  1.39104e+00
  4765.000  1.37853e+00
  4770.000  1.37910e+00
  4775.000  1.38482e+00
  4780.000  1.37714e+00
  4785.000  1.36303e+00
  4790.000  1.35683e+00
  4795.000  1.35888e+00
  4800.000  1.33539e+00
  4805.000  1.35536e+00
  4810.000  1.33923e+00
  4815.000  1.31848e+00
  4820.000  1.30700e+00
  4825.000  1.28221e+00
  4830.000  1.27370e+00
  4835.000  1.25791e+00
  4840.000  1.21037e+00
  4845.000  1.12252e+00
  4850.000  9.98284e-01
  4855.000  8.56546e-01
  4860.000  7.30202e-01
  4865.000  7.57289e-01
  4870.000  8.68901e-01
  4875.000  9.84595e-01
  4880.000  1.09071e+00
  4885.000  1.16706e+00
  4890.000  1.20837e+00
  4895.000  1.24164e+00
  4900.000  1.28086e+00
  4905.000  1.31145e+00
  4910.000  1.30614e+00
  4915.000  1.29426e+00
  4920.000  1.26704e+00
  4925.000  1.27729e+00
  4930.000  1.30613e+00
  4935.000  1.29991e+00
  4940.000  1.31517e+00
  4945.000  1.33347e+00
  4950.000  1.32820e+00
  4955.000  1.29974e+00
  4960.000  1.27990e+00
  4965.000  1.29831e+00
  4970.000  1.30338e+00
  4975.000  1.30803e+00
  4980.000  1.29571e+00
  4985.000  1.28966e+00
  4990.000  1.29355e+00
  4995.000  1.27868e+00
  5000.000  1.27906e+00
  5005.000  1.26720e+00
  5010.000  1.25769e+00
  5015.000  1.24783e+00
  5020.000  1.22922e+00
  5025.000  1.24532e+00
  5030.000  1.24898e+00
  5035.000  1.25458e+00
  5040.000  1.24425e+00
  5045.000  1.23700e+00
  5050.000  1.23499e+00
  5055.000  1.23466e+00
  5060.000  1.25545e+00
  5065.000  1.26082e+00
  5070.000  1.26042e+00
  5075.000  1.25506e+00
  5080.000  1.25040e+00
  5085.000  1.24490e+00
  5090.000  1.23554e+00
  5095.000  1.22983e+00
  5100.000  1.22871e+00
  5105.000  1.22734e+00
  5110.000  1.22547e+00
  5115.000  1.22644e+00
  5120.000  1.22952e+00
  5125.000  1.22430e+00
  5130.000  1.21472e+00
  5135.000  1.21513e+00
  5140.000  1.20585e+00
  5145.000  1.21011e+00
  5150.000  1.21284e+00
  5155.000  1.20909e+00
  5160.000  1.19216e+00
  5165.000  1.15937e+00
  5170.000  1.13192e+00
  5175.000  1.14453e+00
  5180.000  1.14560e+00
  5185.000  1.13753e+00
  5190.000  1.14582e+00
  5195.000  1.14489e+00
  5200.000  1.15161e+00
  5205.000  1.14381e+00
  5210.000  1.14963e+00
  5215.000  1.15836e+00
  5220.000  1.15681e+00
  5225.000  1.14031e+00
  5230.000  1.11951e+00
  5235.000  1.12532e+00
  5240.000  1.13663e+00
  5245.000  1.14928e+00
  5250.000  1.14606e+00
  5255.000  1.13404e+00
  5260.000  1.11834e+00
  5265.000  1.08757e+00
  5270.000  1.07330e+00
  5275.000  1.08183e+00
  5280.000  1.09968e+00
  5285.000  1.11635e+00
  5290.000  1.12502e+00
  5295.000  1.12575e+00
  5300.000  1.11242e+00
  5305.000  1.10075e+00
  5310.000  1.09365e+00
  5315.000  1.08519e+00
  5320.000  1.09003e+00
  5325.000  1.09073e+00
  5330.000  1.08811e+00
  5335.000  1.08675e+00
  5340.000  1.08067e+00
  5345.000  1.09106e+00
  5350.000  1.08587e+00
  5355.000  1.08514e+00
  5360.000  1.07559e+00
  5365.000  1.06070e+00
  5370.000  1.06076e+00
  5375.000  1.07021e+00
  5380.000  1.07600e+00
  5385.000  1.07260e+00
  5390.000  1.07189e+00
  5395.000  1.07204e+00
  5400.000  1.06539e+00
  5405.000  1.05946e+00
  5410.000  1.06430e+00
  5415.000  1.07266e+00
  5420.000  1.07001e+00
  5425.000  1.06413e+00
  5430.000  1.06105e+00
  5435.000  1.06128e+00
  5440.000  1.05481e+00
  5445.000  1.04079e+00
  5450.000  1.04812e+00
  5455.000  1.04776e+00
  5460.000  1.05014e+00
  5465.000  1.03790e+00
  5470.000  1.02673e+00
  5475.000  1.02747e+00
  5480.000  1.02918e+00
  5485.000  1.03811e+00
  5490.000  1.03985e+00
  5495.000  1.03594e+00
  5500.000  1.02990e+00
  5505.000  1.01537e+00
  5510.000  1.01259e+00
  5515.000  1.01819e+00
  5520.000  1.02468e+00
  5525.000  1.01828e+00
  5530.000  1.01394e+00
  5535.000  1.00001e+00
  5540.000  9.92994e-01
  5545.000  1.00218e+00
  5550.000  1.02040e+00
  5555.000  1.01669e+00
  5560.000  1.00819e+00
  5565.000  1.00659e+00
  5570.000  1.00429e+00
  5575.000  9.99020e-01
  5580.000  9.91342e-01
  5585.000  9.80822e-01
  5590.000  9.72951e-01
  5595.000  9.71359e-01
  5600.000  9.70222e-01
  5605.000  9.65264e-01
  5610.000  9.63473e-01
  5615.000  9.59335e-01
  5620.000  9.49884e-01
  5625.000  9.55438e-01
  5630.000  9.59336e-01
  5635.000  9.63351e-01
  5640.000  9.67293e-01
  5645.000  9.62111e-01
  5650.000  9.57967e-01
  5655.000  9.47348e-01
  5660.000  9.40532e-01
  5665.000  9.40900e-01
  5670.000  9.47240e-01
  5675.000  9.54270e-01
  5680.000  9.46739e-01
  5685.000  9.41479e-01
  5690.000  9.37734e-01
  5695.000  9.33955e-01
  5700.000  9.25900e-01
  5705.000  9.21537e-01
  5710.000  9.20176e-01
  5715.000  9.20448e-01
  5720.000  9.20205e-01
  5725.000  9.26720e-01
  5730.000  9.24601e-01
  5735.000  9.20002e-01
  5740.000  9.16826e-01
  5745.000  9.11793e-01
  5750.000  9.18184e-01
  5755.000  9.11167e-01
  5760.000  9.05681e-01
  5765.000  9.01511e-01
  5770.000  8.93374e-01
  5775.000  8.86966e-01
  5780.000  8.92515e-01
  5785.000  8.96204e-01
  5790.000  8.94192e-01
  5795.000  8.84161e-01
  5800.000  8.88103e-01
  5805.000  8.93782e-01
  5810.000  8.90725e-01
  5815.000  8.90323e-01
  5820.000  8.96207e-01
  5825.000  9.02780e-01
  5830.000  8.97926e-01
  5835.000  8.94476e-01
  5840.000  8.87762e-01
  5845.000  8.79555e-01
  5850.000  8.82336e-01
  5855.000  8.82397e-01
  5860.000  8.82653e-01
  5865.000  8.74496e-01
  5870.000  8.75283e-01
  5875.000  8.59686e-01
  5880.000  8.46118e-01
  5885.000  8.34226e-01
  5890.000  8.20027e-01
  5895.000  8.23500e-01
  5900.000  8.36927e-01
  5905.000  8.36302e-01
  5910.000  8.36761e-01
  5915.000  8.32769e-01
  5920.000  8.31156e-01
  5925.000  8.31351e-01
  5930.000  8.34779e-01
  5935.000  8.39275e-01
  5940.000  8.30127e-01
  5945.000  8.21173e-01
  5950.000  8.17722e-01
  5955.000  8.19390e-01
  5960.000  8.21378e-01
  5965.000  8.23308e-01
  5970.000  8.16948e-01
  5975.000  8.18003e-01
  5980.000  8.19242e-01
  5985.000  8.09964e-01
  5990.000  8.09040e-01
  5995.000  8.09799e-01
  6000.000  8.07166e-01
  6005.000  7.99620e-01
  6010.000  7.94678e-01
  6015.000  7.89760e-01
  6020.000  7.90704e-01
  6025.000  7.98498e-01
  6030.000  7.93710e-01
  6035.000  7.90628e-01
  6040.000  7.93198e-01
  6045.000  7.89809e-01
  6050.000  7.89083e-01
  6055.000  7.88334e-01
  6060.000  7.91044e-01
  6065.000  7.87863e-01
  6070.000  7.85839e-01
  6075.000  7.78388e-01
  6080.000  7.74638e-01
  6085.000  7.74054e-01
  6090.000  7.70385e-01
  6095.000  7.69875e-01
  6100.000  7.65296e-01
  6105.000  7.64287e-01
  6110.000  7.70513e-01
  6115.000  7.69573e-01
  6120.000  7.60601e-01
  6125.000  7.53087e-01
  6130.000  7.50813e-01
  6135.000  7.46198e-01
  6140.000  7.40207e-01
  6145.000  7.40918e-01
  6150.000  7.45500e-01
  6155.000  7.44052e-01
  6160.000  7.40654e-01
  6165.000  7.43308e-01
  6170.000  7.37733e-01
  6175.000  7.41267e-01
  6180.000  7.47425e-01
  6185.000  7.42220e-01
  6190.000  7.40215e-01
  6195.000  7.40021e-01
  6200.000  7.42071e-01
  6205.000  7.41384e-01
  6210.000  7.40159e-01
  6215.000  7.36055e-01
  6220.000  7.35019e-01
  6225.000  7.33322e-01
  6230.000  7.24046e-01
  6235.000  7.20273e-01
  6240.000  7.18369e-01
  6245.000  7.17772e-01
  6250.000  7.19768e-01
  6255.000  7.25595e-01
  6260.000  7.22764e-01
  6265.000  7.14641e-01
  6270.000  7.14380e-01
  6275.000  7.05698e-01
  6280.000  6.93184e-01
  6285.000  7.00322e-01
  6290.000  7.03703e-01
  6295.000  7.05912e-01
  6300.000  7.03097e-01
  6305.000  7.02661e-01
  6310.000  7.04309e-01
  6315.000  6.99221e-01
  6320.000  7.00137e-01
  6325.000  7.01407e-01
  6330.000  7.00079e-01
  6335.000  6.99093e-01
  6340.000  6.96667e-01
  6345.000  6.92668e-01
  6350.000  6.92974e-01
  6355.000  6.99511e-01
  6360.000  6.97571e-01
  6365.000  6.91511e-01
  6370.000  6.84130e-01
  6375.000  6.83151e-01
  6380.000  6.81042e-01
  6385.000  6.82199e-01
  6390.000  6.83973e-01
  6395.000  6.87031e-01
  6400.000  6.86600e-01
  6405.000  6.85154e-01
  6410.000  6.79095e-01
  6415.000  6.70386e-01
  6420.000  6.66859e-01
  6425.000  6.68739e-01
  6430.000  6.67041e-01
  6435.000  6.67499e-01
  6440.000  6.68261e-01
  6445.000  6.70465e-01
  6450.000  6.64738e-01
  6455.000  6.54357e-01
  6460.000  6.53673e-01
  6465.000  6.53233e-01
  6470.000  6.55199e-01
  6475.000  6.54367e-01
  6480.000  6.53806e-01
  6485.000  6.49737e-01
  6490.000  6.42649e-01
  6495.000  6.30319e-01
  6500.000  6.37310e-01
  6505.000  6.42806e-01
  6510.000  6.39231e-01
  6515.000  6.30404e-01
  6520.000  6.29543e-01
  6525.000  6.28834e-01
  6530.000  6.19271e-01
  6535.000  6.08376e-01
  6540.000  5.96827e-01
  6545.000  5.73092e-01
  6550.000  5.37783e-01
  6555.000  4.88401e-01
  6560.000  4.22566e-01
  6565.000  4.19721e-01
  6570.000  4.80456e-01
  6575.000  5.25287e-01
  6580.000  5.58373e-01
  6585.000  5.79478e-01
  6590.000  5.93256e-01
  6595.000  6.04904e-01
  6600.000  6.13373e-01
  6605.000  6.16067e-01
  6610.000  6.17489e-01
  6615.000  6.19764e-01
  6620.000  6.23600e-01
  6625.000  6.22566e-01
  6630.000  6.22501e-01
  6635.000  6.20274e-01
  6640.000  6.18704e-01
  6645.000  6.18827e-01
  6650.000  6.18339e-01
  6655.000  6.15435e-01
  6660.000  6.14241e-01
  6665.000  6.12826e-01
  6670.000  6.11105e-01
  6675.000  6.08152e-01
  6680.000  6.07157e-01
  6685.000  6.09619e-01
  6690.000  6.11048e-01
  6695.000  6.10370e-01
  6700.000  6.10322e-01
  6705.000  6.10150e-01
  6710.000  6.10758e-01
  6715.000  6.05944e-01
  6720.000  6.03146e-01
  6725.000  6.00157e-01
  6730.000  5.97800e-01
  6735.000  6.00734e-01
  6740.000  6.02451e-01
  6745.000  6.00725e-01
  6750.000  5.98445e-01
  6755.000  5.94431e-01
  6760.000  5.93684e-01
  6765.000  5.94086e-01
  6770.000  5.91749e-01
  6775.000  5.93756e-01
  6780.000  5.95114e-01
  6785.000  5.91586e-01
  6790.000  5.91922e-01
  6795.000  5.92987e-01
  6800.000  5.94583e-01
  6805.000  5.95402e-01
  6810.000  5.95391e-01
  6815.000  5.95446e-01
  6820.000  5.91389e-01
  6825.000  5.86780e-01
  6830.000  5.81491e-01
  6835.000  5.79413e-01
  6840.000  5.86007e-01
  6845.000  5.87767e-01
  6850.000  5.87971e-01
  6855.000  5.84908e-01
  6860.000  5.79320e-01
  6865.000  5.73999e-01
  6870.000  5.71738e-01
  6875.000  5.73184e-01
  6880.000  5.76449e-01
  6885.000  5.78400e-01
  6890.000  5.76706e-01
  6895.000  5.71301e-01
  6900.000  5.64215e-01
  6905.000  5.58172e-01
  6910.000  5.55111e-01
  6915.000  5.55465e-01
  6920.000  5.58307e-01
  6925.000  5.62087e-01
  6930.000  5.65406e-01
  6935.000  5.67551e-01
  6940.000  5.68567e-01
  6945.000  5.68825e-01
  6950.000  5.68465e-01
  6955.000  5.67156e-01
  6960.000  5.64449e-01
  6965.000  5.60715e-01
  6970.000  5.57251e-01
  6975.000  5.53110e-01
  6980.000  5.51037e-01
  6985.000  5.51092e-01
  6990.000  5.49373e-01
  6995.000  5.47174e-01
  7000.000  5.41044e-01
  7005.000  5.34440e-01
  7010.000  5.34970e-01
  7015.000  5.35926e-01
  7020.000  5.38435e-01
  7025.000  5.37899e-01
  7030.000  5.36644e-01
  7035.000  5.35311e-01
  7040.000  5.34821e-01
  7045.000  5.36892e-01
  7050.000  5.39950e-01
  7055.000  5.39744e-01
  7060.000  5.37524e-01
  7065.000  5.33812e-01
  7070.000  5.35580e-01
  7075.000  5.35538e-01
  7080.000  5.32335e-01
  7085.000  5.32358e-01
  7090.000  5.26514e-01
  7095.000  5.23234e-01
  7100.000  5.20974e-01
  7105.000  5.21009e-01
  7110.000  5.20238e-01
  7115.000  5.23149e-01
  7120.000  5.23258e-01
  7125.000  5.21640e-01
  7130.000  5.21528e-01
  7135.000  5.21185e-01
  7140.000  5.24169e-01
  7145.000  5.26380e-01
  7150.000  5.29612e-01
  7155.000  5.32603e-01
  7160.000  5.29114e-01
  7165.000  5.20269e-01
  7170.000  5.12847e-01
  7175.000  5.03903e-01
  7180.000  4.97024e-01
  7185.000  4.85342e-01
  7190.000  4.83711e-01
  7195.000  4.85060e-01
  7200.000  4.81241e-01
  7205.000  4.82918e-01
  7210.000  4.94868e-01
  7215.000  5.03274e-01
  7220.000  5.05275e-01
  7225.000  5.03613e-01
  7230.000  5.02572e-01
  7235.000  4.92556e-01
  7240.000  4.88113e-01
  7245.000  4.86000e-01
  7250.000  4.84049e-01
  7255.000  4.83236e-01
  7260.000  4.87080e-01
  7265.000  4.86660e-01
  7270.000  4.86695e-01
  7275.000  4.80004e-01
  7280.000  4.84190e-01
  7285.000  4.87726e-01
  7290.000  4.83869e-01
  7295.000  4.87574e-01
  7300.000  4.89053e-01
  7305.000  4.83120e-01
  7310.000  4.78479e-01
  7315.000  4.80865e-01
  7320.000  4.81206e-01
  7325.000  4.86612e-01
  7330.000  4.85652e-01
  7335.000  4.83940e-01
  7340.000  4.82854e-01
  7345.000  4.77867e-01
  7350.000  4.76947e-01
  7355.000  4.79698e-01
  7360.000  4.80487e-01
  7365.000  4.78655e-01
  7370.000  4.77218e-01
  7375.000  4.74505e-01
  7380.000  4.73858e-01
  7385.000  4.70224e-01
  7390.000  4.68148e-01
  7395.000  4.65181e-01
  7400.000  4.63896e-01
  7405.000  4.59813e-01
  7410.000  4.54811e-01
  7415.000  4.58018e-01
  7420.000  4.62659e-01
  7425.000  4.77515e-01
  7430.000  4.80175e-01
  7435.000  4.78142e-01
  7440.000  4.71134e-01
  7445.000  4.64087e-01
  7450.000  4.63140e-01
  7455.000  4.65906e-01
  7460.000  4.66790e-01
  7465.000  4.68826e-01
  7470.000  4.72409e-01
  7475.000  4.72608e-01
  7480.000  4.72736e-01
  7485.000  4.70511e-01
  7490.000  4.66130e-01
  7495.000  4.60951e-01
  7500.000  4.58579e-01
  7505.000  4.57936e-01
  7510.000  4.54567e-01
  7515.000  4.53764e-01
  7520.000  4.53074e-01
  7525.000  4.50661e-01
  7530.000  4.46686e-01
  7535.000  4.42589e-01
  7540.000  4.42171e-01
  7545.000  4.43794e-01
  7550.000  4.49063e-01
  7555.000  4.48398e-01
  7560.000  4.47732e-01
  7565.000  4.47067e-01
  7570.000  4.46401e-01
  7575.000  4.45736e-01
  7580.000  4.45070e-01
  7585.000  4.44405e-01
  7590.000  4.43739e-01
  7595.000  4.43074e-01
  7600.000  4.42409e-01
  7605.000  4.41743e-01
  7610.000  4.41078e-01
  7615.000  4.40412e-01
  7620.000  4.39746e-01
  7625.000  4.39081e-01
  7630.000  4.38415e-01
  7635.000  4.37750e-01
  7640.000  4.37084e-01
  7645.000  4.36419e-01
  7650.000  4.35754e-01
  7655.000  4.35088e-01
  7660.000  4.34423e-01
  7665.000  4.33757e-01
  7670.000  4.33092e-01
  7675.000  4.32426e-01
  7680.000  4.31761e-01
  7685.000  4.31095e-01
  7690.000  4.30430e-01
  7695.000  4.29764e-01
  7700.000  4.29099e-01
  7705.000  4.28433e-01
  7710.000  4.27768e-01
  7715.000  4.27102e-01
  7720.000  4.26437e-01
  7725.000  4.25771e-01
  7730.000  4.25106e-01
  7735.000  4.24143e-01
  7740.000  4.26595e-01
  7745.000  4.29951e-01
  7750.000  4.32665e-01
  7755.000  4.32438e-01
  7760.000  4.24903e-01
  7765.000  4.14380e-01
  7770.000  3.98708e-01
  7775.000  3.89423e-01
  7780.000  3.98075e-01
  7785.000  4.05164e-01
  7790.000  4.13296e-01
  7795.000  4.18305e-01
  7800.000  4.19467e-01
  7805.000  4.14705e-01
  7810.000  4.09694e-01
  7815.000  4.05821e-01
  7820.000  4.05271e-01
  7825.000  4.06328e-01
  7830.000  4.04572e-01
  7835.000  4.03196e-01
  7840.000  4.02479e-01
  7845.000  4.02988e-01
  7850.000  4.06423e-01
  7855.000  4.10627e-01
  7860.000  4.13871e-01
  7865.000  4.11832e-01
  7870.000  4.06298e-01
  7875.000  4.00542e-01
  7880.000  3.98149e-01
  7885.000  4.00331e-01
  7890.000  3.99704e-01
  7895.000  3.96336e-01
  7900.000  3.91398e-01
  7905.000  3.87894e-01
  7910.000  3.84940e-01
  7915.000  3.84226e-01
  7920.000  3.88726e-01
  7925.000  3.94165e-01
  7930.000  3.96043e-01
  7935.000  3.96798e-01
  7940.000  3.97301e-01
  7945.000  3.93925e-01
  7950.000  3.92737e-01
  7955.000  3.90204e-01
  7960.000  3.86292e-01
  7965.000  3.87503e-01
  7970.000  3.89226e-01
  7975.000  3.91901e-01
  7980.000  3.92467e-01
  7985.000  3.90567e-01
  7990.000  3.87253e-01
  7995.000  3.82176e-01
  8000.000  3.79086e-01
  8005.000  3.79708e-01
  8010.000  3.83871e-01
  8015.000  3.84216e-01
  8020.000  3.83190e-01
  8025.000  3.82197e-01
  8030.000  3.81118e-01
  8035.000  3.80607e-01
  8040.000  3.80272e-01
  8045.000  3.78203e-01
  8050.000  3.78155e-01
  8055.000  3.78407e-01
  8060.000  3.77186e-01
  8065.000  3.77170e-01
  8070.000  3.74676e-01
  8075.000  3.72887e-01
  8080.000  3.71592e-01
  8085.000  3.70225e-01
  8090.000  3.69734e-01
  8095.000  3.70171e-01
  8100.000  3.69300e-01
  8105.000  3.69297e-01
  8110.000  3.68413e-01
  8115.000  3.68206e-01
  8120.000  3.67725e-01
  8125.000  3.68951e-01
  8130.000  3.69380e-01
  8135.000  3.67781e-01
  8140.000  3.67186e-01
  8145.000  3.64172e-01
  8150.000  3.62099e-01
  8155.000  3.57799e-01
  8160.000  3.54240e-01
  8165.000  3.50469e-01
  8170.000  3.51481e-01
  8175.000  3.50591e-01
  8180.000  3.46264e-01
  8185.000  3.48204e-01
  8190.000  3.47708e-01
  8195.000  3.46398e-01
  8200.000  3.48218e-01
  8205.000  3.51211e-01
  8210.000  3.52505e-01
  8215.000  3.49487e-01
  8220.000  3.48096e-01
  8225.000  3.42935e-01
  8230.000  3.36653e-01
  8235.000  3.42294e-01
  8240.000  3.47018e-01
  8245.000  3.46610e-01
  8250.000  3.46629e-01
  8255.000  3.45569e-01
  8260.000  3.45200e-01
  8265.000  3.45378e-01
  8270.000  3.44795e-01
  8275.000  3.40846e-01
  8280.000  3.40411e-01
  8285.000  3.39849e-01
  8290.000  3.38866e-01
  8295.000  3.38935e-01
  8300.000  3.38655e-01
  8305.000  3.39125e-01
  8310.000  3.39234e-01
  8315.000  3.37835e-01
  8320.000  3.36317e-01
  8325.000  3.35642e-01
  8330.000  3.33831e-01
  8335.000  3.31392e-01
  8340.000  3.32956e-01
  8345.000  3.33618e-01
  8350.000  3.34456e-01
  8355.000  3.34545e-01
  8360.000  3.33838e-01
  8365.000  3.33536e-01
  8370.000  3.33783e-01
  8375.000  3.33484e-01
  8380.000  3.33710e-01
  8385.000  3.33971e-01
  8390.000  3.35651e-01
  8395.000  3.38652e-01
  8400.000  3.38887e-01
  8405.000  3.37436e-01
  8410.000  3.34790e-01
  8415.000  3.32550e-01
  8420.000  3.30140e-01
  8425.000  3.29665e-01
  8430.000  3.28294e-01
  8435.000  3.26334e-01
  8440.000  3.24807e-01
  8445.000  3.22241e-01
  8450.000  3.21299e-01
  8455.000  3.22937e-01
  8460.000  3.21188e-01
  8465.000  3.20243e-01
  8470.000  3.20020e-01
  8475.000  3.24615e-01
  8480.000  3.27651e-01
  8485.000  3.28454e-01
  8490.000  3.27604e-01
  8495.000  3.19775e-01
  8500.000  3.13657e-01
  8505.000  3.16995e-01
  8510.000  3.19943e-01
  8515.000  3.20935e-01
  8520.000  3.22646e-01
  8525.000  3.21892e-01
  8530.000  3.20441e-01
  8535.000  3.17428e-01
  8540.000  3.06195e-01
  8545.000  3.04226e-01
  8550.000  3.15436e-01
  8555.000  3.19959e-01
  8560.000  3.23783e-01
  8565.000  3.26131e-01
  8570.000  3.26355e-01
  8575.000  3.28135e-01
  8580.000  3.26512e-01
  8585.000  3.20955e-01
  8590.000  3.15646e-01
  8595.000  3.07900e-01
  8600.000  3.05332e-01
  8605.000  3.10556e-01
  8610.000  3.15265e-01
  8615.000  3.20188e-01
  8620.000  3.24225e-01
  8625.000  3.28378e-01
  8630.000  3.30562e-01
  8635.000  3.32462e-01
  8640.000  3.29779e-01
  8645.000  3.24443e-01
  8650.000  3.16480e-01
  8655.000  3.05437e-01
  8660.000  2.91399e-01
  8665.000  2.83911e-01
  8670.000  2.93580e-01
  8675.000  3.04142e-01
  8680.000  3.11222e-01
  8685.000  3.17531e-01
  8690.000  3.23097e-01
  8695.000  3.28534e-01
  8700.000  3.32551e-01
  8705.000  3.35980e-01
  8710.000  3.35449e-01
  8715.000  3.34382e-01
  8720.000  3.31834e-01
  8725.000  3.26590e-01
  8730.000  3.19705e-01
  8735.000  3.13121e-01
  8740.000  3.02697e-01
  8745.000  2.91637e-01
  8750.000  2.83051e-01
  8755.000  2.86840e-01
  8760.000  2.95058e-01
  8765.000  3.05391e-01
  8770.000  3.13399e-01
  8775.000  3.20819e-01
  8780.000  3.25067e-01
  8785.000  3.25633e-01
  8790.000  3.23245e-01
  8795.000  3.20849e-01
  8800.000  3.20455e-01
  8805.000  3.18317e-01
  8810.000  3.17303e-01
  8815.000  3.19069e-01
  8820.000  3.17798e-01
  8825.000  3.13394e-01
  8830.000  3.08835e-01
  8835.000  3.03835e-01
  8840.000  2.98556e-01
  8845.000  2.92351e-01
  8850.000  2.86528e-01
  8855.000  2.78755e-01
  8860.000  2.68425e-01
  8865.000  2.65380e-01
  8870.000  2.72028e-01
  8875.000  2.78528e-01
  8880.000  2.83897e-01
  8885.000  2.90511e-01
  8890.000  2.98506e-01
  8895.000  3.04563e-01
  8900.000  3.08343e-01
  8905.000  3.11706e-01
  8910.000  3.11123e-01
  8915.000  3.11170e-01
  8920.000  3.11989e-01
  8925.000  3.12087e-01
  8930.000  3.12955e-01
  8935.000  3.14670e-01
  8940.000  3.16939e-01
  8945.000  3.16124e-01
  8950.000  3.12396e-01
  8955.000  3.12095e-01
  8960.000  3.14041e-01
  8965.000  3.10166e-01
  8970.000  3.07923e-01
  8975.000  3.06201e-01
  8980.000  3.01796e-01
  8985.000  2.94858e-01
  8990.000  2.83413e-01
  8995.000  2.79769e-01
  9000.000  2.72034e-01
  9005.000  2.62097e-01
  9010.000  2.53052e-01
  9015.000  2.45109e-01
  9020.000  2.51688e-01
  9025.000  2.64379e-01
  9030.000  2.77909e-01
  9035.000  2.90012e-01
  9040.000  2.96040e-01
  9045.000  3.00412e-01
  9050.000  3.01417e-01
  9055.000  3.00214e-01
  9060.000  2.96211e-01
  9065.000  2.93551e-01
  9070.000  2.92730e-01
  9075.000  2.92184e-01
  9080.000  2.91097e-01
  9085.000  2.94634e-01
  9090.000  2.90681e-01
  9095.000  2.94194e-01
  9100.000  2.96584e-01
  9105.000  2.98517e-01
  9110.000  2.98207e-01
  9115.000  3.00018e-01
  9120.000  2.99387e-01
  9125.000  3.02521e-01
  9130.000  2.99699e-01
  9135.000  2.96778e-01
  9140.000  2.98438e-01
  9145.000  2.99888e-01
  9150.000  2.95779e-01
  9155.000  2.90096e-01
  9160.000  2.89554e-01
  9165.000  2.92087e-01
  9170.000  2.91583e-01
  9175.000  2.86811e-01
  9180.000  2.89649e-01
  9185.000  2.89378e-01
  9190.000  2.87826e-01
  9195.000  2.84289e-01
  9200.000  2.80778e-01
  9205.000  2.73752e-01
  9210.000  2.65499e-01
  9215.000  2.55296e-01
  9220.000  2.46236e-01
  9225.000  2.35489e-01
  9230.000  2.29279e-01
  9235.000  2.35320e-01
  9240.000  2.45118e-01
  9245.000  2.51948e-01
  9250.000  2.60276e-01
  9255.000  2.67141e-01
  9260.000  2.72605e-01
  9265.000  2.80979e-01
  9270.000  2.86956e-01
  9275.000  2.92401e-01
  9280.000  2.93032e-01
  9285.000  2.97640e-01
  9290.000  2.97801e-01
  9295.000  2.96919e-01
  9300.000  2.92532e-01
  9305.000  2.90596e-01
  9310.000  2.89699e-01
  9315.000  2.82196e-01
  9320.000  2.78936e-01
  9325.000  2.80285e-01
  9330.000  2.85596e-01
  9335.000  2.84301e-01
  9340.000  2.78302e-01
  9345.000  2.70476e-01
  9350.000  2.81542e-01
  9355.000  2.72408e-01
  9360.000  2.70085e-01
  9365.000  2.79778e-01
  9370.000  2.71598e-01
  9375.000  2.78672e-01
  9380.000  2.79856e-01
  9385.000  2.87190e-01
  9390.000  2.94395e-01
  9395.000  3.05062e-01
  9400.000  2.97983e-01
  9405.000  2.89533e-01
  9410.000  2.79442e-01
  9415.000  2.77979e-01
  9420.000  2.71946e-01
  9425.000  2.67637e-01
  9430.000  2.59778e-01
  9435.000  2.70679e-01
  9440.000  2.61669e-01
  9445.000  2.63312e-01
  9450.000  2.72717e-01
  9455.000  2.68790e-01
  9460.000  2.62298e-01
  9465.000  2.71476e-01
  9470.000  2.77584e-01
  9475.000  2.74504e-01
  9480.000  2.69961e-01
  9485.000  2.69949e-01
  9490.000  2.74689e-01
  9495.000  2.59049e-01
  9500.000  2.50714e-01
  9505.000  2.58511e-01
  9510.000  2.67753e-01
  9515.000  2.57643e-01
  9520.000  2.46429e-01
  9525.000  2.42203e-01
  9530.000  2.36495e-01
  9535.000  2.33434e-01
  9540.000  2.21064e-01
  9545.000  2.07011e-01
  9550.000  2.15606e-01
  9555.000  2.25720e-01
  9560.000  2.33028e-01
  9565.000  2.34706e-01
  9570.000  2.42555e-01
  9575.000  2.52101e-01
  9580.000  2.48093e-01
  9585.000  2.50039e-01
  9590.000  2.47455e-01
  9595.000  2.47837e-01
  9600.000  2.50688e-01
  9605.000  2.51352e-01
  9610.000  2.51316e-01
  9615.000  2.52356e-01
  9620.000  2.47792e-01
  9625.000  2.52458e-01
  9630.000  2.48502e-01
  9635.000  2.48502e-01
  9640.000  2.47497e-01
  9645.000  2.47825e-01
  9650.000  2.50086e-01
  9655.000  2.51085e-01
  9660.000  2.49923e-01
  9665.000  2.48318e-01
  9670.000  2.52952e-01
  9675.000  2.57855e-01
  9680.000  2.55210e-01
  9685.000  2.55347e-01
  9690.000  2.53284e-01
  9695.000  2.52174e-01
  9700.000  2.48048e-01
  9705.000  2.45471e-01
  9710.000  2.52127e-01
  9715.000  2.48130e-01
  9720.000  2.47217e-01
  9725.000  2.47778e-01
  9730.000  2.48389e-01
  9735.000  2.48271e-01
  9740.000  2.45453e-01
  9745.000  2.45583e-01
  9750.000  2.43203e-01
  9755.000  2.41570e-01
  9760.000  2.42247e-01
  9765.000  2.40700e-01
  9770.000  2.44308e-01
  9775.000  2.43205e-01
  9780.000  2.44660e-01
  9785.000  2.42116e-01
  9790.000  2.37136e-01
  9795.000  2.38421e-01
  9800.000  2.39782e-01
  9805.000  2.37656e-01
  9810.000  2.37891e-01
  9815.000  2.42053e-01
  9820.000  2.40844e-01
  9825.000  2.41173e-01
  9830.000  2.42900e-01
  9835.000  2.41058e-01
  9840.000  2.44078e-01
  9845.000  2.44059e-01
  9850.000  2.42999e-01
  9855.000  2.41045e-01
  9860.000  2.40889e-01
  9865.000  2.41345e-01
  9870.000  2.36865e-01
  9875.000  2.29282e-01
  9880.000  2.29584e-01
  9885.000  2.28320e-01
  9890.000  2.31900e-01
  9895.000  2.30190e-01
  9900.000  2.30092e-01
  9905.000  2.32907e-01
  9910.000  2.35268e-01
  9915.000  2.37449e-01
  9920.000  2.31320e-01
  9925.000  2.33118e-01
  9930.000  2.30235e-01
  9935.000  2.29695e-01
  9940.000  2.31557e-01
  9945.000  2.28452e-01
  9950.000  2.27128e-01
  9955.000  2.38562e-01
  9960.000  2.28081e-01
  9965.000  2.30461e-01
  9970.000  2.24632e-01
  9975.000  2.24103e-01
  9980.000  2.22667e-01
  9985.000  2.23377e-01
  9990.000  2.26705e-01
  9995.000  2.24207e-01
 10000.000  2.22318e-01
 10005.000  2.18718e-01
 10010.000  2.15953e-01
 10015.000  2.12679e-01
 10020.000  2.12695e-01
 10025.000  2.06278e-01
 10030.000  2.01122e-01
 10035.000  1.94981e-01
 10040.000  1.89292e-01
 10045.000  1.84911e-01
 10050.000  1.82537e-01
 10055.000  1.82913e-01
 10060.000  1.89945e-01
 10065.000  1.94673e-01
 10070.000  1.95237e-01
 10075.000  2.03349e-01
 10080.000  2.09619e-01
 10085.000  2.14674e-01
 10090.000  2.14752e-01
 10095.000  2.16117e-01
 10100.000  2.22924e-01
 10105.000  2.21644e-01
 10110.000  2.19571e-01
 10115.000  2.17371e-01
 10120.000  2.15706e-01
 10125.000  2.15091e-01
 10130.000  2.15441e-01
 10135.000  2.16519e-01
 10140.000  2.18089e-01
 10145.000  2.19865e-01
 10150.000  2.21357e-01
 10155.000  2.22023e-01
 10160.000  2.21324e-01
 10165.000  2.19003e-01
 10170.000  2.15945e-01
 10175.000  2.13320e-01
 10180.000  2.12296e-01
 10185.000  2.13623e-01
 10190.000  2.16365e-01
 10195.000  2.19164e-01
 10200.000  2.20664e-01
 10205.000  2.19869e-01
 10210.000  2.17225e-01
 10215.000  2.13541e-01
 10220.000  2.09622e-01
 10225.000  2.06204e-01
 10230.000  2.03730e-01
 10235.000  2.02571e-01
 10240.000  2.03098e-01
 10245.000  2.05415e-01
 10250.000  2.08559e-01
 10255.000  2.11301e-01
 10260.000  2.12414e-01
 10265.000  2.11086e-01
 10270.000  2.08187e-01
 10275.000  2.05005e-01
 10280.000  2.02828e-01
 10285.000  2.02586e-01
 10290.000  2.03777e-01
 10295.000  2.05540e-01
 10300.000  2.07015e-01
 10305.000  2.07531e-01
 10310.000  2.07360e-01
 10315.000  2.07107e-01
 10320.000  2.07016e-01
 10325.000  2.07260e-01
 10330.000  2.07721e-01
 10335.000  2.08207e-01
 10340.000  2.08526e-01
 10345.000  2.08529e-01
 10350.000  2.08248e-01
 10355.000  2.07757e-01
 10360.000  2.07129e-01
 10365.000  2.06441e-01
 10370.000  2.05768e-01
 10375.000  2.05191e-01
 10380.000  2.04788e-01
 10385.000  2.04600e-01
 10390.000  2.04526e-01
 10395.000  2.04424e-01
 10400.000  2.04157e-01
 10405.000  2.03622e-01
 10410.000  2.02872e-01
 10415.000  2.01996e-01
 10420.000  2.01086e-01
 10425.000  2.00228e-01
 10430.000  1.99495e-01
 10435.000  1.98959e-01
 10440.000  1.98690e-01
 10445.000  1.98726e-01
 10450.000  1.98973e-01
 10455.000  1.99306e-01
 10460.000  1.99598e-01
 10465.000  1.99734e-01
 10470.000  1.99638e-01
 10475.000  1.99245e-01
 10480.000  1.98491e-01
 10485.000  1.97368e-01
 10490.000  1.96099e-01
 10495.000  1.94962e-01
 10500.000  1.94236e-01
