# pickles/m0iii  |  Pickles 1998, PASP 110, 863
# columns: wavelength_Angstrom  flam_erg_s_cm2_A (absolute scale arbitrary - ETC renormalizes)
  1150.000  0.00000e+00
  1155.000  0.00000e+00
  1160.000  0.00000e+00
  1165.000  0.00000e+00
  1170.000  0.00000e+00
  1175.000  0.00000e+00
  1180.000  0.00000e+00
  1185.000  0.00000e+00
  1190.000  0.00000e+00
  1195.000  0.00000e+00
  1200.000  0.00000e+00
  1205.000  0.00000e+00
  1210.000  0.00000e+00
  1215.000  0.00000e+00
  1220.000  0.00000e+00
  1225.000  0.00000e+00
  1230.000  0.00000e+00
  1235.000  0.00000e+00
  1240.000  0.00000e+00
  1245.000  0.00000e+00
  1250.000  0.00000e+00
  1255.000  0.00000e+00
  1260.000  0.00000e+00
  1265.000  0.00000e+00
  1270.000  0.00000e+00
  1275.000  0.00000e+00
  1280.000  0.00000e+00
  1285.000  0.00000e+00
  1290.000  0.00000e+00
  1295.000  0.00000e+00
  1300.000  0.00000e+00
  1305.000  0.00000e+00
  1310.000  0.00000e+00
  1315.000  0.00000e+00
  1320.000  0.00000e+00
  1325.000  0.00000e+00
  1330.000  0.00000e+00
  1335.000  0.00000e+00
  1340.000  0.00000e+00
  1345.000  0.00000e+00
  1350.000  0.00000e+00
  1355.000  0.00000e+00
  1360.000  0.00000e+00
  1365.000  0.00000e+00
  1370.000  0.00000e+00
  1375.000  0.00000e+00
  1380.000  0.00000e+00
  1385.000  0.00000e+00
  1390.000  0.00000e+00
  1395.000  0.00000e+00
  1400.000  0.00000e+00
  1405.000  0.00000e+00
  1410.000  0.00000e+00
  1415.000  0.00000e+00
  1420.000  0.00000e+00
  1425.000  0.00000e+00
  1430.000  0.00000e+00
  1435.000  0.00000e+00
  1440.000  0.00000e+00
  1445.000  0.00000e+00
  1450.000  0.00000e+00
  1455.000  0.00000e+00
  1460.000  0.00000e+00
  1465.000  0.00000e+00
  1470.000  0.00000e+00
  1475.000  0.00000e+00
  1480.000  0.00000e+00
  1485.000  0.00000e+00
  1490.000  0.00000e+00
  1495.000  0.00000e+00
  1500.000  0.00000e+00
  1505.000  0.00000e+00
  1510.000  0.00000e+00
  1515.000  0.00000e+00
  1520.000  0.00000e+00
  1525.000  0.00000e+00
  1530.000  0.00000e+00
  1535.000  0.00000e+00
  1540.000  0.00000e+00
  1545.000  0.00000e+00
  1550.000  0.00000e+00
  1555.000  0.00000e+00
  1560.000  0.00000e+00
  1565.000  0.00000e+00
  1570.000  0.00000e+00
  1575.000  0.00000e+00
  1580.000  0.00000e+00
  1585.000  0.00000e+00
  1590.000  0.00000e+00
  1595.000  0.00000e+00
  1600.000  0.00000e+00
  1605.000  0.00000e+00
  1610.000  0.00000e+00
  1615.000  0.00000e+00
  1620.000  0.00000e+00
  1625.000  0.00000e+00
  1630.000  0.00000e+00
  1635.000  0.00000e+00
  1640.000  0.00000e+00
  1645.000  0.00000e+00
  1650.000  0.00000e+00
  1655.000  0.00000e+00
  1660.000  0.00000e+00
  1665.000  0.00000e+00
  1670.000  0.00000e+00
  1675.000  0.00000e+00
  1680.000  0.00000e+00
  1685.000  0.00000e+00
  1690.000  0.00000e+00
  1695.000  0.00000e+00
  1700.000  0.00000e+00
  1705.000  0.00000e+00
  1710.000  0.00000e+00
  1715.000  0.00000e+00
  1720.000  0.00000e+00
  1725.000  0.00000e+00
  1730.000  0.00000e+00
  1735.000  0.00000e+00
  1740.000  0.00000e+00
  1745.000  0.00000e+00
  1750.000  0.00000e+00
  1755.000  0.00000e+00
  1760.000  0.00000e+00
  1765.000  0.00000e+00
  1770.000  0.00000e+00
  1775.000  0.00000e+00
  1780.000  0.00000e+00
  1785.000  0.00000e+00
  1790.000  0.00000e+00
  1795.000  0.00000e+00
  1800.000  0.00000e+00
  1805.000  0.00000e+00
  1810.000  0.00000e+00
  1815.000  0.00000e+00
  1820.000  0.00000e+00
  1825.000  0.00000e+00
  1830.000  0.00000e+00
  1835.000  0.00000e+00
  1840.000  0.00000e+00
  1845.000  0.00000e+00
  1850.000  0.00000e+00
  1855.000  0.00000e+00
  1860.000  0.00000e+00
  1865.000  0.00000e+00
  1870.000  0.00000e+00
  1875.000  0.00000e+00
  1880.000  0.00000e+00
  1885.000  0.00000e+00
  1890.000  0.00000e+00
  1895.000  0.00000e+00
  1900.000  0.00000e+00
  1905.000  0.00000e+00
  1910.000  0.00000e+00
  1915.000  0.00000e+00
  1920.000  0.00000e+00
  1925.000  0.00000e+00
  1930.000  0.00000e+00
  1935.000  0.00000e+00
  1940.000  0.00000e+00
  1945.000  0.00000e+00
  1950.000  0.00000e+00
  1955.000  0.00000e+00
  1960.000  0.00000e+00
  1965.000  0.00000e+00
  1970.000  0.00000e+00
  1975.000  0.00000e+00
  1980.000  0.00000e+00
  1985.000  0.00000e+00
  1990.000  0.00000e+00
  1995.000  0.00000e+00
  2000.000  0.00000e+00
  2005.000  0.00000e+00
  2010.000  1.00000e-06
  2015.000  1.00000e-06
  2020.000  1.00000e-06
  2025.000  1.00000e-06
  2030.000  1.00000e-06
  2035.000  2.00000e-06
  2040.000  2.00000e-06
  2045.000  3.00000e-06
  2050.000  3.00000e-06
  2055.000  4.00000e-06
  2060.000  4.00000e-06
  2065.000  5.00000e-06
  2070.000  6.00000e-06
  2075.000  7.00000e-06
  2080.000  8.00000e-06
  2085.000  9.00000e-06
  2090.000  1.00000e-05
  2095.000  1.10000e-05
  2100.000  1.20000e-05
  2105.000  1.30000e-05
  2110.000  1.50000e-05
  2115.000  1.60000e-05
  2120.000  1.70000e-05
  2125.000  1.80000e-05
  2130.000  2.00000e-05
  2135.000  2.10000e-05
  2140.000  2.20000e-05
  2145.000  2.30000e-05
  2150.000  2.40000e-05
  2155.000  2.50000e-05
  2160.000  2.60000e-05
  2165.000  2.70000e-05
  2170.000  2.80000e-05
  2175.000  2.90000e-05
  2180.000  3.00000e-05
  2185.000  3.20000e-05
  2190.000  3.30000e-05
  2195.000  3.50000e-05
  2200.000  3.60000e-05
  2205.000  3.90000e-05
  2210.000  4.10000e-05
  2215.000  4.40000e-05
  2220.000  4.70000e-05
  2225.000  5.00000e-05
  2230.000  5.40000e-05
  2235.000  5.80000e-05
  2240.000  6.30000e-05
  2245.000  6.90000e-05
  2250.000  7.50000e-05
  2255.000  8.10000e-05
  2260.000  8.80000e-05
  2265.000  9.40000e-05
  2270.000  1.01000e-04
  2275.000  1.08000e-04
  2280.000  1.14000e-04
  2285.000  1.20000e-04
  2290.000  1.26000e-04
  2295.000  1.31000e-04
  2300.000  1.35000e-04
  2305.000  1.38000e-04
  2310.000  1.40000e-04
  2315.000  1.41000e-04
  2320.000  1.41000e-04
  2325.000  1.39000e-04
  2330.000  1.35000e-04
  2335.000  1.30000e-04
  2340.000  1.22000e-04
  2345.000  1.13000e-04
  2350.000  1.02000e-04
  2355.000  8.90000e-05
  2360.000  7.50000e-05
  2365.000  6.20000e-05
  2370.000  5.00000e-05
  2375.000  4.00000e-05
  2380.000  3.50000e-05
  2385.000  3.30000e-05
  2390.000  3.70000e-05
  2395.000  4.70000e-05
  2400.000  6.50000e-05
  2405.000  9.10000e-05
  2410.000  1.26000e-04
  2415.000  1.70000e-04
  2420.000  2.10000e-04
  2425.000  2.22000e-04
  2430.000  1.85000e-04
  2435.000  1.89000e-04
  2440.000  2.90000e-04
  2445.000  2.52000e-04
  2450.000  1.42000e-04
  2455.000  1.53000e-04
  2460.000  1.79000e-04
  2465.000  1.48000e-04
  2470.000  1.13000e-04
  2475.000  8.60000e-05
  2480.000  5.80000e-05
  2485.000  4.00000e-05
  2490.000  5.80000e-05
  2495.000  1.28000e-04
  2500.000  1.75000e-04
  2505.000  1.59000e-04
  2510.000  1.78000e-04
  2515.000  2.05000e-04
  2520.000  1.16000e-04
  2525.000  1.11000e-04
  2530.000  2.50000e-04
  2535.000  2.54000e-04
  2540.000  1.31000e-04
  2545.000  1.08000e-04
  2550.000  5.35000e-04
  2555.000  4.91000e-04
  2560.000  4.50000e-04
  2565.000  3.83000e-04
  2570.000  3.91000e-04
  2575.000  3.69000e-04
  2580.000  4.12000e-04
  2585.000  5.77000e-04
  2590.000  5.54000e-04
  2595.000  3.61000e-04
  2600.000  6.92000e-04
  2605.000  9.62000e-04
  2610.000  1.28800e-03
  2615.000  1.57900e-03
  2620.000  1.42400e-03
  2625.000  8.79000e-04
  2630.000  2.18100e-03
  2635.000  4.29000e-03
  2640.000  3.51600e-03
  2645.000  1.73400e-03
  2650.000  1.40400e-03
  2655.000  1.27800e-03
  2660.000  1.65700e-03
  2665.000  1.06100e-03
  2670.000  6.08000e-04
  2675.000  9.07000e-04
  2680.000  1.62100e-03
  2685.000  1.93100e-03
  2690.000  1.56100e-03
  2695.000  1.34100e-03
  2700.000  2.70800e-03
  2705.000  2.38500e-03
  2710.000  1.95000e-03
  2715.000  1.64900e-03
  2720.000  1.12900e-03
  2725.000  9.32000e-04
  2730.000  1.53100e-03
  2735.000  1.59400e-03
  2740.000  1.05000e-03
  2745.000  1.13700e-03
  2750.000  1.52200e-03
  2755.000  9.33000e-04
  2760.000  1.08500e-03
  2765.000  1.24600e-03
  2770.000  1.41700e-03
  2775.000  1.64100e-03
  2780.000  1.82300e-03
  2785.000  1.76800e-03
  2790.000  1.47500e-03
  2795.000  1.12500e-03
  2800.000  1.11300e-03
  2805.000  1.38300e-03
  2810.000  1.51300e-03
  2815.000  1.63200e-03
  2820.000  1.79900e-03
  2825.000  1.67500e-03
  2830.000  1.41400e-03
  2835.000  1.30100e-03
  2840.000  1.08900e-03
  2845.000  7.46000e-04
  2850.000  5.42000e-04
  2855.000  6.15000e-04
  2860.000  9.49000e-04
  2865.000  1.36900e-03
  2870.000  1.62900e-03
  2875.000  1.63100e-03
  2880.000  1.79400e-03
  2885.000  2.37500e-03
  2890.000  3.29000e-03
  2895.000  4.01000e-03
  2900.000  4.09000e-03
  2905.000  3.53100e-03
  2910.000  3.49500e-03
  2915.000  5.32000e-03
  2920.000  5.70100e-03
  2925.000  3.53800e-03
  2930.000  3.53300e-03
  2935.000  4.49600e-03
  2940.000  3.68900e-03
  2945.000  3.92200e-03
  2950.000  5.61300e-03
  2955.000  7.13700e-03
  2960.000  6.71000e-03
  2965.000  5.17400e-03
  2970.000  5.58400e-03
  2975.000  6.39600e-03
  2980.000  5.29900e-03
  2985.000  5.74200e-03
  2990.000  7.65500e-03
  2995.000  7.37800e-03
  3000.000  6.64900e-03
  3005.000  7.18300e-03
  3010.000  7.52900e-03
  3015.000  6.97300e-03
  3020.000  6.00700e-03
  3025.000  6.62900e-03
  3030.000  8.58300e-03
  3035.000  9.06800e-03
  3040.000  8.45500e-03
  3045.000  7.78600e-03
  3050.000  7.36900e-03
  3055.000  7.94800e-03
  3060.000  9.69200e-03
  3065.000  1.03280e-02
  3070.000  1.00790e-02
  3075.000  1.13740e-02
  3080.000  1.26570e-02
  3085.000  1.22360e-02
  3090.000  1.07590e-02
  3095.000  1.12100e-02
  3100.000  1.60470e-02
  3105.000  1.95480e-02
  3110.000  2.07730e-02
  3115.000  2.89150e-02
  3120.000  3.35380e-02
  3125.000  2.36980e-02
  3130.000  2.19840e-02
  3135.000  2.78760e-02
  3140.000  1.92800e-02
  3145.000  1.58400e-02
  3150.000  2.65300e-02
  3155.000  2.17990e-02
  3160.000  2.52850e-02
  3165.000  3.12460e-02
  3170.000  4.44550e-02
  3175.000  4.95390e-02
  3180.000  3.77510e-02
  3185.000  2.72600e-02
  3190.000  2.92080e-02
  3195.000  2.68690e-02
  3200.000  2.72390e-02
  3205.000  3.62290e-02
  3210.000  3.87650e-02
  3215.000  2.60730e-02
  3220.000  2.02120e-02
  3225.000  2.27840e-02
  3230.000  2.26590e-02
  3235.000  1.60420e-02
  3240.000  1.65670e-02
  3245.000  4.25990e-02
  3250.000  5.70600e-02
  3255.000  4.18830e-02
  3260.000  3.86100e-02
  3265.000  4.56270e-02
  3270.000  4.31470e-02
  3275.000  4.04630e-02
  3280.000  4.28750e-02
  3285.000  4.82870e-02
  3290.000  6.22960e-02
  3295.000  7.87530e-02
  3300.000  6.90330e-02
  3305.000  3.91120e-02
  3310.000  2.33410e-02
  3315.000  2.22010e-02
  3320.000  2.66550e-02
  3325.000  3.30220e-02
  3330.000  3.44210e-02
  3335.000  2.72160e-02
  3340.000  2.43790e-02
  3345.000  3.09610e-02
  3350.000  4.06280e-02
  3355.000  3.96560e-02
  3360.000  2.36130e-02
  3365.000  1.14600e-02
  3370.000  1.64390e-02
  3375.000  3.71080e-02
  3380.000  4.68750e-02
  3385.000  3.97240e-02
  3390.000  3.51100e-02
  3395.000  3.73850e-02
  3400.000  4.15750e-02
  3405.000  4.05150e-02
  3410.000  3.58600e-02
  3415.000  3.51480e-02
  3420.000  4.45110e-02
  3425.000  5.96310e-02
  3430.000  6.08660e-02
  3435.000  4.70030e-02
  3440.000  3.13540e-02
  3445.000  3.08830e-02
  3450.000  4.16720e-02
  3455.000  4.46110e-02
  3460.000  4.87400e-02
  3465.000  5.61540e-02
  3470.000  4.51470e-02
  3475.000  3.26540e-02
  3480.000  4.29380e-02
  3485.000  5.45220e-02
  3490.000  5.51260e-02
  3495.000  5.01470e-02
  3500.000  5.00310e-02
  3505.000  5.67010e-02
  3510.000  5.17550e-02
  3515.000  4.30070e-02
  3520.000  3.35570e-02
  3525.000  3.85540e-02
  3530.000  6.11420e-02
  3535.000  8.22260e-02
  3540.000  9.97130e-02
  3545.000  1.07289e-01
  3550.000  8.93800e-02
  3555.000  6.81560e-02
  3560.000  6.58720e-02
  3565.000  5.55660e-02
  3570.000  3.38720e-02
  3575.000  1.99990e-02
  3580.000  2.16630e-02
  3585.000  2.85490e-02
  3590.000  2.81660e-02
  3595.000  2.83120e-02
  3600.000  4.39310e-02
  3605.000  5.26610e-02
  3610.000  4.59760e-02
  3615.000  4.98720e-02
  3620.000  5.65200e-02
  3625.000  5.49370e-02
  3630.000  5.10190e-02
  3635.000  5.76540e-02
  3640.000  7.45390e-02
  3645.000  7.63450e-02
  3650.000  7.73190e-02
  3655.000  1.22965e-01
  3660.000  1.54301e-01
  3665.000  1.08078e-01
  3670.000  8.62450e-02
  3675.000  1.01665e-01
  3680.000  7.25090e-02
  3685.000  5.11850e-02
  3690.000  8.66410e-02
  3695.000  1.38736e-01
  3700.000  1.54117e-01
  3705.000  1.01638e-01
  3710.000  5.89430e-02
  3715.000  6.62590e-02
  3720.000  6.70580e-02
  3725.000  5.63650e-02
  3730.000  3.85490e-02
  3735.000  3.60080e-02
  3740.000  4.65640e-02
  3745.000  3.95910e-02
  3750.000  4.02210e-02
  3755.000  5.71340e-02
  3760.000  5.51790e-02
  3765.000  6.09250e-02
  3770.000  1.09363e-01
  3775.000  1.63329e-01
  3780.000  1.79906e-01
  3785.000  1.34740e-01
  3790.000  8.52860e-02
  3795.000  8.01360e-02
  3800.000  9.83530e-02
  3805.000  1.10633e-01
  3810.000  9.71800e-02
  3815.000  6.94920e-02
  3820.000  4.79880e-02
  3825.000  4.06490e-02
  3830.000  4.17280e-02
  3835.000  4.72180e-02
  3840.000  6.61610e-02
  3845.000  8.58400e-02
  3850.000  7.59980e-02
  3855.000  6.01180e-02
  3860.000  5.91090e-02
  3865.000  5.97900e-02
  3870.000  5.99280e-02
  3875.000  6.56590e-02
  3880.000  5.34450e-02
  3885.000  4.41990e-02
  3890.000  9.33350e-02
  3895.000  1.28595e-01
  3900.000  9.62920e-02
  3905.000  8.96730e-02
  3910.000  1.20780e-01
  3915.000  1.11795e-01
  3920.000  7.83990e-02
  3925.000  5.33910e-02
  3930.000  3.59030e-02
  3935.000  2.94320e-02
  3940.000  3.71880e-02
  3945.000  6.90440e-02
  3950.000  1.00677e-01
  3955.000  8.19800e-02
  3960.000  4.80710e-02
  3965.000  3.60450e-02
  3970.000  4.43370e-02
  3975.000  7.78010e-02
  3980.000  1.25605e-01
  3985.000  1.46568e-01
  3990.000  1.42990e-01
  3995.000  1.70251e-01
  4000.000  2.02530e-01
  4005.000  1.92341e-01
  4010.000  1.87660e-01
  4015.000  2.14360e-01
  4020.000  2.49956e-01
  4025.000  2.30301e-01
  4030.000  1.55378e-01
  4035.000  1.59446e-01
  4040.000  2.20037e-01
  4045.000  2.45672e-01
  4050.000  2.40091e-01
  4055.000  2.06400e-01
  4060.000  1.71422e-01
  4065.000  1.90839e-01
  4070.000  2.46962e-01
  4075.000  2.22035e-01
  4080.000  1.95818e-01
  4085.000  2.83009e-01
  4090.000  3.49408e-01
  4095.000  3.13847e-01
  4100.000  2.73613e-01
  4105.000  2.68176e-01
  4110.000  2.70289e-01
  4115.000  2.58269e-01
  4120.000  2.52429e-01
  4125.000  2.89975e-01
  4130.000  2.99929e-01
  4135.000  2.53617e-01
  4140.000  2.13277e-01
  4145.000  1.99668e-01
  4150.000  2.07875e-01
  4155.000  2.42937e-01
  4160.000  2.72299e-01
  4165.000  2.39717e-01
  4170.000  1.89935e-01
  4175.000  1.84865e-01
  4180.000  2.42579e-01
  4185.000  3.03937e-01
  4190.000  2.97717e-01
  4195.000  2.56620e-01
  4200.000  2.36184e-01
  4205.000  2.69399e-01
  4210.000  2.89409e-01
  4215.000  2.30551e-01
  4220.000  1.54828e-01
  4225.000  1.07554e-01
  4230.000  1.27298e-01
  4235.000  2.01851e-01
  4240.000  2.83156e-01
  4245.000  3.04480e-01
  4250.000  2.62014e-01
  4255.000  2.24392e-01
  4260.000  2.73235e-01
  4265.000  3.41848e-01
  4270.000  2.65782e-01
  4275.000  2.18234e-01
  4280.000  2.91770e-01
  4285.000  2.87247e-01
  4290.000  2.41711e-01
  4295.000  2.65709e-01
  4300.000  2.58681e-01
  4305.000  2.38157e-01
  4310.000  3.20103e-01
  4315.000  3.84376e-01
  4320.000  3.06792e-01
  4325.000  2.98482e-01
  4330.000  4.09493e-01
  4335.000  4.50742e-01
  4340.000  4.70130e-01
  4345.000  5.25744e-01
  4350.000  5.09999e-01
  4355.000  4.86674e-01
  4360.000  5.36171e-01
  4365.000  5.54248e-01
  4370.000  5.10238e-01
  4375.000  4.82384e-01
  4380.000  4.12729e-01
  4385.000  3.24851e-01
  4390.000  3.88583e-01
  4395.000  4.79044e-01
  4400.000  4.03392e-01
  4405.000  3.49652e-01
  4410.000  4.54193e-01
  4415.000  5.81519e-01
  4420.000  6.12798e-01
  4425.000  4.93406e-01
  4430.000  3.98973e-01
  4435.000  4.10639e-01
  4440.000  4.79931e-01
  4445.000  5.24053e-01
  4450.000  4.93394e-01
  4455.000  3.91691e-01
  4460.000  3.15910e-01
  4465.000  3.49098e-01
  4470.000  4.60649e-01
  4475.000  6.00487e-01
  4480.000  6.92807e-01
  4485.000  7.09320e-01
  4490.000  6.46617e-01
  4495.000  6.02582e-01
  4500.000  6.19049e-01
  4505.000  6.36638e-01
  4510.000  6.31274e-01
  4515.000  5.99988e-01
  4520.000  5.51954e-01
  4525.000  4.79749e-01
  4530.000  4.13525e-01
  4535.000  4.58084e-01
  4540.000  5.93676e-01
  4545.000  6.37065e-01
  4550.000  6.10002e-01
  4555.000  6.26995e-01
  4560.000  6.68235e-01
  4565.000  6.85224e-01
  4570.000  6.41877e-01
  4575.000  6.01417e-01
  4580.000  6.09090e-01
  4585.000  6.39327e-01
  4590.000  6.29168e-01
  4595.000  5.65176e-01
  4600.000  5.70039e-01
  4605.000  6.51401e-01
  4610.000  6.95316e-01
  4615.000  7.13621e-01
  4620.000  7.37140e-01
  4625.000  7.23133e-01
  4630.000  6.76397e-01
  4635.000  6.39839e-01
  4640.000  6.29956e-01
  4645.000  6.20002e-01
  4650.000  5.72097e-01
  4655.000  5.88123e-01
  4660.000  7.38759e-01
  4665.000  7.66817e-01
  4670.000  6.84138e-01
  4675.000  6.89673e-01
  4680.000  7.05585e-01
  4685.000  6.83277e-01
  4690.000  7.46620e-01
  4695.000  7.93999e-01
  4700.000  6.78696e-01
  4705.000  5.88845e-01
  4710.000  6.11785e-01
  4715.000  6.81832e-01
  4720.000  7.39723e-01
  4725.000  7.37315e-01
  4730.000  6.86740e-01
  4735.000  6.53509e-01
  4740.000  6.67168e-01
  4745.000  6.95802e-01
  4750.000  7.22103e-01
  4755.000  7.78116e-01
  4760.000  7.75100e-01
  4765.000  6.46861e-01
  4770.000  5.84971e-01
  4775.000  6.18956e-01
  4780.000  6.14628e-01
  4785.000  6.18474e-01
  4790.000  6.85113e-01
  4795.000  7.53278e-01
  4800.000  7.62374e-01
  4805.000  6.86829e-01
  4810.000  6.16677e-01
  4815.000  6.31646e-01
  4820.000  7.45166e-01
  4825.000  8.29872e-01
  4830.000  7.17827e-01
  4835.000  6.47482e-01
  4840.000  7.43252e-01
  4845.000  7.65506e-01
  4850.000  7.23766e-01
  4855.000  7.33991e-01
  4860.000  7.42796e-01
  4865.000  7.28650e-01
  4870.000  7.13790e-01
  4875.000  7.35581e-01
  4880.000  7.61876e-01
  4885.000  6.80608e-01
  4890.000  6.36429e-01
  4895.000  7.84761e-01
  4900.000  9.05413e-01
  4905.000  9.09209e-01
  4910.000  8.81061e-01
  4915.000  8.24070e-01
  4920.000  7.60294e-01
  4925.000  8.16043e-01
  4930.000  8.78517e-01
  4935.000  8.29756e-01
  4940.000  8.41850e-01
  4945.000  9.18437e-01
  4950.000  8.44035e-01
  4955.000  7.00382e-01
  4960.000  6.50798e-01
  4965.000  6.36205e-01
  4970.000  6.46867e-01
  4975.000  6.92071e-01
  4980.000  6.92418e-01
  4985.000  6.58536e-01
  4990.000  6.62146e-01
  4995.000  6.69961e-01
  5000.000  6.20547e-01
  5005.000  5.46718e-01
  5010.000  5.03114e-01
  5015.000  5.38445e-01
  5020.000  6.25558e-01
  5025.000  7.01390e-01
  5030.000  7.20360e-01
  5035.000  6.75399e-01
  5040.000  6.47040e-01
  5045.000  6.29947e-01
  5050.000  6.20355e-01
  5055.000  7.94652e-01
  5060.000  9.25181e-01
  5065.000  7.71405e-01
  5070.000  6.81253e-01
  5075.000  7.32464e-01
  5080.000  7.07032e-01
  5085.000  6.64522e-01
  5090.000  6.62193e-01
  5095.000  6.57349e-01
  5100.000  6.58579e-01
  5105.000  6.81557e-01
  5110.000  7.59618e-01
  5115.000  8.32489e-01
  5120.000  7.52009e-01
  5125.000  6.66486e-01
  5130.000  7.06777e-01
  5135.000  7.39514e-01
  5140.000  6.92770e-01
  5145.000  6.02444e-01
  5150.000  5.73538e-01
  5155.000  6.56376e-01
  5160.000  7.28531e-01
  5165.000  6.76725e-01
  5170.000  5.53778e-01
  5175.000  4.89116e-01
  5180.000  4.98597e-01
  5185.000  5.67931e-01
  5190.000  6.46230e-01
  5195.000  6.84752e-01
  5200.000  6.08071e-01
  5205.000  5.02498e-01
  5210.000  6.05829e-01
  5215.000  7.95369e-01
  5220.000  8.64752e-01
  5225.000  8.01638e-01
  5230.000  7.93896e-01
  5235.000  9.43292e-01
  5240.000  9.76398e-01
  5245.000  7.86359e-01
  5250.000  7.62665e-01
  5255.000  8.90976e-01
  5260.000  8.87529e-01
  5265.000  7.06581e-01
  5270.000  6.14219e-01
  5275.000  8.69200e-01
  5280.000  1.05434e+00
  5285.000  9.53314e-01
  5290.000  9.20201e-01
  5295.000  9.67189e-01
  5300.000  9.96150e-01
  5305.000  1.04937e+00
  5310.000  1.07828e+00
  5315.000  1.02709e+00
  5320.000  9.03500e-01
  5325.000  7.73996e-01
  5330.000  8.07270e-01
  5335.000  9.54263e-01
  5340.000  1.01205e+00
  5345.000  9.68958e-01
  5350.000  9.38905e-01
  5355.000  1.05473e+00
  5360.000  1.11487e+00
  5365.000  1.00789e+00
  5370.000  9.17172e-01
  5375.000  9.40402e-01
  5380.000  1.01125e+00
  5385.000  1.01250e+00
  5390.000  9.51135e-01
  5395.000  9.40393e-01
  5400.000  9.62058e-01
  5405.000  9.38840e-01
  5410.000  9.69886e-01
  5415.000  1.06703e+00
  5420.000  1.10309e+00
  5425.000  1.02732e+00
  5430.000  9.12830e-01
  5435.000  9.90575e-01
  5440.000  1.15190e+00
  5445.000  1.01185e+00
  5450.000  8.30075e-01
  5455.000  8.60932e-01
  5460.000  9.37233e-01
  5465.000  9.55744e-01
  5470.000  9.06495e-01
  5475.000  8.62596e-01
  5480.000  8.86446e-01
  5485.000  9.56698e-01
  5490.000  1.01661e+00
  5495.000  1.02964e+00
  5500.000  9.76963e-01
  5505.000  9.07098e-01
  5510.000  9.06956e-01
  5515.000  9.56288e-01
  5520.000  1.01642e+00
  5525.000  1.03080e+00
  5530.000  1.03400e+00
  5535.000  1.07071e+00
  5540.000  1.09345e+00
  5545.000  1.07275e+00
  5550.000  1.05305e+00
  5555.000  1.05144e+00
  5560.000  1.07047e+00
  5565.000  1.03447e+00
  5570.000  9.76544e-01
  5575.000  9.99018e-01
  5580.000  9.92073e-01
  5585.000  9.03850e-01
  5590.000  9.06015e-01
  5595.000  9.67132e-01
  5600.000  9.59864e-01
  5605.000  9.52655e-01
  5610.000  9.82448e-01
  5615.000  1.04051e+00
  5620.000  1.03583e+00
  5625.000  9.43851e-01
  5630.000  9.31297e-01
  5635.000  9.78783e-01
  5640.000  1.00138e+00
  5645.000  1.06015e+00
  5650.000  1.12016e+00
  5655.000  1.06678e+00
  5660.000  9.84413e-01
  5665.000  9.89448e-01
  5670.000  1.05358e+00
  5675.000  1.11999e+00
  5680.000  1.10375e+00
  5685.000  1.06266e+00
  5690.000  1.06216e+00
  5695.000  1.10112e+00
  5700.000  1.13071e+00
  5705.000  1.10530e+00
  5710.000  1.08992e+00
  5715.000  1.12708e+00
  5720.000  1.13760e+00
  5725.000  1.10195e+00
  5730.000  1.08844e+00
  5735.000  1.11637e+00
  5740.000  1.16431e+00
  5745.000  1.21196e+00
  5750.000  1.22139e+00
  5755.000  1.16377e+00
  5760.000  1.11324e+00
  5765.000  1.13972e+00
  5770.000  1.19549e+00
  5775.000  1.17217e+00
  5780.000  1.04188e+00
  5785.000  1.00315e+00
  5790.000  1.10110e+00
  5795.000  1.19735e+00
  5800.000  1.24180e+00
  5805.000  1.20707e+00
  5810.000  1.13128e+00
  5815.000  1.09304e+00
  5820.000  1.14450e+00
  5825.000  1.19884e+00
  5830.000  1.21300e+00
  5835.000  1.20191e+00
  5840.000  1.19679e+00
  5845.000  1.19374e+00
  5850.000  1.17093e+00
  5855.000  1.12340e+00
  5860.000  1.04730e+00
  5865.000  1.03358e+00
  5870.000  1.07263e+00
  5875.000  1.04140e+00
  5880.000  1.01217e+00
  5885.000  1.01821e+00
  5890.000  9.83559e-01
  5895.000  9.55527e-01
  5900.000  9.57783e-01
  5905.000  9.69775e-01
  5910.000  9.82129e-01
  5915.000  9.97381e-01
  5920.000  9.91581e-01
  5925.000  9.53447e-01
  5930.000  9.66419e-01
  5935.000  1.02780e+00
  5940.000  1.06253e+00
  5945.000  1.02960e+00
  5950.000  9.61138e-01
  5955.000  9.80203e-01
  5960.000  1.04862e+00
  5965.000  1.05892e+00
  5970.000  1.07008e+00
  5975.000  1.08300e+00
  5980.000  1.07294e+00
  5985.000  1.08682e+00
  5990.000  1.12934e+00
  5995.000  1.11321e+00
  6000.000  1.07785e+00
  6005.000  1.09639e+00
  6010.000  1.09202e+00
  6015.000  1.06019e+00
  6020.000  1.09585e+00
  6025.000  1.15909e+00
  6030.000  1.18027e+00
  6035.000  1.14256e+00
  6040.000  1.11548e+00
  6045.000  1.19114e+00
  6050.000  1.22485e+00
  6055.000  1.15124e+00
  6060.000  1.15055e+00
  6065.000  1.22240e+00
  6070.000  1.27973e+00
  6075.000  1.28763e+00
  6080.000  1.25739e+00
  6085.000  1.19013e+00
  6090.000  1.15512e+00
  6095.000  1.22069e+00
  6100.000  1.25285e+00
  6105.000  1.21546e+00
  6110.000  1.20973e+00
  6115.000  1.22684e+00
  6120.000  1.22544e+00
  6125.000  1.24755e+00
  6130.000  1.27247e+00
  6135.000  1.24682e+00
  6140.000  1.22950e+00
  6145.000  1.24948e+00
  6150.000  1.23490e+00
  6155.000  1.16835e+00
  6160.000  1.05144e+00
  6165.000  9.63557e-01
  6170.000  9.31241e-01
  6175.000  9.72657e-01
  6180.000  1.00199e+00
  6185.000  8.93577e-01
  6190.000  8.55387e-01
  6195.000  9.58288e-01
  6200.000  1.01055e+00
  6205.000  9.93026e-01
  6210.000  9.29122e-01
  6215.000  8.48312e-01
  6220.000  7.90747e-01
  6225.000  7.67412e-01
  6230.000  7.74595e-01
  6235.000  8.11974e-01
  6240.000  8.66960e-01
  6245.000  9.14628e-01
  6250.000  8.99635e-01
  6255.000  8.44575e-01
  6260.000  8.30359e-01
  6265.000  9.03540e-01
  6270.000  9.53446e-01
  6275.000  9.39745e-01
  6280.000  9.83609e-01
  6285.000  1.06820e+00
  6290.000  1.07178e+00
  6295.000  1.05145e+00
  6300.000  1.08917e+00
  6305.000  1.11504e+00
  6310.000  1.13086e+00
  6315.000  1.15314e+00
  6320.000  1.13392e+00
  6325.000  1.08581e+00
  6330.000  1.11042e+00
  6335.000  1.17481e+00
  6340.000  1.20742e+00
  6345.000  1.19360e+00
  6350.000  1.15974e+00
  6355.000  1.16966e+00
  6360.000  1.19967e+00
  6365.000  1.20164e+00
  6370.000  1.21112e+00
  6375.000  1.24341e+00
  6380.000  1.28044e+00
  6385.000  1.26566e+00
  6390.000  1.18662e+00
  6395.000  1.19987e+00
  6400.000  1.28060e+00
  6405.000  1.26279e+00
  6410.000  1.24758e+00
  6415.000  1.29941e+00
  6420.000  1.27660e+00
  6425.000  1.22651e+00
  6430.000  1.24878e+00
  6435.000  1.29259e+00
  6440.000  1.28715e+00
  6445.000  1.24366e+00
  6450.000  1.23108e+00
  6455.000  1.31663e+00
  6460.000  1.34680e+00
  6465.000  1.29673e+00
  6470.000  1.27663e+00
  6475.000  1.30410e+00
  6480.000  1.35559e+00
  6485.000  1.31936e+00
  6490.000  1.19988e+00
  6495.000  1.14353e+00
  6500.000  1.19428e+00
  6505.000  1.28251e+00
  6510.000  1.32567e+00
  6515.000  1.33630e+00
  6520.000  1.35747e+00
  6525.000  1.35640e+00
  6530.000  1.34423e+00
  6535.000  1.38738e+00
  6540.000  1.43056e+00
  6545.000  1.40666e+00
  6550.000  1.32432e+00
  6555.000  1.23626e+00
  6560.000  1.22805e+00
  6565.000  1.26587e+00
  6570.000  1.28482e+00
  6575.000  1.28468e+00
  6580.000  1.31640e+00
  6585.000  1.36991e+00
  6590.000  1.30603e+00
  6595.000  1.19433e+00
  6600.000  1.26169e+00
  6605.000  1.33299e+00
  6610.000  1.30720e+00
  6615.000  1.33589e+00
  6620.000  1.33347e+00
  6625.000  1.19855e+00
  6630.000  1.15105e+00
  6635.000  1.23526e+00
  6640.000  1.29172e+00
  6645.000  1.28769e+00
  6650.000  1.24791e+00
  6655.000  1.21299e+00
  6660.000  1.19481e+00
  6665.000  1.17776e+00
  6670.000  1.16933e+00
  6675.000  1.15194e+00
  6680.000  1.14613e+00
  6685.000  1.16291e+00
  6690.000  1.17927e+00
  6695.000  1.18855e+00
  6700.000  1.18161e+00
  6705.000  1.14646e+00
  6710.000  1.13629e+00
  6715.000  1.13136e+00
  6720.000  1.11831e+00
  6725.000  1.13088e+00
  6730.000  1.16055e+00
  6735.000  1.16846e+00
  6740.000  1.16923e+00
  6745.000  1.16908e+00
  6750.000  1.15270e+00
  6755.000  1.15493e+00
  6760.000  1.19117e+00
  6765.000  1.22170e+00
  6770.000  1.24917e+00
  6775.000  1.27241e+00
  6780.000  1.24877e+00
  6785.000  1.17756e+00
  6790.000  1.16209e+00
  6795.000  1.17866e+00
  6800.000  1.13726e+00
  6805.000  1.13948e+00
  6810.000  1.23679e+00
  6815.000  1.28430e+00
  6820.000  1.27124e+00
  6825.000  1.25233e+00
  6830.000  1.24345e+00
  6835.000  1.25411e+00
  6840.000  1.28405e+00
  6845.000  1.29355e+00
  6850.000  1.27057e+00
  6855.000  1.23936e+00
  6860.000  1.23474e+00
  6865.000  1.28125e+00
  6870.000  1.33440e+00
  6875.000  1.34834e+00
  6880.000  1.34192e+00
  6885.000  1.33786e+00
  6890.000  1.34834e+00
  6895.000  1.37386e+00
  6900.000  1.39476e+00
  6905.000  1.34745e+00
  6910.000  1.26905e+00
  6915.000  1.28045e+00
  6920.000  1.33280e+00
  6925.000  1.34285e+00
  6930.000  1.33980e+00
  6935.000  1.33810e+00
  6940.000  1.32151e+00
  6945.000  1.32441e+00
  6950.000  1.37979e+00
  6955.000  1.42803e+00
  6960.000  1.43169e+00
  6965.000  1.41405e+00
  6970.000  1.38111e+00
  6975.000  1.33831e+00
  6980.000  1.30459e+00
  6985.000  1.32458e+00
  6990.000  1.38998e+00
  6995.000  1.44232e+00
  7000.000  1.44020e+00
  7005.000  1.41726e+00
  7010.000  1.38371e+00
  7015.000  1.34104e+00
  7020.000  1.35595e+00
  7025.000  1.39849e+00
  7030.000  1.43765e+00
  7035.000  1.45643e+00
  7040.000  1.46419e+00
  7045.000  1.46198e+00
  7050.000  1.43693e+00
  7055.000  1.38496e+00
  7060.000  1.29779e+00
  7065.000  1.23066e+00
  7070.000  1.27165e+00
  7075.000  1.35282e+00
  7080.000  1.37570e+00
  7085.000  1.29059e+00
  7090.000  1.19749e+00
  7095.000  1.18268e+00
  7100.000  1.20289e+00
  7105.000  1.22015e+00
  7110.000  1.23213e+00
  7115.000  1.24914e+00
  7120.000  1.23975e+00
  7125.000  1.13933e+00
  7130.000  1.01470e+00
  7135.000  9.80889e-01
  7140.000  1.01717e+00
  7145.000  1.04277e+00
  7150.000  1.09224e+00
  7155.000  1.18954e+00
  7160.000  1.23663e+00
  7165.000  1.21006e+00
  7170.000  1.16078e+00
  7175.000  1.14805e+00
  7180.000  1.20447e+00
  7185.000  1.18262e+00
  7190.000  1.13250e+00
  7195.000  1.17239e+00
  7200.000  1.18182e+00
  7205.000  1.14563e+00
  7210.000  1.17165e+00
  7215.000  1.24242e+00
  7220.000  1.30133e+00
  7225.000  1.32873e+00
  7230.000  1.32083e+00
  7235.000  1.27585e+00
  7240.000  1.25926e+00
  7245.000  1.27391e+00
  7250.000  1.24952e+00
  7255.000  1.24620e+00
  7260.000  1.30087e+00
  7265.000  1.34422e+00
  7270.000  1.35501e+00
  7275.000  1.34879e+00
  7280.000  1.34137e+00
  7285.000  1.34231e+00
  7290.000  1.34553e+00
  7295.000  1.36471e+00
  7300.000  1.38423e+00
  7305.000  1.39362e+00
  7310.000  1.40218e+00
  7315.000  1.40768e+00
  7320.000  1.41551e+00
  7325.000  1.42095e+00
  7330.000  1.43165e+00
  7335.000  1.44301e+00
  7340.000  1.45423e+00
  7345.000  1.44597e+00
  7350.000  1.42266e+00
  7355.000  1.38391e+00
  7360.000  1.35578e+00
  7365.000  1.35527e+00
  7370.000  1.37772e+00
  7375.000  1.41575e+00
  7380.000  1.45255e+00
  7385.000  1.47276e+00
  7390.000  1.49292e+00
  7395.000  1.51016e+00
  7400.000  1.52273e+00
  7405.000  1.52179e+00
  7410.000  1.50227e+00
  7415.000  1.49514e+00
  7420.000  1.50473e+00
  7425.000  1.51779e+00
  7430.000  1.52860e+00
  7435.000  1.51869e+00
  7440.000  1.50072e+00
  7445.000  1.48922e+00
  7450.000  1.48037e+00
  7455.000  1.46829e+00
  7460.000  1.46122e+00
  7465.000  1.46748e+00
  7470.000  1.47983e+00
  7475.000  1.48958e+00
  7480.000  1.49836e+00
  7485.000  1.50955e+00
  7490.000  1.52329e+00
  7495.000  1.53785e+00
  7500.000  1.54859e+00
  7505.000  1.55151e+00
  7510.000  1.54735e+00
  7515.000  1.53852e+00
  7520.000  1.52309e+00
  7525.000  1.50053e+00
  7530.000  1.48299e+00
  7535.000  1.48100e+00
  7540.000  1.48924e+00
  7545.000  1.50093e+00
  7550.000  1.51690e+00
  7555.000  1.53802e+00
  7560.000  1.55909e+00
  7565.000  1.57343e+00
  7570.000  1.57351e+00
  7575.000  1.55455e+00
  7580.000  1.52206e+00
  7585.000  1.48474e+00
  7590.000  1.45525e+00
  7595.000  1.44476e+00
  7600.000  1.45275e+00
  7605.000  1.47406e+00
  7610.000  1.49824e+00
  7615.000  1.51458e+00
  7620.000  1.51951e+00
  7625.000  1.51381e+00
  7630.000  1.50254e+00
  7635.000  1.49165e+00
  7640.000  1.48435e+00
  7645.000  1.48141e+00
  7650.000  1.48089e+00
  7655.000  1.48027e+00
  7660.000  1.47738e+00
  7665.000  1.47114e+00
  7670.000  1.46310e+00
  7675.000  1.45547e+00
  7680.000  1.45061e+00
  7685.000  1.45047e+00
  7690.000  1.45404e+00
  7695.000  1.45949e+00
  7700.000  1.46477e+00
  7705.000  1.46803e+00
  7710.000  1.46976e+00
  7715.000  1.47070e+00
  7720.000  1.46988e+00
  7725.000  1.46755e+00
  7730.000  1.46970e+00
  7735.000  1.47920e+00
  7740.000  1.48072e+00
  7745.000  1.46264e+00
  7750.000  1.44702e+00
  7755.000  1.45457e+00
  7760.000  1.46667e+00
  7765.000  1.46275e+00
  7770.000  1.45307e+00
  7775.000  1.45093e+00
  7780.000  1.45149e+00
  7785.000  1.44855e+00
  7790.000  1.44826e+00
  7795.000  1.45687e+00
  7800.000  1.46954e+00
  7805.000  1.48005e+00
  7810.000  1.48789e+00
  7815.000  1.49297e+00
  7820.000  1.49032e+00
  7825.000  1.47538e+00
  7830.000  1.45097e+00
  7835.000  1.42470e+00
  7840.000  1.40649e+00
  7845.000  1.40394e+00
  7850.000  1.41284e+00
  7855.000  1.42422e+00
  7860.000  1.43685e+00
  7865.000  1.45044e+00
  7870.000  1.45840e+00
  7875.000  1.45658e+00
  7880.000  1.45136e+00
  7885.000  1.44843e+00
  7890.000  1.44237e+00
  7895.000  1.42836e+00
  7900.000  1.41456e+00
  7905.000  1.40915e+00
  7910.000  1.40748e+00
  7915.000  1.40385e+00
  7920.000  1.40109e+00
  7925.000  1.40235e+00
  7930.000  1.40391e+00
  7935.000  1.40141e+00
  7940.000  1.39525e+00
  7945.000  1.38918e+00
  7950.000  1.39019e+00
  7955.000  1.40398e+00
  7960.000  1.42692e+00
  7965.000  1.44985e+00
  7970.000  1.46661e+00
  7975.000  1.47286e+00
  7980.000  1.46825e+00
  7985.000  1.45906e+00
  7990.000  1.44781e+00
  7995.000  1.43813e+00
  8000.000  1.44416e+00
  8005.000  1.46937e+00
  8010.000  1.49906e+00
  8015.000  1.51462e+00
  8020.000  1.49470e+00
  8025.000  1.43759e+00
  8030.000  1.38466e+00
  8035.000  1.37240e+00
  8040.000  1.38441e+00
  8045.000  1.39470e+00
  8050.000  1.41661e+00
  8055.000  1.46412e+00
  8060.000  1.50372e+00
  8065.000  1.50418e+00
  8070.000  1.48471e+00
  8075.000  1.47023e+00
  8080.000  1.46229e+00
  8085.000  1.45714e+00
  8090.000  1.45086e+00
  8095.000  1.44112e+00
  8100.000  1.43514e+00
  8105.000  1.43770e+00
  8110.000  1.43657e+00
  8115.000  1.42342e+00
  8120.000  1.41584e+00
  8125.000  1.43063e+00
  8130.000  1.45339e+00
  8135.000  1.46438e+00
  8140.000  1.46644e+00
  8145.000  1.46630e+00
  8150.000  1.46415e+00
  8155.000  1.46072e+00
  8160.000  1.45199e+00
  8165.000  1.43587e+00
  8170.000  1.42326e+00
  8175.000  1.42338e+00
  8180.000  1.42863e+00
  8185.000  1.42972e+00
  8190.000  1.42667e+00
  8195.000  1.42277e+00
  8200.000  1.42656e+00
  8205.000  1.44388e+00
  8210.000  1.46429e+00
  8215.000  1.47503e+00
  8220.000  1.47055e+00
  8225.000  1.45160e+00
  8230.000  1.43666e+00
  8235.000  1.44238e+00
  8240.000  1.46050e+00
  8245.000  1.47764e+00
  8250.000  1.48399e+00
  8255.000  1.47675e+00
  8260.000  1.47685e+00
  8265.000  1.49961e+00
  8270.000  1.52030e+00
  8275.000  1.51420e+00
  8280.000  1.49656e+00
  8285.000  1.48791e+00
  8290.000  1.48465e+00
  8295.000  1.47798e+00
  8300.000  1.46302e+00
  8305.000  1.43967e+00
  8310.000  1.42267e+00
  8315.000  1.42377e+00
  8320.000  1.42816e+00
  8325.000  1.42083e+00
  8330.000  1.41204e+00
  8335.000  1.41411e+00
  8340.000  1.42298e+00
  8345.000  1.43302e+00
  8350.000  1.44747e+00
  8355.000  1.46608e+00
  8360.000  1.47510e+00
  8365.000  1.46220e+00
  8370.000  1.43487e+00
  8375.000  1.40722e+00
  8380.000  1.37344e+00
  8385.000  1.33002e+00
  8390.000  1.30724e+00
  8395.000  1.33070e+00
  8400.000  1.37868e+00
  8405.000  1.42297e+00
  8410.000  1.45283e+00
  8415.000  1.46355e+00
  8420.000  1.46158e+00
  8425.000  1.45678e+00
  8430.000  1.44565e+00
  8435.000  1.42569e+00
  8440.000  1.41185e+00
  8445.000  1.41633e+00
  8450.000  1.42794e+00
  8455.000  1.43303e+00
  8460.000  1.43093e+00
  8465.000  1.42502e+00
  8470.000  1.42536e+00
  8475.000  1.43922e+00
  8480.000  1.45441e+00
  8485.000  1.45289e+00
  8490.000  1.41630e+00
  8495.000  1.34365e+00
  8500.000  1.29464e+00
  8505.000  1.31875e+00
  8510.000  1.36254e+00
  8515.000  1.36352e+00
  8520.000  1.35307e+00
  8525.000  1.36975e+00
  8530.000  1.38464e+00
  8535.000  1.36374e+00
  8540.000  1.31422e+00
  8545.000  1.25790e+00
  8550.000  1.23758e+00
  8555.000  1.28326e+00
  8560.000  1.34866e+00
  8565.000  1.38131e+00
  8570.000  1.39468e+00
  8575.000  1.41185e+00
  8580.000  1.42841e+00
  8585.000  1.43745e+00
  8590.000  1.43863e+00
  8595.000  1.43464e+00
  8600.000  1.43543e+00
  8605.000  1.44791e+00
  8610.000  1.45944e+00
  8615.000  1.45820e+00
  8620.000  1.45532e+00
  8625.000  1.46356e+00
  8630.000  1.47794e+00
  8635.000  1.48737e+00
  8640.000  1.48746e+00
  8645.000  1.47653e+00
  8650.000  1.45673e+00
  8655.000  1.43053e+00
  8660.000  1.37532e+00
  8665.000  1.28306e+00
  8670.000  1.23154e+00
  8675.000  1.27993e+00
  8680.000  1.35709e+00
  8685.000  1.38854e+00
  8690.000  1.41506e+00
  8695.000  1.47159e+00
  8700.000  1.45480e+00
  8705.000  1.46833e+00
  8710.000  1.47963e+00
  8715.000  1.48616e+00
  8720.000  1.48895e+00
  8725.000  1.48872e+00
  8730.000  1.48714e+00
  8735.000  1.48611e+00
  8740.000  1.48662e+00
  8745.000  1.48851e+00
  8750.000  1.49029e+00
  8755.000  1.49060e+00
  8760.000  1.48934e+00
  8765.000  1.48686e+00
  8770.000  1.48436e+00
  8775.000  1.48259e+00
  8780.000  1.48184e+00
  8785.000  1.48228e+00
  8790.000  1.48287e+00
  8795.000  1.48120e+00
  8800.000  1.47468e+00
  8805.000  1.46153e+00
  8810.000  1.44582e+00
  8815.000  1.43446e+00
  8820.000  1.43429e+00
  8825.000  1.44763e+00
  8830.000  1.46819e+00
  8835.000  1.48856e+00
  8840.000  1.50206e+00
  8845.000  1.50712e+00
  8850.000  1.50538e+00
  8855.000  1.49881e+00
  8860.000  1.48940e+00
  8865.000  1.47920e+00
  8870.000  1.47049e+00
  8875.000  1.46535e+00
  8880.000  1.46392e+00
  8885.000  1.46519e+00
  8890.000  1.46724e+00
  8895.000  1.46835e+00
  8900.000  1.46770e+00
  8905.000  1.46473e+00
  8910.000  1.45960e+00
  8915.000  1.45329e+00
  8920.000  1.44714e+00
  8925.000  1.44254e+00
  8930.000  1.44045e+00
  8935.000  1.44050e+00
  8940.000  1.44205e+00
  8945.000  1.44435e+00
  8950.000  1.44708e+00
  8955.000  1.45077e+00
  8960.000  1.45597e+00
  8965.000  1.46257e+00
  8970.000  1.46732e+00
  8975.000  1.46606e+00
  8980.000  1.45470e+00
  8985.000  1.43338e+00
  8990.000  1.40979e+00
  8995.000  1.39260e+00
  9000.000  1.38967e+00
  9005.000  1.40114e+00
  9010.000  1.42107e+00
  9015.000  1.44290e+00
  9020.000  1.46176e+00
  9025.000  1.47757e+00
  9030.000  1.49071e+00
  9035.000  1.50136e+00
  9040.000  1.50842e+00
  9045.000  1.50991e+00
  9050.000  1.50589e+00
  9055.000  1.49710e+00
  9060.000  1.48538e+00
  9065.000  1.47315e+00
  9070.000  1.46291e+00
  9075.000  1.45620e+00
  9080.000  1.45167e+00
  9085.000  1.44690e+00
  9090.000  1.43758e+00
  9095.000  1.42298e+00
  9100.000  1.40724e+00
  9105.000  1.39511e+00
  9110.000  1.39194e+00
  9115.000  1.39672e+00
  9120.000  1.40458e+00
  9125.000  1.41058e+00
  9130.000  1.41076e+00
  9135.000  1.40524e+00
  9140.000  1.39522e+00
  9145.000  1.38188e+00
  9150.000  1.36663e+00
  9155.000  1.35133e+00
  9160.000  1.33787e+00
  9165.000  1.32812e+00
  9170.000  1.32331e+00
  9175.000  1.32405e+00
  9180.000  1.33093e+00
  9185.000  1.34414e+00
  9190.000  1.36140e+00
  9195.000  1.37938e+00
  9200.000  1.39474e+00
  9205.000  1.40482e+00
  9210.000  1.40996e+00
  9215.000  1.41131e+00
  9220.000  1.41002e+00
  9225.000  1.40699e+00
  9230.000  1.40227e+00
  9235.000  1.39576e+00
  9240.000  1.38737e+00
  9245.000  1.37748e+00
  9250.000  1.36840e+00
  9255.000  1.36206e+00
  9260.000  1.35957e+00
  9265.000  1.36118e+00
  9270.000  1.36391e+00
  9275.000  1.36395e+00
  9280.000  1.35801e+00
  9285.000  1.34554e+00
  9290.000  1.32900e+00
  9295.000  1.31144e+00
  9300.000  1.29591e+00
  9305.000  1.28588e+00
  9310.000  1.28482e+00
  9315.000  1.29429e+00
  9320.000  1.31568e+00
  9325.000  1.34834e+00
  9330.000  1.38339e+00
  9335.000  1.41017e+00
  9340.000  1.42000e+00
  9345.000  1.40809e+00
  9350.000  1.38180e+00
  9355.000  1.35148e+00
  9360.000  1.32750e+00
  9365.000  1.31791e+00
  9370.000  1.32184e+00
  9375.000  1.33628e+00
  9380.000  1.35821e+00
  9385.000  1.38417e+00
  9390.000  1.40889e+00
  9395.000  1.42624e+00
  9400.000  1.42967e+00
  9405.000  1.41476e+00
  9410.000  1.38562e+00
  9415.000  1.34849e+00
  9420.000  1.30997e+00
  9425.000  1.27743e+00
  9430.000  1.25365e+00
  9435.000  1.24011e+00
  9440.000  1.23824e+00
  9445.000  1.24913e+00
  9450.000  1.27111e+00
  9455.000  1.29847e+00
  9460.000  1.32493e+00
  9465.000  1.34512e+00
  9470.000  1.35735e+00
  9475.000  1.36092e+00
  9480.000  1.35719e+00
  9485.000  1.35012e+00
  9490.000  1.34204e+00
  9495.000  1.33475e+00
  9500.000  1.33010e+00
  9505.000  1.32972e+00
  9510.000  1.33330e+00
  9515.000  1.33907e+00
  9520.000  1.34522e+00
  9525.000  1.35025e+00
  9530.000  1.35387e+00
  9535.000  1.35612e+00
  9540.000  1.35738e+00
  9545.000  1.35789e+00
  9550.000  1.35658e+00
  9555.000  1.35208e+00
  9560.000  1.34301e+00
  9565.000  1.32858e+00
  9570.000  1.31098e+00
  9575.000  1.29338e+00
  9580.000  1.27894e+00
  9585.000  1.27058e+00
  9590.000  1.27021e+00
  9595.000  1.27888e+00
  9600.000  1.29471e+00
  9605.000  1.31482e+00
  9610.000  1.33562e+00
  9615.000  1.35335e+00
  9620.000  1.36424e+00
  9625.000  1.36559e+00
  9630.000  1.35899e+00
  9635.000  1.34710e+00
  9640.000  1.33258e+00
  9645.000  1.31799e+00
  9650.000  1.30552e+00
  9655.000  1.29702e+00
  9660.000  1.29338e+00
  9665.000  1.29485e+00
  9670.000  1.29997e+00
  9675.000  1.30681e+00
  9680.000  1.31348e+00
  9685.000  1.31856e+00
  9690.000  1.32275e+00
  9695.000  1.32724e+00
  9700.000  1.33324e+00
  9705.000  1.34122e+00
  9710.000  1.34882e+00
  9715.000  1.35323e+00
  9720.000  1.35328e+00
  9725.000  1.34876e+00
  9730.000  1.34152e+00
  9735.000  1.33387e+00
  9740.000  1.32818e+00
  9745.000  1.32622e+00
  9750.000  1.32723e+00
  9755.000  1.32963e+00
  9760.000  1.33184e+00
  9765.000  1.33253e+00
  9770.000  1.33128e+00
  9775.000  1.32801e+00
  9780.000  1.32377e+00
  9785.000  1.31998e+00
  9790.000  1.31717e+00
  9795.000  1.31562e+00
  9800.000  1.31561e+00
  9805.000  1.31754e+00
  9810.000  1.32150e+00
  9815.000  1.32702e+00
  9820.000  1.33357e+00
  9825.000  1.34061e+00
  9830.000  1.34741e+00
  9835.000  1.35321e+00
  9840.000  1.35751e+00
  9845.000  1.36030e+00
  9850.000  1.36191e+00
  9855.000  1.36278e+00
  9860.000  1.36334e+00
  9865.000  1.36388e+00
  9870.000  1.36413e+00
  9875.000  1.36391e+00
  9880.000  1.36304e+00
  9885.000  1.36148e+00
  9890.000  1.35978e+00
  9895.000  1.35860e+00
  9900.000  1.35856e+00
  9905.000  1.35970e+00
  9910.000  1.36134e+00
  9915.000  1.36267e+00
  9920.000  1.36288e+00
  9925.000  1.36133e+00
  9930.000  1.35820e+00
  9935.000  1.35416e+00
  9940.000  1.35028e+00
  9945.000  1.34741e+00
  9950.000  1.34540e+00
  9955.000  1.34384e+00
  9960.000  1.34234e+00
  9965.000  1.34060e+00
  9970.000  1.33885e+00
  9975.000  1.33742e+00
  9980.000  1.33668e+00
  9985.000  1.33695e+00
  9990.000  1.33843e+00
  9995.000  1.34128e+00
 10000.000  1.34528e+00
 10005.000  1.34977e+00
 10010.000  1.35385e+00
 10015.000  1.35654e+00
 10020.000  1.35685e+00
 10025.000  1.35385e+00
 10030.000  1.34724e+00
 10035.000  1.33794e+00
 10040.000  1.32705e+00
 10045.000  1.31580e+00
 10050.000  1.30598e+00
 10055.000  1.29953e+00
 10060.000  1.29823e+00
 10065.000  1.30233e+00
 10070.000  1.31033e+00
 10075.000  1.32050e+00
 10080.000  1.33110e+00
 10085.000  1.34053e+00
 10090.000  1.34772e+00
 10095.000  1.35216e+00
 10100.000  1.35416e+00
 10105.000  1.35420e+00
 10110.000  1.35288e+00
 10115.000  1.35081e+00
 10120.000  1.34861e+00
 10125.000  1.34685e+00
 10130.000  1.34569e+00
 10135.000  1.34507e+00
 10140.000  1.34491e+00
 10145.000  1.34508e+00
 10150.000  1.34528e+00
 10155.000  1.34516e+00
 10160.000  1.34437e+00
 10165.000  1.34274e+00
 10170.000  1.34064e+00
 10175.000  1.33858e+00
 10180.000  1.33706e+00
 10185.000  1.33640e+00
 10190.000  1.33612e+00
 10195.000  1.33568e+00
 10200.000  1.33465e+00
 10205.000  1.33277e+00
 10210.000  1.33042e+00
 10215.000  1.32815e+00
 10220.000  1.32637e+00
 10225.000  1.32532e+00
 10230.000  1.32497e+00
 10235.000  1.32521e+00
 10240.000  1.32596e+00
 10245.000  1.32710e+00
 10250.000  1.32848e+00
 10255.000  1.32996e+00
 10260.000  1.33139e+00
 10265.000  1.33263e+00
 10270.000  1.33360e+00
 10275.000  1.33421e+00
 10280.000  1.33438e+00
 10285.000  1.33404e+00
 10290.000  1.33319e+00
 10295.000  1.33188e+00
 10300.000  1.33018e+00
 10305.000  1.32812e+00
 10310.000  1.32566e+00
 10315.000  1.32276e+00
 10320.000  1.31952e+00
 10325.000  1.31612e+00
 10330.000  1.31294e+00
 10335.000  1.31042e+00
 10340.000  1.30896e+00
 10345.000  1.30878e+00
 10350.000  1.30969e+00
 10355.000  1.31141e+00
 10360.000  1.31363e+00
 10365.000  1.31593e+00
 10370.000  1.31766e+00
 10375.000  1.31816e+00
 10380.000  1.31678e+00
 10385.000  1.31291e+00
 10390.000  1.30660e+00
 10395.000  1.29924e+00
 10400.000  1.29239e+00
 10405.000  1.28750e+00
 10410.000  1.28569e+00
 10415.000  1.28728e+00
 10420.000  1.29128e+00
 10425.000  1.29651e+00
 10430.000  1.30188e+00
 10435.000  1.30629e+00
 10440.000  1.30892e+00
 10445.000  1.30971e+00
 10450.000  1.30934e+00
 10455.000  1.30870e+00
 10460.000  1.30867e+00
 10465.000  1.30989e+00
 10470.000  1.31203e+00
 10475.000  1.31450e+00
 10480.000  1.31673e+00
 10485.000  1.31825e+00
 10490.000  1.31907e+00
 10495.000  1.31906e+00
 10500.000  1.31803e+00
