# pickles/k3iii  |  Pickles 1998, PASP 110, 863
# columns: wavelength_Angstrom  flam_erg_s_cm2_A (absolute scale arbitrary - ETC renormalizes)
  1150.000  0.00000e+00
  1155.000  0.00000e+00
  1160.000  0.00000e+00
  1165.000  0.00000e+00
  1170.000  0.00000e+00
  1175.000  0.00000e+00
  1180.000  0.00000e+00
  1185.000  0.00000e+00
  1190.000  0.00000e+00
  1195.000  0.00000e+00
  1200.000  0.00000e+00
  1205.000  0.00000e+00
  1210.000  0.00000e+00
  1215.000  0.00000e+00
  1220.000  0.00000e+00
  1225.000  0.00000e+00
  1230.000  0.00000e+00
  1235.000  0.00000e+00
  1240.000  0.00000e+00
  1245.000  0.00000e+00
  1250.000  0.00000e+00
  1255.000  0.00000e+00
  1260.000  0.00000e+00
  1265.000  0.00000e+00
  1270.000  0.00000e+00
  1275.000  0.00000e+00
  1280.000  0.00000e+00
  1285.000  0.00000e+00
  1290.000  0.00000e+00
  1295.000  0.00000e+00
  1300.000  0.00000e+00
  1305.000  0.00000e+00
  1310.000  0.00000e+00
  1315.000  0.00000e+00
  1320.000  0.00000e+00
  1325.000  0.00000e+00
  1330.000  0.00000e+00
  1335.000  0.00000e+00
  1340.000  0.00000e+00
  1345.000  0.00000e+00
  1350.000  0.00000e+00
  1355.000  0.00000e+00
  1360.000  0.00000e+00
  1365.000  0.00000e+00
  1370.000  0.00000e+00
  1375.000  0.00000e+00
  1380.000  0.00000e+00
  1385.000  0.00000e+00
  1390.000  0.00000e+00
  1395.000  0.00000e+00
  1400.000  0.00000e+00
  1405.000  0.00000e+00
  1410.000  0.00000e+00
  1415.000  0.00000e+00
  1420.000  0.00000e+00
  1425.000  0.00000e+00
  1430.000  0.00000e+00
  1435.000  0.00000e+00
  1440.000  0.00000e+00
  1445.000  0.00000e+00
  1450.000  0.00000e+00
  1455.000  0.00000e+00
  1460.000  0.00000e+00
  1465.000  0.00000e+00
  1470.000  0.00000e+00
  1475.000  0.00000e+00
  1480.000  0.00000e+00
  1485.000  0.00000e+00
  1490.000  0.00000e+00
  1495.000  0.00000e+00
  1500.000  0.00000e+00
  1505.000  0.00000e+00
  1510.000  0.00000e+00
  1515.000  0.00000e+00
  1520.000  0.00000e+00
  1525.000  0.00000e+00
  1530.000  0.00000e+00
  1535.000  0.00000e+00
  1540.000  0.00000e+00
  1545.000  0.00000e+00
  1550.000  0.00000e+00
  1555.000  0.00000e+00
  1560.000  0.00000e+00
  1565.000  0.00000e+00
  1570.000  0.00000e+00
  1575.000  0.00000e+00
  1580.000  0.00000e+00
  1585.000  0.00000e+00
  1590.000  0.00000e+00
  1595.000  0.00000e+00
  1600.000  0.00000e+00
  1605.000  0.00000e+00
  1610.000  0.00000e+00
  1615.000  0.00000e+00
  1620.000  0.00000e+00
  1625.000  0.00000e+00
  1630.000  0.00000e+00
  1635.000  0.00000e+00
  1640.000  0.00000e+00
  1645.000  0.00000e+00
  1650.000  0.00000e+00
  1655.000  0.00000e+00
  1660.000  0.00000e+00
  1665.000  0.00000e+00
  1670.000  0.00000e+00
  1675.000  0.00000e+00
  1680.000  0.00000e+00
  1685.000  0.00000e+00
  1690.000  0.00000e+00
  1695.000  0.00000e+00
  1700.000  0.00000e+00
  1705.000  0.00000e+00
  1710.000  0.00000e+00
  1715.000  0.00000e+00
  1720.000  0.00000e+00
  1725.000  0.00000e+00
  1730.000  0.00000e+00
  1735.000  0.00000e+00
  1740.000  0.00000e+00
  1745.000  0.00000e+00
  1750.000  0.00000e+00
  1755.000  0.00000e+00
  1760.000  0.00000e+00
  1765.000  0.00000e+00
  1770.000  0.00000e+00
  1775.000  0.00000e+00
  1780.000  0.00000e+00
  1785.000  0.00000e+00
  1790.000  0.00000e+00
  1795.000  0.00000e+00
  1800.000  0.00000e+00
  1805.000  0.00000e+00
  1810.000  0.00000e+00
  1815.000  0.00000e+00
  1820.000  0.00000e+00
  1825.000  0.00000e+00
  1830.000  0.00000e+00
  1835.000  0.00000e+00
  1840.000  0.00000e+00
  1845.000  0.00000e+00
  1850.000  0.00000e+00
  1855.000  0.00000e+00
  1860.000  0.00000e+00
  1865.000  0.00000e+00
  1870.000  0.00000e+00
  1875.000  0.00000e+00
  1880.000  0.00000e+00
  1885.000  0.00000e+00
  1890.000  0.00000e+00
  1895.000  0.00000e+00
  1900.000  0.00000e+00
  1905.000  0.00000e+00
  1910.000  0.00000e+00
  1915.000  0.00000e+00
  1920.000  0.00000e+00
  1925.000  0.00000e+00
  1930.000  0.00000e+00
  1935.000  0.00000e+00
  1940.000  0.00000e+00
  1945.000  0.00000e+00
  1950.000  0.00000e+00
  1955.000  0.00000e+00
  1960.000  0.00000e+00
  1965.000  0.00000e+00
  1970.000  0.00000e+00
  1975.000  0.00000e+00
  1980.000  0.00000e+00
  1985.000  0.00000e+00
  1990.000  0.00000e+00
  1995.000  0.00000e+00
  2000.000  0.00000e+00
  2005.000  0.00000e+00
  2010.000  0.00000e+00
  2015.000  0.00000e+00
  2020.000  0.00000e+00
  2025.000  0.00000e+00
  2030.000  0.00000e+00
  2035.000  0.00000e+00
  2040.000  0.00000e+00
  2045.000  0.00000e+00
  2050.000  0.00000e+00
  2055.000  0.00000e+00
  2060.000  0.00000e+00
  2065.000  0.00000e+00
  2070.000  0.00000e+00
  2075.000  0.00000e+00
  2080.000  0.00000e+00
  2085.000  0.00000e+00
  2090.000  0.00000e+00
  2095.000  0.00000e+00
  2100.000  0.00000e+00
  2105.000  0.00000e+00
  2110.000  0.00000e+00
  2115.000  0.00000e+00
  2120.000  0.00000e+00
  2125.000  0.00000e+00
  2130.000  0.00000e+00
  2135.000  0.00000e+00
  2140.000  0.00000e+00
  2145.000  0.00000e+00
  2150.000  0.00000e+00
  2155.000  0.00000e+00
  2160.000  0.00000e+00
  2165.000  0.00000e+00
  2170.000  0.00000e+00
  2175.000  0.00000e+00
  2180.000  0.00000e+00
  2185.000  0.00000e+00
  2190.000  0.00000e+00
  2195.000  0.00000e+00
  2200.000  0.00000e+00
  2205.000  0.00000e+00
  2210.000  0.00000e+00
  2215.000  0.00000e+00
  2220.000  0.00000e+00
  2225.000  0.00000e+00
  2230.000  0.00000e+00
  2235.000  0.00000e+00
  2240.000  0.00000e+00
  2245.000  0.00000e+00
  2250.000  0.00000e+00
  2255.000  0.00000e+00
  2260.000  0.00000e+00
  2265.000  0.00000e+00
  2270.000  0.00000e+00
  2275.000  0.00000e+00
  2280.000  0.00000e+00
  2285.000  0.00000e+00
  2290.000  0.00000e+00
  2295.000  0.00000e+00
  2300.000  0.00000e+00
  2305.000  0.00000e+00
  2310.000  0.00000e+00
  2315.000  0.00000e+00
  2320.000  0.00000e+00
  2325.000  0.00000e+00
  2330.000  0.00000e+00
  2335.000  0.00000e+00
  2340.000  0.00000e+00
  2345.000  0.00000e+00
  2350.000  0.00000e+00
  2355.000  0.00000e+00
  2360.000  0.00000e+00
  2365.000  0.00000e+00
  2370.000  0.00000e+00
  2375.000  0.00000e+00
  2380.000  0.00000e+00
  2385.000  0.00000e+00
  2390.000  0.00000e+00
  2395.000  0.00000e+00
  2400.000  0.00000e+00
  2405.000  0.00000e+00
  2410.000  0.00000e+00
  2415.000  0.00000e+00
  2420.000  0.00000e+00
  2425.000  0.00000e+00
  2430.000  0.00000e+00
  2435.000  0.00000e+00
  2440.000  0.00000e+00
  2445.000  0.00000e+00
  2450.000  0.00000e+00
  2455.000  1.00000e-06
  2460.000  1.00000e-06
  2465.000  2.00000e-06
  2470.000  3.00000e-06
  2475.000  3.00000e-06
  2480.000  3.00000e-06
  2485.000  3.00000e-06
  2490.000  3.00000e-06
  2495.000  2.00000e-06
  2500.000  0.00000e+00
  2505.000  0.00000e+00
  2510.000  0.00000e+00
  2515.000  0.00000e+00
  2520.000  0.00000e+00
  2525.000  0.00000e+00
  2530.000  0.00000e+00
  2535.000  0.00000e+00
  2540.000  0.00000e+00
  2545.000  0.00000e+00
  2550.000  0.00000e+00
  2555.000  8.00000e-06
  2560.000  1.80000e-05
  2565.000  2.80000e-05
  2570.000  3.70000e-05
  2575.000  4.40000e-05
  2580.000  4.70000e-05
  2585.000  4.50000e-05
  2590.000  3.80000e-05
  2595.000  2.30000e-05
  2600.000  0.00000e+00
  2605.000  0.00000e+00
  2610.000  0.00000e+00
  2615.000  0.00000e+00
  2620.000  0.00000e+00
  2625.000  0.00000e+00
  2630.000  0.00000e+00
  2635.000  0.00000e+00
  2640.000  0.00000e+00
  2645.000  0.00000e+00
  2650.000  0.00000e+00
  2655.000  1.20000e-04
  2660.000  2.70000e-04
  2665.000  4.46000e-04
  2670.000  6.42000e-04
  2675.000  8.54000e-04
  2680.000  1.07500e-03
  2685.000  1.30100e-03
  2690.000  1.52700e-03
  2695.000  1.74800e-03
  2700.000  1.95800e-03
  2705.000  2.15400e-03
  2710.000  2.33800e-03
  2715.000  2.51500e-03
  2720.000  2.69000e-03
  2725.000  2.86600e-03
  2730.000  3.04700e-03
  2735.000  3.23900e-03
  2740.000  3.44400e-03
  2745.000  3.66800e-03
  2750.000  3.91500e-03
  2755.000  4.18600e-03
  2760.000  4.47200e-03
  2765.000  4.76100e-03
  2770.000  5.04100e-03
  2775.000  5.30100e-03
  2780.000  5.52800e-03
  2785.000  5.71100e-03
  2790.000  5.83700e-03
  2795.000  5.89500e-03
  2800.000  5.87300e-03
  2805.000  5.76500e-03
  2810.000  5.59100e-03
  2815.000  5.37600e-03
  2820.000  5.14600e-03
  2825.000  4.92700e-03
  2830.000  4.74400e-03
  2835.000  4.62400e-03
  2840.000  4.59200e-03
  2845.000  4.67300e-03
  2850.000  4.89400e-03
  2855.000  5.27100e-03
  2860.000  5.78700e-03
  2865.000  6.41500e-03
  2870.000  7.13000e-03
  2875.000  7.90300e-03
  2880.000  8.71100e-03
  2885.000  9.52500e-03
  2890.000  1.03200e-02
  2895.000  1.10690e-02
  2900.000  1.17460e-02
  2905.000  1.23290e-02
  2910.000  1.28170e-02
  2915.000  1.32140e-02
  2920.000  1.35220e-02
  2925.000  1.37450e-02
  2930.000  1.38860e-02
  2935.000  1.39490e-02
  2940.000  1.39380e-02
  2945.000  1.38540e-02
  2950.000  1.37030e-02
  2955.000  1.34900e-02
  2960.000  1.32300e-02
  2965.000  1.29430e-02
  2970.000  1.26480e-02
  2975.000  1.23620e-02
  2980.000  1.21060e-02
  2985.000  1.18980e-02
  2990.000  1.17550e-02
  2995.000  1.16990e-02
  3000.000  1.17460e-02
  3005.000  1.19120e-02
  3010.000  1.21990e-02
  3015.000  1.26040e-02
  3020.000  1.31260e-02
  3025.000  1.37630e-02
  3030.000  1.45130e-02
  3035.000  1.53730e-02
  3040.000  1.63420e-02
  3045.000  1.74170e-02
  3050.000  1.85970e-02
  3055.000  1.98750e-02
  3060.000  2.12280e-02
  3065.000  2.26270e-02
  3070.000  2.40430e-02
  3075.000  2.54480e-02
  3080.000  2.68140e-02
  3085.000  2.81130e-02
  3090.000  2.93160e-02
  3095.000  3.03950e-02
  3100.000  3.13210e-02
  3105.000  3.20760e-02
  3110.000  3.26770e-02
  3115.000  3.31520e-02
  3120.000  3.35290e-02
  3125.000  3.38330e-02
  3130.000  3.40930e-02
  3135.000  3.43360e-02
  3140.000  3.45900e-02
  3145.000  3.48810e-02
  3150.000  3.52370e-02
  3155.000  3.56750e-02
  3160.000  3.61780e-02
  3165.000  3.67180e-02
  3170.000  3.72650e-02
  3175.000  3.77930e-02
  3180.000  3.82720e-02
  3185.000  3.86760e-02
  3190.000  5.07240e-02
  3195.000  5.04360e-02
  3200.000  6.07680e-02
  3205.000  5.97910e-02
  3210.000  5.84600e-02
  3215.000  5.64950e-02
  3220.000  5.44010e-02
  3225.000  5.29140e-02
  3230.000  5.29430e-02
  3235.000  5.48590e-02
  3240.000  5.67410e-02
  3245.000  5.69640e-02
  3250.000  5.73890e-02
  3255.000  5.99570e-02
  3260.000  6.34240e-02
  3265.000  6.63460e-02
  3270.000  6.96580e-02
  3275.000  7.41510e-02
  3280.000  7.76640e-02
  3285.000  7.83820e-02
  3290.000  7.88410e-02
  3295.000  8.14300e-02
  3300.000  8.36030e-02
  3305.000  8.26520e-02
  3310.000  8.01610e-02
  3315.000  7.84870e-02
  3320.000  7.87770e-02
  3325.000  8.11720e-02
  3330.000  8.30000e-02
  3335.000  8.22750e-02
  3340.000  8.25830e-02
  3345.000  8.69920e-02
  3350.000  9.09280e-02
  3355.000  8.96890e-02
  3360.000  8.57230e-02
  3365.000  8.26120e-02
  3370.000  8.13510e-02
  3375.000  8.19890e-02
  3380.000  8.34050e-02
  3385.000  8.46440e-02
  3390.000  8.65800e-02
  3395.000  8.98770e-02
  3400.000  9.25250e-02
  3405.000  9.27270e-02
  3410.000  9.22340e-02
  3415.000  9.31040e-02
  3420.000  9.50720e-02
  3425.000  9.69250e-02
  3430.000  9.59610e-02
  3435.000  9.06610e-02
  3440.000  8.57130e-02
  3445.000  8.56410e-02
  3450.000  8.80920e-02
  3455.000  8.96490e-02
  3460.000  8.95150e-02
  3465.000  8.80760e-02
  3470.000  8.78330e-02
  3475.000  9.04950e-02
  3480.000  9.24990e-02
  3485.000  9.08630e-02
  3490.000  9.02160e-02
  3495.000  9.50650e-02
  3500.000  1.01833e-01
  3505.000  1.05694e-01
  3510.000  1.04911e-01
  3515.000  9.99010e-02
  3520.000  9.65950e-02
  3525.000  9.98880e-02
  3530.000  1.05017e-01
  3535.000  1.06628e-01
  3540.000  1.06665e-01
  3545.000  1.07517e-01
  3550.000  1.06042e-01
  3555.000  9.95870e-02
  3560.000  9.29820e-02
  3565.000  9.07520e-02
  3570.000  8.87200e-02
  3575.000  8.29200e-02
  3580.000  7.89350e-02
  3585.000  8.25520e-02
  3590.000  9.08220e-02
  3595.000  9.92560e-02
  3600.000  1.05961e-01
  3605.000  1.10199e-01
  3610.000  1.13255e-01
  3615.000  1.16824e-01
  3620.000  1.22207e-01
  3625.000  1.29561e-01
  3630.000  1.34856e-01
  3635.000  1.35126e-01
  3640.000  1.35838e-01
  3645.000  1.42461e-01
  3650.000  1.52026e-01
  3655.000  1.60376e-01
  3660.000  1.67030e-01
  3665.000  1.71594e-01
  3670.000  1.70335e-01
  3675.000  1.61245e-01
  3680.000  1.52539e-01
  3685.000  1.52100e-01
  3690.000  1.56268e-01
  3695.000  1.59351e-01
  3700.000  1.59079e-01
  3705.000  1.54928e-01
  3710.000  1.49933e-01
  3715.000  1.46240e-01
  3720.000  1.38896e-01
  3725.000  1.24369e-01
  3730.000  1.11930e-01
  3735.000  1.10205e-01
  3740.000  1.12441e-01
  3745.000  1.10924e-01
  3750.000  1.09471e-01
  3755.000  1.13108e-01
  3760.000  1.20167e-01
  3765.000  1.28037e-01
  3770.000  1.37027e-01
  3775.000  1.46679e-01
  3780.000  1.50553e-01
  3785.000  1.43988e-01
  3790.000  1.35442e-01
  3795.000  1.33336e-01
  3800.000  1.32846e-01
  3805.000  1.27785e-01
  3810.000  1.19795e-01
  3815.000  1.11834e-01
  3820.000  1.04312e-01
  3825.000  9.74810e-02
  3830.000  9.34970e-02
  3835.000  9.41300e-02
  3840.000  9.76930e-02
  3845.000  1.01697e-01
  3850.000  1.03897e-01
  3855.000  1.03121e-01
  3860.000  1.02240e-01
  3865.000  1.04267e-01
  3870.000  1.08725e-01
  3875.000  1.14570e-01
  3880.000  1.21963e-01
  3885.000  1.31056e-01
  3890.000  1.40748e-01
  3895.000  1.49981e-01
  3900.000  1.59127e-01
  3905.000  1.55319e-01
  3910.000  1.60775e-01
  3915.000  1.60359e-01
  3920.000  1.50404e-01
  3925.000  1.30562e-01
  3930.000  1.09545e-01
  3935.000  9.97980e-02
  3940.000  1.07710e-01
  3945.000  1.31087e-01
  3950.000  1.56546e-01
  3955.000  1.68475e-01
  3960.000  1.63158e-01
  3965.000  1.48974e-01
  3970.000  1.43751e-01
  3975.000  1.62395e-01
  3980.000  2.01493e-01
  3985.000  2.46897e-01
  3990.000  2.84716e-01
  3995.000  3.07479e-01
  4000.000  3.19014e-01
  4005.000  3.27267e-01
  4010.000  3.36030e-01
  4015.000  3.43007e-01
  4020.000  3.41150e-01
  4025.000  3.27502e-01
  4030.000  3.09028e-01
  4035.000  2.96161e-01
  4040.000  2.96313e-01
  4045.000  3.07703e-01
  4050.000  3.17155e-01
  4055.000  3.13974e-01
  4060.000  3.00287e-01
  4065.000  2.86848e-01
  4070.000  2.86290e-01
  4075.000  3.03266e-01
  4080.000  3.28930e-01
  4085.000  3.49506e-01
  4090.000  3.54505e-01
  4095.000  3.43332e-01
  4100.000  3.28850e-01
  4105.000  3.23607e-01
  4110.000  3.26936e-01
  4115.000  3.31168e-01
  4120.000  3.30611e-01
  4125.000  3.23296e-01
  4130.000  3.10368e-01
  4135.000  2.96234e-01
  4140.000  2.87344e-01
  4145.000  2.86868e-01
  4150.000  2.94161e-01
  4155.000  3.05850e-01
  4160.000  3.13644e-01
  4165.000  3.12432e-01
  4170.000  3.07160e-01
  4175.000  3.04137e-01
  4180.000  3.04507e-01
  4185.000  3.07394e-01
  4190.000  3.12151e-01
  4195.000  3.18804e-01
  4200.000  3.29459e-01
  4205.000  3.44584e-01
  4210.000  3.57964e-01
  4215.000  3.63494e-01
  4220.000  3.62772e-01
  4225.000  3.61936e-01
  4230.000  3.70263e-01
  4235.000  3.92719e-01
  4240.000  4.17073e-01
  4245.000  4.28095e-01
  4250.000  4.26722e-01
  4255.000  4.19552e-01
  4260.000  4.10470e-01
  4265.000  4.04277e-01
  4270.000  4.02025e-01
  4275.000  4.01052e-01
  4280.000  4.01852e-01
  4285.000  4.02731e-01
  4290.000  3.93071e-01
  4295.000  3.69786e-01
  4300.000  3.54440e-01
  4305.000  3.66677e-01
  4310.000  3.97098e-01
  4315.000  4.29806e-01
  4320.000  4.59438e-01
  4325.000  4.84542e-01
  4330.000  5.08072e-01
  4335.000  5.31572e-01
  4340.000  5.47344e-01
  4345.000  5.50278e-01
  4350.000  5.48264e-01
  4355.000  5.50993e-01
  4360.000  5.59640e-01
  4365.000  5.68718e-01
  4370.000  5.66383e-01
  4375.000  5.44882e-01
  4380.000  5.16586e-01
  4385.000  4.99181e-01
  4390.000  4.96895e-01
  4395.000  5.07428e-01
  4400.000  5.24955e-01
  4405.000  5.41497e-01
  4410.000  5.56780e-01
  4415.000  5.73861e-01
  4420.000  5.88307e-01
  4425.000  5.97922e-01
  4430.000  6.11066e-01
  4435.000  6.31395e-01
  4440.000  6.49704e-01
  4445.000  6.56107e-01
  4450.000  6.47745e-01
  4455.000  6.31568e-01
  4460.000  6.26891e-01
  4465.000  6.46946e-01
  4470.000  6.81766e-01
  4475.000  7.12178e-01
  4480.000  7.23941e-01
  4485.000  7.14898e-01
  4490.000  7.01546e-01
  4495.000  7.03269e-01
  4500.000  7.23839e-01
  4505.000  7.53614e-01
  4510.000  7.74893e-01
  4515.000  7.73604e-01
  4520.000  7.53120e-01
  4525.000  7.26494e-01
  4530.000  7.05734e-01
  4535.000  6.98421e-01
  4540.000  7.04434e-01
  4545.000  7.19708e-01
  4550.000  7.40983e-01
  4555.000  7.64256e-01
  4560.000  7.80274e-01
  4565.000  7.82252e-01
  4570.000  7.78367e-01
  4575.000  7.78246e-01
  4580.000  7.77420e-01
  4585.000  7.70747e-01
  4590.000  7.64015e-01
  4595.000  7.64044e-01
  4600.000  7.73357e-01
  4605.000  7.92726e-01
  4610.000  8.17906e-01
  4615.000  8.41293e-01
  4620.000  8.55755e-01
  4625.000  8.54422e-01
  4630.000  8.33013e-01
  4635.000  7.96914e-01
  4640.000  7.66727e-01
  4645.000  7.60118e-01
  4650.000  7.71068e-01
  4655.000  7.83259e-01
  4660.000  7.87176e-01
  4665.000  7.80828e-01
  4670.000  7.71183e-01
  4675.000  7.68746e-01
  4680.000  7.74008e-01
  4685.000  7.79893e-01
  4690.000  7.82416e-01
  4695.000  7.79441e-01
  4700.000  7.71626e-01
  4705.000  7.65765e-01
  4710.000  7.68961e-01
  4715.000  7.82573e-01
  4720.000  8.00965e-01
  4725.000  8.15394e-01
  4730.000  8.21016e-01
  4735.000  8.20717e-01
  4740.000  8.23323e-01
  4745.000  8.34622e-01
  4750.000  8.48648e-01
  4755.000  8.55269e-01
  4760.000  8.54749e-01
  4765.000  8.52978e-01
  4770.000  8.52819e-01
  4775.000  8.56627e-01
  4780.000  8.63669e-01
  4785.000  8.70309e-01
  4790.000  8.77092e-01
  4795.000  8.85789e-01
  4800.000  8.94889e-01
  4805.000  9.02327e-01
  4810.000  9.05939e-01
  4815.000  9.03481e-01
  4820.000  8.95419e-01
  4825.000  8.85401e-01
  4830.000  8.79248e-01
  4835.000  8.79307e-01
  4840.000  8.79371e-01
  4845.000  8.71864e-01
  4850.000  8.56985e-01
  4855.000  8.40927e-01
  4860.000  8.29850e-01
  4865.000  8.27003e-01
  4870.000  8.32116e-01
  4875.000  8.40522e-01
  4880.000  8.45785e-01
  4885.000  8.47973e-01
  4890.000  8.56339e-01
  4895.000  8.77184e-01
  4900.000  9.00626e-01
  4905.000  9.11223e-01
  4910.000  9.06472e-01
  4915.000  8.92564e-01
  4920.000  8.76490e-01
  4925.000  8.66695e-01
  4930.000  8.68477e-01
  4935.000  8.79484e-01
  4940.000  8.93944e-01
  4945.000  9.06550e-01
  4950.000  9.11487e-01
  4955.000  9.08186e-01
  4960.000  9.06198e-01
  4965.000  9.10701e-01
  4970.000  9.12219e-01
  4975.000  9.02175e-01
  4980.000  8.85713e-01
  4985.000  8.71642e-01
  4990.000  8.62929e-01
  4995.000  8.57452e-01
  5000.000  8.48246e-01
  5005.000  8.31748e-01
  5010.000  8.17640e-01
  5015.000  8.16119e-01
  5020.000  8.24889e-01
  5025.000  8.35711e-01
  5030.000  8.40108e-01
  5035.000  8.34734e-01
  5040.000  8.26801e-01
  5045.000  8.25860e-01
  5050.000  8.33958e-01
  5055.000  8.46229e-01
  5060.000  8.54266e-01
  5065.000  8.51416e-01
  5070.000  8.39174e-01
  5075.000  8.24619e-01
  5080.000  8.14094e-01
  5085.000  8.10070e-01
  5090.000  8.10877e-01
  5095.000  8.12067e-01
  5100.000  8.08532e-01
  5105.000  8.00567e-01
  5110.000  7.94690e-01
  5115.000  7.95683e-01
  5120.000  8.01311e-01
  5125.000  8.04632e-01
  5130.000  8.02058e-01
  5135.000  7.95919e-01
  5140.000  7.89596e-01
  5145.000  7.86950e-01
  5150.000  7.89979e-01
  5155.000  7.92267e-01
  5160.000  7.81096e-01
  5165.000  7.52075e-01
  5170.000  7.20419e-01
  5175.000  7.07414e-01
  5180.000  7.21737e-01
  5185.000  7.56604e-01
  5190.000  7.92044e-01
  5195.000  8.09547e-01
  5200.000  8.05086e-01
  5205.000  7.89539e-01
  5210.000  7.86557e-01
  5215.000  8.09571e-01
  5220.000  8.42743e-01
  5225.000  8.65923e-01
  5230.000  8.79481e-01
  5235.000  8.92799e-01
  5240.000  9.08143e-01
  5245.000  9.19338e-01
  5250.000  9.12887e-01
  5255.000  8.80078e-01
  5260.000  8.33728e-01
  5265.000  7.99133e-01
  5270.000  7.98728e-01
  5275.000  8.38220e-01
  5280.000  8.92981e-01
  5285.000  9.31302e-01
  5290.000  9.43029e-01
  5295.000  9.36929e-01
  5300.000  9.31720e-01
  5305.000  9.41598e-01
  5310.000  9.58587e-01
  5315.000  9.63806e-01
  5320.000  9.51387e-01
  5325.000  9.27788e-01
  5330.000  9.05985e-01
  5335.000  9.01730e-01
  5340.000  9.21436e-01
  5345.000  9.56971e-01
  5350.000  9.90932e-01
  5355.000  1.00792e+00
  5360.000  1.00362e+00
  5365.000  9.86307e-01
  5370.000  9.72303e-01
  5375.000  9.70765e-01
  5380.000  9.74580e-01
  5385.000  9.71368e-01
  5390.000  9.55626e-01
  5395.000  9.32508e-01
  5400.000  9.17638e-01
  5405.000  9.23359e-01
  5410.000  9.48574e-01
  5415.000  9.81444e-01
  5420.000  1.00002e+00
  5425.000  9.92822e-01
  5430.000  9.76438e-01
  5435.000  9.71529e-01
  5440.000  9.82800e-01
  5445.000  1.00320e+00
  5450.000  1.01978e+00
  5455.000  1.02297e+00
  5460.000  1.01306e+00
  5465.000  9.97177e-01
  5470.000  9.85347e-01
  5475.000  9.82968e-01
  5480.000  9.86257e-01
  5485.000  9.90147e-01
  5490.000  9.95864e-01
  5495.000  1.00458e+00
  5500.000  1.00784e+00
  5505.000  9.98869e-01
  5510.000  9.86999e-01
  5515.000  9.84080e-01
  5520.000  9.89613e-01
  5525.000  9.98804e-01
  5530.000  1.00976e+00
  5535.000  1.01949e+00
  5540.000  1.02459e+00
  5545.000  1.02497e+00
  5550.000  1.02187e+00
  5555.000  1.01747e+00
  5560.000  1.01412e+00
  5565.000  1.01164e+00
  5570.000  1.00955e+00
  5575.000  1.00645e+00
  5580.000  9.96721e-01
  5585.000  9.79129e-01
  5590.000  9.65291e-01
  5595.000  9.66446e-01
  5600.000  9.80388e-01
  5605.000  9.98718e-01
  5610.000  1.01364e+00
  5615.000  1.01953e+00
  5620.000  1.01560e+00
  5625.000  1.00763e+00
  5630.000  1.00754e+00
  5635.000  1.02189e+00
  5640.000  1.04075e+00
  5645.000  1.04992e+00
  5650.000  1.04722e+00
  5655.000  1.03886e+00
  5660.000  1.03230e+00
  5665.000  1.03457e+00
  5670.000  1.04754e+00
  5675.000  1.06505e+00
  5680.000  1.07704e+00
  5685.000  1.07640e+00
  5690.000  1.06372e+00
  5695.000  1.04483e+00
  5700.000  1.02338e+00
  5705.000  1.00270e+00
  5710.000  9.95051e-01
  5715.000  1.00855e+00
  5720.000  1.03286e+00
  5725.000  1.05444e+00
  5730.000  1.06589e+00
  5735.000  1.06461e+00
  5740.000  1.05709e+00
  5745.000  1.05218e+00
  5750.000  1.05373e+00
  5755.000  1.06217e+00
  5760.000  1.07447e+00
  5765.000  1.08487e+00
  5770.000  1.08802e+00
  5775.000  1.08116e+00
  5780.000  1.06581e+00
  5785.000  1.04805e+00
  5790.000  1.03639e+00
  5795.000  1.03756e+00
  5800.000  1.05255e+00
  5805.000  1.07550e+00
  5810.000  1.09619e+00
  5815.000  1.10631e+00
  5820.000  1.10450e+00
  5825.000  1.09640e+00
  5830.000  1.08969e+00
  5835.000  1.08766e+00
  5840.000  1.08755e+00
  5845.000  1.08429e+00
  5850.000  1.07626e+00
  5855.000  1.06800e+00
  5860.000  1.06531e+00
  5865.000  1.06852e+00
  5870.000  1.07073e+00
  5875.000  1.06183e+00
  5880.000  1.03780e+00
  5885.000  1.00646e+00
  5890.000  9.82697e-01
  5895.000  9.78604e-01
  5900.000  9.95530e-01
  5905.000  1.02364e+00
  5910.000  1.04910e+00
  5915.000  1.06460e+00
  5920.000  1.07139e+00
  5925.000  1.07454e+00
  5930.000  1.07795e+00
  5935.000  1.08059e+00
  5940.000  1.07985e+00
  5945.000  1.07691e+00
  5950.000  1.07621e+00
  5955.000  1.08214e+00
  5960.000  1.09424e+00
  5965.000  1.10616e+00
  5970.000  1.11065e+00
  5975.000  1.10519e+00
  5980.000  1.09380e+00
  5985.000  1.08354e+00
  5990.000  1.07863e+00
  5995.000  1.07778e+00
  6000.000  1.07596e+00
  6005.000  1.07047e+00
  6010.000  1.06086e+00
  6015.000  1.05661e+00
  6020.000  1.05748e+00
  6025.000  1.07758e+00
  6030.000  1.10352e+00
  6035.000  1.12666e+00
  6040.000  1.13595e+00
  6045.000  1.14056e+00
  6050.000  1.13414e+00
  6055.000  1.12068e+00
  6060.000  1.11170e+00
  6065.000  1.11501e+00
  6070.000  1.12644e+00
  6075.000  1.13154e+00
  6080.000  1.11464e+00
  6085.000  1.09475e+00
  6090.000  1.08150e+00
  6095.000  1.07914e+00
  6100.000  1.08409e+00
  6105.000  1.08615e+00
  6110.000  1.09489e+00
  6115.000  1.09261e+00
  6120.000  1.07176e+00
  6125.000  1.05585e+00
  6130.000  1.06223e+00
  6135.000  1.05053e+00
  6140.000  1.05669e+00
  6145.000  1.07179e+00
  6150.000  1.06599e+00
  6155.000  1.05736e+00
  6160.000  1.03489e+00
  6165.000  1.02681e+00
  6170.000  1.04203e+00
  6175.000  1.06311e+00
  6180.000  1.07862e+00
  6185.000  1.07543e+00
  6190.000  1.05570e+00
  6195.000  1.06275e+00
  6200.000  1.07186e+00
  6205.000  1.07959e+00
  6210.000  1.07102e+00
  6215.000  1.04466e+00
  6220.000  1.03161e+00
  6225.000  1.03569e+00
  6230.000  1.02762e+00
  6235.000  1.02542e+00
  6240.000  1.02665e+00
  6245.000  1.01048e+00
  6250.000  1.01768e+00
  6255.000  1.00336e+00
  6260.000  9.94837e-01
  6265.000  1.02849e+00
  6270.000  1.04125e+00
  6275.000  1.04991e+00
  6280.000  1.05054e+00
  6285.000  1.06194e+00
  6290.000  1.06801e+00
  6295.000  1.05255e+00
  6300.000  1.03922e+00
  6305.000  1.04204e+00
  6310.000  1.04700e+00
  6315.000  1.03954e+00
  6320.000  1.03709e+00
  6325.000  1.05273e+00
  6330.000  1.06638e+00
  6335.000  1.06323e+00
  6340.000  1.05364e+00
  6345.000  1.05404e+00
  6350.000  1.05678e+00
  6355.000  1.04687e+00
  6360.000  1.02250e+00
  6365.000  1.02914e+00
  6370.000  1.06199e+00
  6375.000  1.08299e+00
  6380.000  1.08994e+00
  6385.000  1.09339e+00
  6390.000  1.09346e+00
  6395.000  1.07764e+00
  6400.000  1.07600e+00
  6405.000  1.06875e+00
  6410.000  1.06500e+00
  6415.000  1.06600e+00
  6420.000  1.06614e+00
  6425.000  1.07845e+00
  6430.000  1.07795e+00
  6435.000  1.07496e+00
  6440.000  1.08293e+00
  6445.000  1.08738e+00
  6450.000  1.07189e+00
  6455.000  1.07437e+00
  6460.000  1.08530e+00
  6465.000  1.08558e+00
  6470.000  1.08240e+00
  6475.000  1.07981e+00
  6480.000  1.07407e+00
  6485.000  1.05737e+00
  6490.000  1.05465e+00
  6495.000  1.02172e+00
  6500.000  1.02850e+00
  6505.000  1.06132e+00
  6510.000  1.07963e+00
  6515.000  1.08566e+00
  6520.000  1.08545e+00
  6525.000  1.08629e+00
  6530.000  1.08292e+00
  6535.000  1.08341e+00
  6540.000  1.08703e+00
  6545.000  1.07742e+00
  6550.000  1.06172e+00
  6555.000  1.04223e+00
  6560.000  1.02143e+00
  6565.000  1.00257e+00
  6570.000  1.03564e+00
  6575.000  1.04975e+00
  6580.000  1.06718e+00
  6585.000  1.07715e+00
  6590.000  1.07658e+00
  6595.000  1.06085e+00
  6600.000  1.06721e+00
  6605.000  1.07641e+00
  6610.000  1.07466e+00
  6615.000  1.09495e+00
  6620.000  1.10593e+00
  6625.000  1.09500e+00
  6630.000  1.08281e+00
  6635.000  1.07442e+00
  6640.000  1.07601e+00
  6645.000  1.07526e+00
  6650.000  1.07972e+00
  6655.000  1.08434e+00
  6660.000  1.07885e+00
  6665.000  1.06807e+00
  6670.000  1.06916e+00
  6675.000  1.07570e+00
  6680.000  1.06967e+00
  6685.000  1.08862e+00
  6690.000  1.09208e+00
  6695.000  1.08299e+00
  6700.000  1.07433e+00
  6705.000  1.06606e+00
  6710.000  1.06428e+00
  6715.000  1.06179e+00
  6720.000  1.07268e+00
  6725.000  1.09153e+00
  6730.000  1.09077e+00
  6735.000  1.08585e+00
  6740.000  1.07202e+00
  6745.000  1.06516e+00
  6750.000  1.06775e+00
  6755.000  1.07282e+00
  6760.000  1.09200e+00
  6765.000  1.08577e+00
  6770.000  1.08035e+00
  6775.000  1.08639e+00
  6780.000  1.09175e+00
  6785.000  1.08523e+00
  6790.000  1.08544e+00
  6795.000  1.08516e+00
  6800.000  1.08622e+00
  6805.000  1.08557e+00
  6810.000  1.08432e+00
  6815.000  1.08411e+00
  6820.000  1.09035e+00
  6825.000  1.09387e+00
  6830.000  1.08799e+00
  6835.000  1.08401e+00
  6840.000  1.07855e+00
  6845.000  1.07169e+00
  6850.000  1.06431e+00
  6855.000  1.05850e+00
  6860.000  1.05592e+00
  6865.000  1.05762e+00
  6870.000  1.06272e+00
  6875.000  1.06929e+00
  6880.000  1.07544e+00
  6885.000  1.08026e+00
  6890.000  1.08325e+00
  6895.000  1.08443e+00
  6900.000  1.08439e+00
  6905.000  1.08359e+00
  6910.000  1.08262e+00
  6915.000  1.08192e+00
  6920.000  1.08153e+00
  6925.000  1.07903e+00
  6930.000  1.07388e+00
  6935.000  1.06679e+00
  6940.000  1.06016e+00
  6945.000  1.05649e+00
  6950.000  1.05659e+00
  6955.000  1.05940e+00
  6960.000  1.06122e+00
  6965.000  1.05899e+00
  6970.000  1.05336e+00
  6975.000  1.04002e+00
  6980.000  1.01743e+00
  6985.000  1.03449e+00
  6990.000  1.04202e+00
  6995.000  1.04857e+00
  7000.000  1.02657e+00
  7005.000  1.01963e+00
  7010.000  1.01748e+00
  7015.000  9.97863e-01
  7020.000  9.95257e-01
  7025.000  1.00026e+00
  7030.000  1.00927e+00
  7035.000  1.02410e+00
  7040.000  1.03164e+00
  7045.000  1.05397e+00
  7050.000  1.04914e+00
  7055.000  1.03385e+00
  7060.000  1.03594e+00
  7065.000  1.02266e+00
  7070.000  1.01777e+00
  7075.000  1.04406e+00
  7080.000  1.04942e+00
  7085.000  1.02348e+00
  7090.000  1.00415e+00
  7095.000  9.99227e-01
  7100.000  9.95650e-01
  7105.000  9.84280e-01
  7110.000  9.79513e-01
  7115.000  9.82907e-01
  7120.000  9.90508e-01
  7125.000  9.90461e-01
  7130.000  9.79811e-01
  7135.000  9.80592e-01
  7140.000  9.86743e-01
  7145.000  9.88761e-01
  7150.000  9.86267e-01
  7155.000  1.00418e+00
  7160.000  1.02245e+00
  7165.000  1.02412e+00
  7170.000  1.03170e+00
  7175.000  1.03600e+00
  7180.000  1.02207e+00
  7185.000  1.00910e+00
  7190.000  9.97812e-01
  7195.000  1.01515e+00
  7200.000  1.01776e+00
  7205.000  1.00622e+00
  7210.000  9.92100e-01
  7215.000  9.92887e-01
  7220.000  1.00236e+00
  7225.000  1.01235e+00
  7230.000  1.03032e+00
  7235.000  1.03625e+00
  7240.000  1.03261e+00
  7245.000  1.02747e+00
  7250.000  1.02683e+00
  7255.000  1.02044e+00
  7260.000  1.02283e+00
  7265.000  1.01245e+00
  7270.000  1.01403e+00
  7275.000  9.95317e-01
  7280.000  9.78711e-01
  7285.000  9.67183e-01
  7290.000  9.73808e-01
  7295.000  9.95896e-01
  7300.000  1.01787e+00
  7305.000  1.01281e+00
  7310.000  9.98141e-01
  7315.000  9.80662e-01
  7320.000  9.67785e-01
  7325.000  9.67298e-01
  7330.000  9.79254e-01
  7335.000  9.99298e-01
  7340.000  1.01656e+00
  7345.000  1.01047e+00
  7350.000  1.00119e+00
  7355.000  9.81039e-01
  7360.000  9.86103e-01
  7365.000  9.91165e-01
  7370.000  1.00720e+00
  7375.000  1.01813e+00
  7380.000  1.01586e+00
  7385.000  1.00002e+00
  7390.000  9.90814e-01
  7395.000  1.01290e+00
  7400.000  1.02105e+00
  7405.000  1.03080e+00
  7410.000  1.02623e+00
  7415.000  1.00334e+00
  7420.000  1.00019e+00
  7425.000  1.00665e+00
  7430.000  1.01876e+00
  7435.000  1.01672e+00
  7440.000  1.01261e+00
  7445.000  9.97064e-01
  7450.000  1.00276e+00
  7455.000  1.00845e+00
  7460.000  1.00254e+00
  7465.000  1.00846e+00
  7470.000  1.02949e+00
  7475.000  1.02606e+00
  7480.000  1.02689e+00
  7485.000  1.01736e+00
  7490.000  1.00711e+00
  7495.000  9.87263e-01
  7500.000  1.00224e+00
  7505.000  1.01729e+00
  7510.000  1.02211e+00
  7515.000  1.03259e+00
  7520.000  1.03507e+00
  7525.000  1.01937e+00
  7530.000  1.01502e+00
  7535.000  1.02291e+00
  7540.000  1.02749e+00
  7545.000  1.02258e+00
  7550.000  1.01542e+00
  7555.000  1.00661e+00
  7560.000  9.98865e-01
  7565.000  9.96848e-01
  7570.000  9.99001e-01
  7575.000  1.00115e+00
  7580.000  1.00149e+00
  7585.000  1.00155e+00
  7590.000  1.00471e+00
  7595.000  1.01258e+00
  7600.000  1.02161e+00
  7605.000  1.02541e+00
  7610.000  1.02027e+00
  7615.000  1.00930e+00
  7620.000  1.00051e+00
  7625.000  1.00051e+00
  7630.000  1.00930e+00
  7635.000  1.02015e+00
  7640.000  1.02442e+00
  7645.000  1.01796e+00
  7650.000  1.00437e+00
  7655.000  9.92047e-01
  7660.000  9.88059e-01
  7665.000  9.93789e-01
  7670.000  1.00462e+00
  7675.000  1.01377e+00
  7680.000  1.01718e+00
  7685.000  1.01578e+00
  7690.000  1.01269e+00
  7695.000  1.00941e+00
  7700.000  1.00678e+00
  7705.000  1.00441e+00
  7710.000  1.00215e+00
  7715.000  1.00075e+00
  7720.000  1.00140e+00
  7725.000  1.00333e+00
  7730.000  1.00853e+00
  7735.000  1.01213e+00
  7740.000  1.01223e+00
  7745.000  9.94289e-01
  7750.000  9.78622e-01
  7755.000  9.98646e-01
  7760.000  1.01318e+00
  7765.000  1.02233e+00
  7770.000  1.02438e+00
  7775.000  1.02902e+00
  7780.000  1.02384e+00
  7785.000  1.01783e+00
  7790.000  1.01485e+00
  7795.000  1.01913e+00
  7800.000  1.01689e+00
  7805.000  1.02275e+00
  7810.000  1.02326e+00
  7815.000  1.03141e+00
  7820.000  1.03442e+00
  7825.000  1.03548e+00
  7830.000  1.02337e+00
  7835.000  1.00490e+00
  7840.000  1.01014e+00
  7845.000  1.02186e+00
  7850.000  1.02051e+00
  7855.000  1.01818e+00
  7860.000  1.02440e+00
  7865.000  1.01921e+00
  7870.000  1.00232e+00
  7875.000  9.78779e-01
  7880.000  9.68514e-01
  7885.000  9.66028e-01
  7890.000  9.67397e-01
  7895.000  9.47897e-01
  7900.000  9.32023e-01
  7905.000  9.37959e-01
  7910.000  9.31861e-01
  7915.000  9.20451e-01
  7920.000  9.22201e-01
  7925.000  9.30795e-01
  7930.000  9.25488e-01
  7935.000  9.13190e-01
  7940.000  9.00571e-01
  7945.000  8.94553e-01
  7950.000  9.08110e-01
  7955.000  9.27304e-01
  7960.000  9.30530e-01
  7965.000  9.32979e-01
  7970.000  9.36559e-01
  7975.000  9.43398e-01
  7980.000  9.44180e-01
  7985.000  9.55781e-01
  7990.000  9.58187e-01
  7995.000  9.48538e-01
  8000.000  9.30750e-01
  8005.000  9.21994e-01
  8010.000  9.20107e-01
  8015.000  9.24987e-01
  8020.000  9.33865e-01
  8025.000  9.31413e-01
  8030.000  9.30417e-01
  8035.000  9.54715e-01
  8040.000  9.55568e-01
  8045.000  9.37206e-01
  8050.000  9.23783e-01
  8055.000  9.35260e-01
  8060.000  9.42254e-01
  8065.000  9.35494e-01
  8070.000  9.21628e-01
  8075.000  9.10317e-01
  8080.000  9.12812e-01
  8085.000  9.03092e-01
  8090.000  8.93468e-01
  8095.000  8.76178e-01
  8100.000  8.80180e-01
  8105.000  8.83581e-01
  8110.000  8.79574e-01
  8115.000  8.78211e-01
  8120.000  8.78976e-01
  8125.000  8.93469e-01
  8130.000  8.89208e-01
  8135.000  8.84876e-01
  8140.000  8.88534e-01
  8145.000  8.90147e-01
  8150.000  8.98653e-01
  8155.000  9.11745e-01
  8160.000  9.07904e-01
  8165.000  8.88777e-01
  8170.000  8.85815e-01
  8175.000  8.74045e-01
  8180.000  8.69564e-01
  8185.000  8.70663e-01
  8190.000  8.85481e-01
  8195.000  8.91020e-01
  8200.000  8.87139e-01
  8205.000  8.87511e-01
  8210.000  8.89561e-01
  8215.000  8.99577e-01
  8220.000  9.13978e-01
  8225.000  9.23637e-01
  8230.000  9.24172e-01
  8235.000  9.23837e-01
  8240.000  9.19434e-01
  8245.000  9.08542e-01
  8250.000  9.08843e-01
  8255.000  8.96245e-01
  8260.000  9.04257e-01
  8265.000  9.11495e-01
  8270.000  9.00223e-01
  8275.000  8.83823e-01
  8280.000  8.77210e-01
  8285.000  8.73124e-01
  8290.000  8.65108e-01
  8295.000  8.61588e-01
  8300.000  8.58606e-01
  8305.000  8.59556e-01
  8310.000  8.50908e-01
  8315.000  8.61440e-01
  8320.000  8.63859e-01
  8325.000  8.55206e-01
  8330.000  8.47282e-01
  8335.000  8.47392e-01
  8340.000  8.57725e-01
  8345.000  8.64914e-01
  8350.000  8.67191e-01
  8355.000  8.73570e-01
  8360.000  8.72200e-01
  8365.000  8.64249e-01
  8370.000  8.69083e-01
  8375.000  8.71283e-01
  8380.000  8.66574e-01
  8385.000  8.55315e-01
  8390.000  8.58544e-01
  8395.000  8.80503e-01
  8400.000  8.84490e-01
  8405.000  8.85288e-01
  8410.000  8.85898e-01
  8415.000  8.74611e-01
  8420.000  8.69190e-01
  8425.000  8.61482e-01
  8430.000  8.64228e-01
  8435.000  8.64406e-01
  8440.000  8.64006e-01
  8445.000  8.84122e-01
  8450.000  8.89434e-01
  8455.000  8.94627e-01
  8460.000  8.97045e-01
  8465.000  8.92037e-01
  8470.000  8.78260e-01
  8475.000  8.92769e-01
  8480.000  8.97802e-01
  8485.000  8.93480e-01
  8490.000  8.84552e-01
  8495.000  8.49243e-01
  8500.000  7.87655e-01
  8505.000  8.31069e-01
  8510.000  8.69471e-01
  8515.000  8.67905e-01
  8520.000  8.69938e-01
  8525.000  8.67655e-01
  8530.000  8.37711e-01
  8535.000  7.93286e-01
  8540.000  7.13474e-01
  8545.000  6.70821e-01
  8550.000  7.64536e-01
  8555.000  8.40913e-01
  8560.000  8.73958e-01
  8565.000  8.86003e-01
  8570.000  8.87046e-01
  8575.000  8.82981e-01
  8580.000  8.87270e-01
  8585.000  8.87301e-01
  8590.000  8.92780e-01
  8595.000  8.91558e-01
  8600.000  8.83676e-01
  8605.000  8.73647e-01
  8610.000  8.59527e-01
  8615.000  8.54592e-01
  8620.000  8.68746e-01
  8625.000  8.83341e-01
  8630.000  9.03599e-01
  8635.000  9.11875e-01
  8640.000  9.13890e-01
  8645.000  8.98480e-01
  8650.000  8.63703e-01
  8655.000  8.24352e-01
  8660.000  7.61227e-01
  8665.000  7.17180e-01
  8670.000  7.92046e-01
  8675.000  8.38862e-01
  8680.000  8.67055e-01
  8685.000  8.76367e-01
  8690.000  8.67999e-01
  8695.000  8.77980e-01
  8700.000  8.81889e-01
  8705.000  8.88310e-01
  8710.000  8.97855e-01
  8715.000  9.00324e-01
  8720.000  9.09558e-01
  8725.000  9.06591e-01
  8730.000  8.96035e-01
  8735.000  8.88012e-01
  8740.000  8.85519e-01
  8745.000  8.86769e-01
  8750.000  8.82798e-01
  8755.000  8.74102e-01
  8760.000  8.66902e-01
  8765.000  8.57850e-01
  8770.000  8.50019e-01
  8775.000  8.51413e-01
  8780.000  8.67563e-01
  8785.000  8.74552e-01
  8790.000  8.72239e-01
  8795.000  8.61892e-01
  8800.000  8.60026e-01
  8805.000  8.45514e-01
  8810.000  8.42835e-01
  8815.000  8.77460e-01
  8820.000  8.87547e-01
  8825.000  8.80129e-01
  8830.000  8.89157e-01
  8835.000  8.93407e-01
  8840.000  8.84079e-01
  8845.000  8.93459e-01
  8850.000  8.99542e-01
  8855.000  8.96422e-01
  8860.000  8.86671e-01
  8865.000  8.68858e-01
  8870.000  8.58765e-01
  8875.000  8.62087e-01
  8880.000  8.57842e-01
  8885.000  8.65328e-01
  8890.000  8.71850e-01
  8895.000  8.75220e-01
  8900.000  8.81806e-01
  8905.000  8.74408e-01
  8910.000  8.75079e-01
  8915.000  8.72433e-01
  8920.000  8.68606e-01
  8925.000  8.64999e-01
  8930.000  8.63415e-01
  8935.000  8.61896e-01
  8940.000  8.64951e-01
  8945.000  8.59617e-01
  8950.000  8.64233e-01
  8955.000  8.75773e-01
  8960.000  8.80170e-01
  8965.000  8.79820e-01
  8970.000  8.76689e-01
  8975.000  8.74187e-01
  8980.000  8.71679e-01
  8985.000  8.68789e-01
  8990.000  8.57738e-01
  8995.000  8.64449e-01
  9000.000  8.60473e-01
  9005.000  8.61983e-01
  9010.000  8.56942e-01
  9015.000  8.51043e-01
  9020.000  8.54638e-01
  9025.000  8.55564e-01
  9030.000  8.62655e-01
  9035.000  8.74443e-01
  9040.000  8.75246e-01
  9045.000  8.76708e-01
  9050.000  8.74401e-01
  9055.000  8.74379e-01
  9060.000  8.70835e-01
  9065.000  8.67479e-01
  9070.000  8.61019e-01
  9075.000  8.55003e-01
  9080.000  8.44572e-01
  9085.000  8.37044e-01
  9090.000  8.26820e-01
  9095.000  8.31954e-01
  9100.000  8.32464e-01
  9105.000  8.29127e-01
  9110.000  8.27096e-01
  9115.000  8.24165e-01
  9120.000  8.19981e-01
  9125.000  8.29779e-01
  9130.000  8.26002e-01
  9135.000  8.14112e-01
  9140.000  8.02748e-01
  9145.000  7.89655e-01
  9150.000  7.85865e-01
  9155.000  7.85988e-01
  9160.000  7.90401e-01
  9165.000  7.89933e-01
  9170.000  7.75007e-01
  9175.000  7.67101e-01
  9180.000  7.78147e-01
  9185.000  7.82877e-01
  9190.000  7.82167e-01
  9195.000  7.77297e-01
  9200.000  7.76132e-01
  9205.000  7.73127e-01
  9210.000  7.72572e-01
  9215.000  7.75026e-01
  9220.000  7.81821e-01
  9225.000  7.86884e-01
  9230.000  7.79845e-01
  9235.000  7.67366e-01
  9240.000  7.51639e-01
  9245.000  7.41943e-01
  9250.000  7.36021e-01
  9255.000  7.34881e-01
  9260.000  7.37743e-01
  9265.000  7.48934e-01
  9270.000  7.57850e-01
  9275.000  7.59824e-01
  9280.000  7.59072e-01
  9285.000  7.63764e-01
  9290.000  7.63184e-01
  9295.000  7.70907e-01
  9300.000  7.74689e-01
  9305.000  7.77313e-01
  9310.000  7.70259e-01
  9315.000  7.61394e-01
  9320.000  7.60361e-01
  9325.000  7.62428e-01
  9330.000  7.77556e-01
  9335.000  7.78385e-01
  9340.000  7.71885e-01
  9345.000  7.59438e-01
  9350.000  7.70895e-01
  9355.000  7.55182e-01
  9360.000  7.56606e-01
  9365.000  7.77244e-01
  9370.000  7.79774e-01
  9375.000  7.87707e-01
  9380.000  7.83702e-01
  9385.000  7.91685e-01
  9390.000  8.04429e-01
  9395.000  8.14734e-01
  9400.000  8.15039e-01
  9405.000  8.06273e-01
  9410.000  7.86398e-01
  9415.000  7.63634e-01
  9420.000  7.52213e-01
  9425.000  7.32810e-01
  9430.000  7.15359e-01
  9435.000  7.17578e-01
  9440.000  7.02092e-01
  9445.000  7.10427e-01
  9450.000  7.25541e-01
  9455.000  7.23565e-01
  9460.000  7.27000e-01
  9465.000  7.35587e-01
  9470.000  7.36652e-01
  9475.000  7.40990e-01
  9480.000  7.28818e-01
  9485.000  7.42687e-01
  9490.000  7.49253e-01
  9495.000  7.35742e-01
  9500.000  7.27451e-01
  9505.000  7.48256e-01
  9510.000  7.69667e-01
  9515.000  7.74070e-01
  9520.000  7.76025e-01
  9525.000  7.90210e-01
  9530.000  7.96119e-01
  9535.000  7.94849e-01
  9540.000  7.85169e-01
  9545.000  7.73498e-01
  9550.000  7.71467e-01
  9555.000  7.63260e-01
  9560.000  7.56426e-01
  9565.000  7.43902e-01
  9570.000  7.35905e-01
  9575.000  7.40156e-01
  9580.000  7.36532e-01
  9585.000  7.39704e-01
  9590.000  7.41868e-01
  9595.000  7.48253e-01
  9600.000  7.46712e-01
  9605.000  7.48589e-01
  9610.000  7.56730e-01
  9615.000  7.65778e-01
  9620.000  7.71895e-01
  9625.000  7.70120e-01
  9630.000  7.74474e-01
  9635.000  7.69903e-01
  9640.000  7.62934e-01
  9645.000  7.61744e-01
  9650.000  7.59359e-01
  9655.000  7.60370e-01
  9660.000  7.51693e-01
  9665.000  7.42905e-01
  9670.000  7.39574e-01
  9675.000  7.27185e-01
  9680.000  7.26750e-01
  9685.000  7.32532e-01
  9690.000  7.28688e-01
  9695.000  7.32064e-01
  9700.000  7.34402e-01
  9705.000  7.34349e-01
  9710.000  7.41901e-01
  9715.000  7.52435e-01
  9720.000  7.49084e-01
  9725.000  7.51240e-01
  9730.000  7.46216e-01
  9735.000  7.42134e-01
  9740.000  7.34822e-01
  9745.000  7.27178e-01
  9750.000  7.30114e-01
  9755.000  7.31250e-01
  9760.000  7.32299e-01
  9765.000  7.27800e-01
  9770.000  7.27805e-01
  9775.000  7.28415e-01
  9780.000  7.28272e-01
  9785.000  7.32130e-01
  9790.000  7.37865e-01
  9795.000  7.54232e-01
  9800.000  7.62263e-01
  9805.000  7.66928e-01
  9810.000  7.63411e-01
  9815.000  7.56732e-01
  9820.000  7.55456e-01
  9825.000  7.47829e-01
  9830.000  7.44832e-01
  9835.000  7.45172e-01
  9840.000  7.51869e-01
  9845.000  7.51775e-01
  9850.000  7.51189e-01
  9855.000  7.47014e-01
  9860.000  7.43110e-01
  9865.000  7.34275e-01
  9870.000  7.43556e-01
  9875.000  7.52153e-01
  9880.000  7.57267e-01
  9885.000  7.60683e-01
  9890.000  7.62025e-01
  9895.000  7.58319e-01
  9900.000  7.48958e-01
  9905.000  7.47891e-01
  9910.000  7.50684e-01
  9915.000  7.51239e-01
  9920.000  7.59272e-01
  9925.000  7.62308e-01
  9930.000  7.59908e-01
  9935.000  7.56052e-01
  9940.000  7.60095e-01
  9945.000  7.51663e-01
  9950.000  7.44411e-01
  9955.000  7.46212e-01
  9960.000  7.63535e-01
  9965.000  7.73090e-01
  9970.000  7.79319e-01
  9975.000  7.85920e-01
  9980.000  7.92489e-01
  9985.000  7.76910e-01
  9990.000  7.68591e-01
  9995.000  7.57879e-01
 10000.000  7.52569e-01
 10005.000  7.53347e-01
 10010.000  7.57004e-01
 10015.000  7.58906e-01
 10020.000  7.62399e-01
 10025.000  7.56616e-01
 10030.000  7.61455e-01
 10035.000  7.46693e-01
 10040.000  7.53434e-01
 10045.000  7.51337e-01
 10050.000  7.46617e-01
 10055.000  7.56509e-01
 10060.000  7.43730e-01
 10065.000  7.55973e-01
 10070.000  7.42823e-01
 10075.000  7.48340e-01
 10080.000  7.46306e-01
 10085.000  7.48817e-01
 10090.000  7.50609e-01
 10095.000  7.49291e-01
 10100.000  7.52828e-01
 10105.000  7.53397e-01
 10110.000  7.51448e-01
 10115.000  7.47947e-01
 10120.000  7.43856e-01
 10125.000  7.39991e-01
 10130.000  7.36561e-01
 10135.000  7.33627e-01
 10140.000  7.31251e-01
 10145.000  7.29435e-01
 10150.000  7.27965e-01
 10155.000  7.26569e-01
 10160.000  7.24974e-01
 10165.000  7.23097e-01
 10170.000  7.21611e-01
 10175.000  7.21377e-01
 10180.000  7.23257e-01
 10185.000  7.27666e-01
 10190.000  7.33243e-01
 10195.000  7.38180e-01
 10200.000  7.40670e-01
 10205.000  7.39489e-01
 10210.000  7.35753e-01
 10215.000  7.31161e-01
 10220.000  7.27410e-01
 10225.000  7.25797e-01
 10230.000  7.26009e-01
 10235.000  7.27327e-01
 10240.000  7.29035e-01
 10245.000  7.30512e-01
 10250.000  7.31511e-01
 10255.000  7.31882e-01
 10260.000  7.31476e-01
 10265.000  7.30248e-01
 10270.000  7.28579e-01
 10275.000  7.26955e-01
 10280.000  7.25864e-01
 10285.000  7.25612e-01
 10290.000  7.25780e-01
 10295.000  7.25769e-01
 10300.000  7.24979e-01
 10305.000  7.17020e-01
 10310.000  7.15433e-01
 10315.000  7.13672e-01
 10320.000  7.11997e-01
 10325.000  7.10639e-01
 10330.000  7.09732e-01
 10335.000  7.09383e-01
 10340.000  7.09701e-01
 10345.000  7.10682e-01
 10350.000  7.11871e-01
 10355.000  7.12702e-01
 10360.000  7.12608e-01
 10365.000  7.11230e-01
 10370.000  7.09038e-01
 10375.000  7.06705e-01
 10380.000  7.04909e-01
 10385.000  7.04170e-01
 10390.000  7.04394e-01
 10395.000  7.05334e-01
 10400.000  7.06741e-01
 10405.000  7.08303e-01
 10410.000  7.09457e-01
 10415.000  7.09573e-01
 10420.000  7.08027e-01
 10425.000  7.04510e-01
 10430.000  7.00001e-01
 10435.000  6.95799e-01
 10440.000  6.93204e-01
 10445.000  6.93107e-01
 10450.000  6.94774e-01
 10455.000  6.97060e-01
 10460.000  6.98822e-01
 10465.000  6.99210e-01
 10470.000  6.98549e-01
 10475.000  6.97455e-01
 10480.000  6.96545e-01
 10485.000  6.96316e-01
 10490.000  6.96779e-01
 10495.000  6.97821e-01
 10500.000  6.99334e-01
