# SDSS u-band filter response (sdss2010, Doi et al. 2010, AJ 139, 1628)
# via speclite; includes atmosphere at airmass 1.3 at APO
# columns: wavelength_Angstrom  response(photon-counting)
   2939.0 0.000000e+00
   2940.0 1.620000e-06
   2960.0 7.260000e-06
   2980.0 1.755000e-05
   3000.0 4.131000e-05
   3020.0 9.016000e-05
   3040.0 2.401200e-04
   3060.0 5.240000e-04
   3080.0 1.003310e-03
   3100.0 2.118880e-03
   3120.0 3.651080e-03
   3140.0 6.088560e-03
   3160.0 9.644760e-03
   3180.0 1.362520e-02
   3200.0 1.824100e-02
   3220.0 2.309780e-02
   3240.0 2.769900e-02
   3260.0 3.231310e-02
   3280.0 3.680640e-02
   3300.0 4.093060e-02
   3320.0 4.513180e-02
   3340.0 4.936610e-02
   3360.0 5.354500e-02
   3380.0 5.732200e-02
   3400.0 6.043290e-02
   3420.0 6.338740e-02
   3440.0 6.605350e-02
   3460.0 6.918030e-02
   3480.0 7.290540e-02
   3500.0 7.651860e-02
   3520.0 7.934630e-02
   3540.0 8.169880e-02
   3560.0 8.379720e-02
   3580.0 8.586710e-02
   3600.0 8.781010e-02
   3620.0 8.976760e-02
   3640.0 9.187710e-02
   3660.0 9.416880e-02
   3680.0 9.601960e-02
   3700.0 9.642180e-02
   3720.0 9.650110e-02
   3740.0 9.420200e-02
   3760.0 9.095770e-02
   3780.0 8.673000e-02
   3800.0 7.915070e-02
   3820.0 7.153190e-02
   3840.0 6.012280e-02
   3860.0 4.721420e-02
   3880.0 3.515800e-02
   3900.0 2.629630e-02
   3920.0 1.731510e-02
   3940.0 1.169260e-02
   3960.0 7.146530e-03
   3980.0 3.375500e-03
   4000.0 2.183680e-03
   4020.0 1.031400e-03
   4040.0 5.542400e-04
   4060.0 3.490500e-04
   4080.0 2.109900e-04
   4100.0 2.125800e-04
   4120.0 2.138700e-04
   4140.0 1.434400e-04
   4160.0 7.215000e-05
   7620.0 1.900200e-06
   7640.0 2.656280e-05
   7660.0 1.166670e-04
   7680.0 2.424170e-04
   7700.0 3.734580e-04
   7720.0 5.203730e-04
   7740.0 6.362510e-04
   7760.0 6.355130e-04
   7780.0 5.188770e-04
   7800.0 3.796260e-04
   7820.0 2.600470e-04
   7840.0 1.686900e-04
   7860.0 8.767110e-05
   7880.0 4.148760e-05
   7900.0 2.452320e-05
   7920.0 1.037630e-05
   7940.0 6.603800e-06
   7941.0 0.000000e+00
