# SDSS i-band filter response (sdss2010, Doi et al. 2010, AJ 139, 1628)
# via speclite; includes atmosphere at airmass 1.3 at APO
# columns: wavelength_Angstrom  response(photon-counting)
   6599.0 0.000000e+00
   6600.0 1.842000e-04
   6620.0 7.371200e-04
   6640.0 1.106040e-03
   6660.0 1.567570e-03
   6680.0 2.398500e-03
   6700.0 4.244880e-03
   6720.0 7.385600e-03
   6740.0 1.209920e-02
   6760.0 2.088010e-02
   6780.0 3.373700e-02
   6800.0 5.177760e-02
   6820.0 7.714500e-02
   6840.0 1.048940e-01
   6860.0 1.367260e-01
   6880.0 1.675010e-01
   6900.0 2.073220e-01
   6920.0 2.516210e-01
   6940.0 2.901090e-01
   6960.0 3.260190e-01
   6980.0 3.592750e-01
   7000.0 3.815900e-01
   7020.0 4.000360e-01
   7040.0 4.148170e-01
   7060.0 4.249100e-01
   7080.0 4.328220e-01
   7100.0 4.383640e-01
   7120.0 4.439570e-01
   7140.0 4.466170e-01
   7160.0 4.297940e-01
   7180.0 4.115470e-01
   7200.0 4.190490e-01
   7220.0 4.264360e-01
   7240.0 4.244280e-01
   7260.0 4.220470e-01
   7280.0 4.197370e-01
   7300.0 4.173670e-01
   7320.0 4.227330e-01
   7340.0 4.278600e-01
   7360.0 4.247600e-01
   7380.0 4.218930e-01
   7400.0 4.195400e-01
   7420.0 4.169160e-01
   7440.0 4.142920e-01
   7460.0 4.116680e-01
   7480.0 4.089500e-01
   7500.0 4.062330e-01
   7520.0 4.035150e-01
   7540.0 3.995790e-01
   7560.0 3.954560e-01
   7580.0 3.845680e-01
   7600.0 2.333340e-01
   7620.0 2.589340e-01
   7640.0 2.440160e-01
   7660.0 3.128870e-01
   7680.0 3.712360e-01
   7700.0 3.673430e-01
   7720.0 3.632260e-01
   7740.0 3.590680e-01
   7760.0 3.549460e-01
   7780.0 3.507830e-01
   7800.0 3.466560e-01
   7820.0 3.425840e-01
   7840.0 3.402060e-01
   7860.0 3.380520e-01
   7880.0 3.358610e-01
   7900.0 3.337980e-01
   7920.0 3.315700e-01
   7940.0 3.294350e-01
   7960.0 3.273000e-01
   7980.0 3.254820e-01
   8000.0 3.239120e-01
   8020.0 3.219640e-01
   8040.0 3.198270e-01
   8060.0 3.174400e-01
   8080.0 3.142630e-01
   8100.0 3.096690e-01
   8120.0 2.959410e-01
   8140.0 2.728350e-01
   8160.0 2.477310e-01
   8180.0 2.133010e-01
   8200.0 1.664990e-01
   8220.0 1.214890e-01
   8240.0 7.836280e-02
   8260.0 5.182350e-02
   8280.0 3.227760e-02
   8300.0 1.900790e-02
   8320.0 1.320050e-02
   8340.0 8.805920e-03
   8360.0 5.776090e-03
   8380.0 1.894000e-03
   8381.0 0.000000e+00
