# SDSS z-band filter response (sdss2010, Doi et al. 2010, AJ 139, 1628)
# via speclite; includes atmosphere at airmass 1.3 at APO
# columns: wavelength_Angstrom  response(photon-counting)
   7719.0 0.000000e+00
   7720.0 9.410000e-05
   7740.0 9.412000e-05
   7760.0 9.415000e-05
   7780.0 9.417000e-05
   7800.0 1.884000e-04
   7820.0 1.884400e-04
   7840.0 1.884800e-04
   7860.0 2.828100e-04
   7880.0 3.771600e-04
   7900.0 5.659200e-04
   7920.0 7.546400e-04
   7940.0 9.434000e-04
   7960.0 1.132200e-03
   7980.0 1.509920e-03
   8000.0 2.170740e-03
   8020.0 2.831700e-03
   8040.0 4.153600e-03
   8060.0 5.570780e-03
   8080.0 7.365540e-03
   8100.0 9.916200e-03
   8120.0 1.215060e-02
   8140.0 1.533190e-02
   8160.0 1.900790e-02
   8180.0 2.304260e-02
   8200.0 2.770490e-02
   8220.0 3.245690e-02
   8240.0 3.720890e-02
   8260.0 4.187120e-02
   8280.0 4.653350e-02
   8300.0 5.110620e-02
   8320.0 5.692710e-02
   8340.0 6.220350e-02
   8360.0 6.675640e-02
   8380.0 7.026740e-02
   8400.0 7.320310e-02
   8420.0 7.605210e-02
   8440.0 7.804930e-02
   8460.0 8.004690e-02
   8480.0 8.157110e-02
   8500.0 8.252720e-02
   8520.0 8.357830e-02
   8540.0 8.462960e-02
   8560.0 8.568110e-02
   8580.0 8.635370e-02
   8600.0 8.645760e-02
   8620.0 8.656150e-02
   8640.0 8.676030e-02
   8660.0 8.695910e-02
   8680.0 8.668380e-02
   8700.0 8.592500e-02
   8720.0 8.517530e-02
   8740.0 8.433050e-02
   8760.0 8.358050e-02
   8780.0 8.245070e-02
   8800.0 8.103610e-02
   8820.0 7.952620e-02
   8840.0 7.801600e-02
   8860.0 7.650550e-02
   8880.0 7.499470e-02
   8900.0 7.328600e-02
   8920.0 6.938450e-02
   8940.0 6.559340e-02
   8960.0 6.181200e-02
   8980.0 5.830530e-02
   9000.0 5.770260e-02
   9020.0 5.706620e-02
   9040.0 5.639630e-02
   9060.0 5.568640e-02
   9080.0 5.438120e-02
   9100.0 5.325010e-02
   9120.0 5.203200e-02
   9140.0 5.090090e-02
   9160.0 4.968270e-02
   9180.0 4.863860e-02
   9200.0 4.759450e-02
   9220.0 4.655030e-02
   9240.0 4.550620e-02
   9260.0 4.446210e-02
   9280.0 4.013460e-02
   9300.0 3.596500e-02
   9320.0 3.195320e-02
   9340.0 2.809950e-02
   9360.0 2.643310e-02
   9380.0 2.685760e-02
   9400.0 2.728780e-02
   9420.0 2.766960e-02
   9440.0 2.609650e-02
   9460.0 2.456800e-02
   9480.0 2.469090e-02
   9500.0 2.471080e-02
   9520.0 2.395180e-02
   9540.0 2.313040e-02
   9560.0 2.334620e-02
   9580.0 2.356980e-02
   9600.0 2.394290e-02
   9620.0 2.425370e-02
   9640.0 2.456920e-02
   9660.0 2.481440e-02
   9680.0 2.498910e-02
   9700.0 2.500280e-02
   9720.0 2.362080e-02
   9740.0 2.227460e-02
   9760.0 2.167270e-02
   9780.0 2.112650e-02
   9800.0 2.064510e-02
   9820.0 2.004260e-02
   9840.0 1.941140e-02
   9860.0 1.875330e-02
   9880.0 1.779650e-02
   9900.0 1.683970e-02
   9920.0 1.588290e-02
   9940.0 1.492610e-02
   9960.0 1.406500e-02
   9980.0 1.320520e-02
  10000.0 1.263110e-02
  10020.0 1.196120e-02
  10040.0 1.138710e-02
  10060.0 1.081300e-02
  10080.0 1.014420e-02
  10100.0 9.474300e-03
  10120.0 8.900100e-03
  10140.0 8.230200e-03
  10160.0 7.656000e-03
  10180.0 7.082540e-03
  10200.0 6.699700e-03
  10220.0 6.221150e-03
  10240.0 5.838310e-03
  10260.0 5.359760e-03
  10280.0 4.976920e-03
  10300.0 4.498840e-03
  10320.0 4.020240e-03
  10340.0 3.637360e-03
  10360.0 3.158760e-03
  10380.0 2.871600e-03
  10400.0 2.776170e-03
  10420.0 2.584710e-03
  10440.0 2.488980e-03
  10460.0 2.297520e-03
  10480.0 2.106060e-03
  10500.0 2.010540e-03
  10520.0 1.819060e-03
  10540.0 1.723320e-03
  10560.0 1.531840e-03
  10580.0 1.436100e-03
  10600.0 1.340360e-03
  10620.0 1.244750e-03
  10640.0 1.149000e-03
  10660.0 1.149000e-03
  10680.0 1.053250e-03
  10700.0 9.575000e-04
  10720.0 8.618400e-04
  10740.0 7.660800e-04
  10760.0 6.703200e-04
  10780.0 6.703200e-04
  10800.0 6.703200e-04
  10820.0 5.746200e-04
  10840.0 5.746200e-04
  10860.0 5.746200e-04
  10880.0 4.788500e-04
  10900.0 4.788500e-04
  10920.0 4.788500e-04
  10940.0 3.831200e-04
  10960.0 3.831200e-04
  10980.0 3.831200e-04
  11000.0 2.873400e-04
  11020.0 2.873400e-04
  11040.0 1.915800e-04
  11060.0 1.915800e-04
  11080.0 1.915800e-04
  11100.0 9.579000e-05
  11120.0 9.579000e-05
  11140.0 9.580000e-05
  11141.0 0.000000e+00
