# SDSS r-band filter response (sdss2010, Doi et al. 2010, AJ 139, 1628)
# via speclite; includes atmosphere at airmass 1.3 at APO
# columns: wavelength_Angstrom  response(photon-counting)
   5379.0 0.000000e+00
   5380.0 1.711400e-04
   5400.0 1.542060e-03
   5420.0 4.285500e-03
   5440.0 9.004800e-03
   5460.0 1.930500e-02
   5480.0 3.880420e-02
   5500.0 6.450340e-02
   5520.0 1.009790e-01
   5540.0 1.410930e-01
   5560.0 1.821900e-01
   5580.0 2.209420e-01
   5600.0 2.565220e-01
   5620.0 2.901870e-01
   5640.0 3.210090e-01
   5660.0 3.486230e-01
   5680.0 3.733770e-01
   5700.0 3.912070e-01
   5720.0 4.031350e-01
   5740.0 4.126170e-01
   5760.0 4.209360e-01
   5780.0 4.281870e-01
   5800.0 4.344450e-01
   5820.0 4.394970e-01
   5840.0 4.446520e-01
   5860.0 4.493000e-01
   5880.0 4.523060e-01
   5900.0 4.553200e-01
   5920.0 4.583420e-01
   5940.0 4.613720e-01
   5960.0 4.643570e-01
   5980.0 4.671390e-01
   6000.0 4.692220e-01
   6020.0 4.717560e-01
   6040.0 4.742420e-01
   6060.0 4.767350e-01
   6080.0 4.788430e-01
   6100.0 4.793810e-01
   6120.0 4.795930e-01
   6140.0 4.797120e-01
   6160.0 4.798630e-01
   6180.0 4.808770e-01
   6200.0 4.841490e-01
   6220.0 4.870540e-01
   6240.0 4.900010e-01
   6260.0 4.929180e-01
   6280.0 4.953870e-01
   6300.0 4.967690e-01
   6320.0 4.979890e-01
   6340.0 4.991740e-01
   6360.0 5.003970e-01
   6380.0 5.012190e-01
   6400.0 5.009820e-01
   6420.0 5.007970e-01
   6440.0 5.005570e-01
   6460.0 5.002780e-01
   6480.0 5.002180e-01
   6500.0 5.008550e-01
   6520.0 5.010730e-01
   6540.0 5.010150e-01
   6560.0 5.001290e-01
   6580.0 4.992410e-01
   6600.0 4.967870e-01
   6620.0 4.905530e-01
   6640.0 4.783620e-01
   6660.0 4.603120e-01
   6680.0 4.320070e-01
   6700.0 3.903440e-01
   6720.0 3.401990e-01
   6740.0 2.798510e-01
   6760.0 2.165620e-01
   6780.0 1.593490e-01
   6800.0 1.120620e-01
   6820.0 7.788500e-02
   6840.0 5.019010e-02
   6860.0 3.257480e-02
   6880.0 2.342610e-02
   6900.0 1.753120e-02
   6920.0 1.152190e-02
   6940.0 8.733880e-03
   6960.0 6.950200e-03
   6980.0 5.014440e-03
   7000.0 3.347280e-03
   7020.0 1.767190e-03
   7040.0 2.791500e-04
   7041.0 0.000000e+00
