# SDSS g-band filter response (sdss2010, Doi et al. 2010, AJ 139, 1628)
# via speclite; includes atmosphere at airmass 1.3 at APO
# columns: wavelength_Angstrom  response(photon-counting)
   3619.0 0.000000e+00
   3620.0 1.132000e-04
   3640.0 8.592000e-04
   3660.0 1.564650e-03
   3680.0 2.227560e-03
   3700.0 2.075500e-03
   3720.0 1.913280e-03
   3740.0 1.868370e-03
   3760.0 2.248120e-03
   3780.0 2.940000e-03
   3800.0 4.136580e-03
   3820.0 7.165650e-03
   3840.0 1.383580e-02
   3860.0 2.240140e-02
   3880.0 3.246830e-02
   3900.0 4.781140e-02
   3920.0 6.357580e-02
   3940.0 8.085740e-02
   3960.0 9.911640e-02
   3980.0 1.186150e-01
   4000.0 1.420070e-01
   4020.0 1.652990e-01
   4040.0 1.813060e-01
   4060.0 1.944210e-01
   4080.0 2.077550e-01
   4100.0 2.212250e-01
   4120.0 2.345440e-01
   4140.0 2.446370e-01
   4160.0 2.533910e-01
   4180.0 2.615060e-01
   4200.0 2.672170e-01
   4220.0 2.727910e-01
   4240.0 2.783720e-01
   4260.0 2.840330e-01
   4280.0 2.897010e-01
   4300.0 2.954490e-01
   4320.0 3.010850e-01
   4340.0 3.058130e-01
   4360.0 3.103080e-01
   4380.0 3.147150e-01
   4400.0 3.191900e-01
   4420.0 3.236100e-01
   4440.0 3.281340e-01
   4460.0 3.326070e-01
   4480.0 3.368370e-01
   4500.0 3.401080e-01
   4520.0 3.431840e-01
   4540.0 3.462740e-01
   4560.0 3.494570e-01
   4580.0 3.525310e-01
   4600.0 3.556620e-01
   4620.0 3.585390e-01
   4640.0 3.611490e-01
   4660.0 3.635630e-01
   4680.0 3.660650e-01
   4700.0 3.684950e-01
   4720.0 3.706600e-01
   4740.0 3.728300e-01
   4760.0 3.750890e-01
   4780.0 3.772360e-01
   4800.0 3.789320e-01
   4820.0 3.807140e-01
   4840.0 3.825000e-01
   4860.0 3.843370e-01
   4880.0 3.861320e-01
   4900.0 3.879310e-01
   4920.0 3.894540e-01
   4940.0 3.908960e-01
   4960.0 3.924240e-01
   4980.0 3.939550e-01
   5000.0 3.954050e-01
   5020.0 3.967520e-01
   5040.0 3.981020e-01
   5060.0 3.994530e-01
   5080.0 4.007220e-01
   5100.0 4.017770e-01
   5120.0 4.017850e-01
   5140.0 4.012010e-01
   5160.0 3.997690e-01
   5180.0 3.978640e-01
   5200.0 3.955780e-01
   5220.0 3.920610e-01
   5240.0 3.829330e-01
   5260.0 3.675800e-01
   5280.0 3.399400e-01
   5300.0 2.920480e-01
   5320.0 2.360270e-01
   5340.0 1.718500e-01
   5360.0 1.194020e-01
   5380.0 7.692740e-02
   5400.0 5.011700e-02
   5420.0 3.411260e-02
   5440.0 2.306940e-02
   5460.0 1.621620e-02
   5480.0 1.167560e-02
   5500.0 8.245440e-03
   5520.0 5.843920e-03
   5540.0 4.384980e-03
   5560.0 3.182740e-03
   5580.0 2.065680e-03
   5600.0 1.119430e-03
   5620.0 1.723200e-04
   5621.0 0.000000e+00
